#Event Energy_i(MeV)    delta_i(%)       x_i(cm)       y_i(cm) theta_i(mrad)   phi_i(mrad)       x_f(cm)       y_f(cm) theta_f(mrad)   phi_f(mrad)
     0         40.79         35.97             0             0         2.208             0         27.34        0.4777         420.1         788.5
     1         28.33        -5.564             0             0        -58.33             0        0.5753        0.2471         52.21         797.4
     2         41.43         38.09             0             0         67.07             0         29.78      -0.07526         418.3         794.3
     3         24.17        -19.42             0             0         47.14             0        -20.09        0.5059        -340.1         783.2
     4         27.81        -7.287             0             0         60.28             0        -6.766        -1.035        -146.6         773.6
     5         39.98         33.26             0             0         18.22             0         25.61       -0.8832         407.6           775
     6         28.88        -3.745             0             0        -20.92             0        -1.253       -0.4683        -38.64         758.6
     7         39.97         33.24             0             0        -13.47             0         25.37      -0.02138         396.4         773.3
     8         40.33         34.44             0             0          25.7             0          26.3       -0.7252         393.3           782
     9          32.7         8.999             0             0         9.158             0         8.348        -0.206         149.8         765.5
    10         31.13         3.763             0             0         15.74             0         4.181       -0.4253         104.7         777.2
    11         28.72        -4.275             0             0        -45.77             0       -0.4268        0.2132          44.8         774.3
    12         28.51         -4.96             0             0         53.44             0        -4.664         2.298        -101.4           818
    13         35.65         18.85             0             0         23.64             0          15.5        -1.185         230.9         771.9
    14         32.49         8.315             0             0         -48.6             0         8.835        -2.249         179.5         776.3
    15         30.74         2.462             0             0        -23.35             0           4.5         1.303         89.45         773.7
    16         25.55        -14.82             0             0        -11.69             0        -10.38        0.2476        -138.8         794.9
    17         41.04         36.81             0             0        -6.209             0         27.45       -0.2891         420.6           763
    18         24.89        -17.04             0             0          71.9             0        -19.25         0.752        -348.5         800.2
    19         35.98         19.92             0             0        -5.188             0         16.74       -0.3017         280.3           783
    20         37.73         25.75             0             0        -41.88             0         20.25       -0.5764           351         776.2
    21         24.88        -17.07             0             0         -61.3             0        -9.807        0.6585        -91.72           799
    22         24.61        -17.96             0             0         74.21             0        -20.28         1.681        -374.7         805.8
    23         28.49        -5.023             0             0        -76.45             0       -0.2332       -0.7593         51.65         785.6
    24         24.82        -17.25             0             0         1.232             0        -14.13       -0.3067        -282.3         741.9
    25         25.72        -14.26             0             0         -43.2             0        -8.894       -0.3424        -165.5         780.8
    26         31.01         3.357             0             0        -72.22             0         6.417       -0.4917         162.7         795.9
    27         32.11         7.035             0             0        -67.18             0         8.068        -1.763         162.9         782.9
    28         30.62          2.07             0             0        -51.25             0         4.993       -0.2665           137         780.9
    29            33         9.985             0             0        -54.81             0         10.19       -0.4973         186.5           763
    30         27.14         -9.54             0             0        -58.34             0        -3.705         1.717        -1.767           794
    31          36.2         20.66             0             0        -9.306             0         16.68         -1.46         262.8         781.3
    32         26.59        -11.37             0             0        -76.72             0        -4.406      -0.06336        -7.903           780
    33         37.24         24.14             0             0        -20.27             0         19.67        0.9372         341.9         787.1
    34         40.36         34.52             0             0         34.67             0         26.55       -0.2814         382.4         768.4
    35         34.06         13.52             0             0         54.67             0         11.63        0.8047         194.9         786.7
    36         41.47         38.23             0             0        -77.93             0         27.28       0.04087         341.2         728.6
    37         29.37        -2.098             0             0        -67.02             0         1.975        0.4991         53.03           788
    38         32.71         9.039             0             0         50.13             0         10.47       -0.8137           209         758.1
    39         29.26        -2.456             0             0        -32.94             0        0.7333       -0.6713         53.16         768.2
    40         37.68         25.58             0             0        -45.41             0         20.48       -0.1775         371.8         779.9
    41          24.1        -19.68             0             0        -62.26             0        -12.57         0.643        -140.2           788
    42          28.7        -4.342             0             0         76.76             0        -5.596       -0.9272        -144.8         800.5
    43         25.71         -14.3             0             0         -32.9             0        -8.858       -0.4696        -124.8         764.6
    44         39.84          32.8             0             0        -56.36             0         24.71       -0.9876         447.7         771.2
    45          40.9         36.34             0             0        -2.168             0         27.76        0.3857         414.9         791.1
    46         36.66         22.21             0             0        -8.785             0         18.41         2.026         335.4         823.2
    47         37.04         23.46             0             0         36.83             0         19.37        0.6811         318.8         789.4
    48         30.61          2.04             0             0        -16.59             0         3.932        0.9084         61.64         770.7
    49         40.25         34.16             0             0          15.2             0         26.27       -0.3118         400.8         787.6
    50         33.54          11.8             0             0         34.58             0         10.47        0.9407         174.4         803.5
    51         40.47         34.88             0             0         19.99             0         26.65       -0.1045         407.5         781.6
    52         29.23        -2.572             0             0          56.1             0        -2.778        -0.386        -80.84           789
    53         34.03         13.44             0             0        -4.962             0         12.21         -0.62         178.9         770.6
    54         24.63        -17.89             0             0         69.87             0        -20.84       -0.8716        -392.4         772.8
    55         25.97        -13.43             0             0         73.79             0        -15.57       -0.5681        -337.8         785.5
    56         33.78         12.62             0             0         57.51             0         10.34        0.2568         150.8         795.3
    57         30.48         1.595             0             0        -23.88             0         3.236         1.163         62.36         785.7
    58         36.33         21.11             0             0         -14.7             0         18.01        0.6157         299.1         781.1
    59         27.65         -7.84             0             0         34.19             0          -6.3        -1.355        -138.1         748.6
    60          26.7        -10.99             0             0        -26.28             0        -6.512       -0.5731         -92.4         767.3
    61         36.97         23.23             0             0         5.725             0         18.96         0.617         314.7         782.6
    62         32.92         9.731             0             0        -78.56             0         11.65        0.7856         269.2         802.3
    63         41.44         38.15             0             0         -57.5             0         28.23        0.5708         467.5         789.9
    64         30.47         1.569             0             0         11.33             0         1.313        0.3836         20.93         790.4
    65         41.19         37.32             0             0          35.6             0         28.54      -0.01108         415.8         774.6
    66         24.05        -19.84             0             0         53.06             0        -20.73       -0.3517        -364.3         780.7
    67         41.88         39.59             0             0        -78.37             0         28.52       -0.1818         479.2         792.5
    68         40.96         36.54             0             0        -66.63             0            27       -0.7311         476.6         778.3
    69         40.79         35.96             0             0          35.2             0         27.94         1.069           423         799.6
    70         40.57         35.23             0             0         10.67             0         26.33         1.749           421         810.2
    71         37.71         25.69             0             0        -23.96             0         20.22         1.206           313         780.4
    72         33.06         10.21             0             0         5.153             0         9.363        0.4892         138.6         792.5
    73         28.03        -6.559             0             0          57.1             0        -6.438       -0.4193        -113.3         776.5
    74         38.74         29.14             0             0         44.52             0         21.89       0.09122        -54.92         840.9
    75          34.6         15.32             0             0         9.192             0         13.17        0.6829         199.7         789.4
    76         28.09        -6.358             0             0        -5.576             0         -3.66       -0.2556         -62.8         787.1
    77         41.81         39.37             0             0         44.81             0         29.97       -0.4496         445.6         791.7
    78          27.3        -8.998             0             0         77.67             0        -10.12        0.1646        -222.5         792.8
    79         37.77         25.92             0             0         65.78             0         20.47        -1.097         280.7         752.8
    80         32.12         7.077             0             0        -24.03             0          7.65        -0.303         142.8         794.4
    81         28.56        -4.804             0             0         -17.2             0        -1.416        0.5073         9.056           796
    82         26.91         -10.3             0             0         43.61             0        -9.579        0.3163        -157.4         778.6
    83         37.24         24.14             0             0         78.75             0         19.14       -0.1332         239.4         783.6
    84         37.66         25.53             0             0        -27.52             0         20.33       -0.4093         335.3         783.9
    85         33.94         13.14             0             0         -8.27             0         11.71         1.118           176         798.4
    86         27.05        -9.844             0             0        -62.52             0        -9.925        -9.739        -138.5           707
    87         24.96         -16.8             0             0        -49.29             0        -10.33         1.998        -137.6           808
    88         41.18         37.28             0             0        -29.07             0         27.69        -0.102         458.1         785.4
    89          24.8        -17.35             0             0           -53             0        -9.932        -2.239        -147.9         751.3
    90         37.31         24.38             0             0         1.684             0         19.22        -1.149         311.7         766.1
    91         41.24         37.47             0             0         -16.6             0         27.98       0.01666         438.9           786
    92         37.59          25.3             0             0        -78.08             0         20.19         -1.39         379.7         781.9
    93         28.89        -3.706             0             0         34.12             0        -2.956        0.6322        -53.28         781.3
    94         29.07        -3.114             0             0         -47.7             0        0.7262       -0.3753        -13.89         758.2
    95         35.17         17.25             0             0         20.36             0         14.73         1.046         215.5         801.9
    96         24.62        -17.93             0             0        -74.74             0        -10.31         1.324        -132.1         783.4
    97         41.16         37.22             0             0        -66.33             0         27.24       -0.1854         458.9         784.4
    98         24.56        -18.14             0             0         5.039             0        -15.23         1.636        -277.4         790.3
    99         29.01        -3.314             0             0        -25.44             0      -0.04207        0.2596         41.34         804.2
   100         33.54         11.81             0             0         36.26             0         9.855        0.1964         134.7         792.5
   101            28        -6.653             0             0        -41.37             0        -2.732       -0.8355        -33.75         791.5
   102         38.74         29.12             0             0         53.71             0         22.41        0.1692           328         783.1
   103         25.64        -14.54             0             0         52.01             0        -13.97        0.3996          -281         798.3
   104         36.13         20.44             0             0         21.01             0         17.03          1.83         260.4         797.9
   105         38.16         27.21             0             0        -5.429             0         21.27          0.17         355.9         788.3
   106         33.39          11.3             0             0        -62.11             0         11.08        -4.311         214.6         742.4
   107         32.54         8.463             0             0         -20.9             0         8.639        0.5457         133.1         787.9
   108         41.55         38.51             0             0         35.93             0         29.58        0.2544         417.7         785.5
   109         33.44         11.46             0             0         23.64             0         10.23         0.923         155.7         806.7
   110         36.45         21.52             0             0        -31.89             0         17.74       -0.4761         299.2         785.3
   111         41.34          37.8             0             0        -34.36             0          28.2         1.566         455.1         793.3
   112         36.42         21.39             0             0          79.4             0         17.54       0.01668         221.5         766.3
   113         38.92         29.73             0             0        -2.343             0         23.33        0.6244         360.8         785.7
   114         41.94         39.79             0             0            72             0         31.18         0.753         443.2         787.8
   115         34.02         13.39             0             0         39.15             0            11       0.08109         137.5         788.1
   116         33.41         11.35             0             0          38.2             0         9.691         1.048         129.3         785.5
   117         25.17         -16.1             0             0         57.75             0        -16.44       -0.1776        -332.3         786.6
   118         40.69         35.62             0             0         20.61             0         27.04       -0.6829           397         767.1
   119         27.28        -9.083             0             0        -12.61             0        -6.483         2.856        -113.2         828.6
   120          36.1         20.34             0             0         30.98             0         16.48        0.2985           244         782.6
   121         33.42         11.39             0             0         61.74             0          9.63       0.09947         116.9         792.9
   122         27.48        -8.416             0             0         8.554             0        -6.285        0.5831          -125           815
   123         35.24         17.46             0             0         34.77             0         14.54       -0.1266         225.3         792.8
   124         39.34         31.13             0             0        -27.57             0         23.94        -0.762         382.3           791
   125         33.44         11.46             0             0         72.26             0         9.224       -0.2476         114.7           792
   126         38.92         29.72             0             0         43.69             0          23.7        0.6351         335.7         780.1
   127         33.48          11.6             0             0        -47.72             0         11.78        0.1155         221.7           804
   128         39.83         32.78             0             0         25.01             0          25.3       -0.2352         385.9         789.7
   129         32.99         9.951             0             0         19.53             0         7.841        0.7332         121.6         794.1
   130         31.47         4.889             0             0        -35.45             0         6.493         -1.04         134.7         763.2
   131         37.64         25.46             0             0         3.748             0          20.2       -0.9638         321.3         785.9
   132         25.66        -14.48             0             0         78.62             0         -16.1       -0.9961        -380.3           749
   133         40.05         33.51             0             0        -28.07             0         25.42          0.14         412.5         790.1
   134         31.57         5.233             0             0         32.56             0         5.237         1.128         87.25         793.9
   135         34.19         13.98             0             0        -18.29             0         12.57        -2.243           189         759.5
   136         38.85         29.48             0             0        -59.97             0            23        0.2515         431.2           794
   137         36.64         22.14             0             0          64.8             0          18.1        0.7556         279.9         793.9
   138         41.26         37.52             0             0        -44.24             0         27.51       -0.5825         474.2         746.6
   139         36.05         20.17             0             0         63.36             0         16.59       -0.3424         213.2         776.6
   140         38.61         28.71             0             0         48.31             0         22.79       -0.4601         332.5         771.5
   141         29.22        -2.596             0             0        -33.78             0         0.655       -0.5357         14.67         773.4
   142         41.47         38.22             0             0        -14.02             0         28.57      -0.02545         434.6         789.6
   143         34.51         15.02             0             0          28.7             0         12.54        0.2585         175.7         793.8
   144         25.41         -15.3             0             0        -49.52             0        -8.486         1.386        -91.07         801.2
   145         30.95         3.176             0             0         48.67             0         2.889         1.096         9.659         790.1
   146         24.29        -19.02             0             0        -13.13             0        -14.62        0.8998        -233.5         797.8
   147         24.85        -17.18             0             0         51.82             0        -18.04        0.7994        -330.9         776.1
   148          24.3           -19             0             0        -17.49             0        -13.97        0.1665        -219.8         783.8
   149         40.37         34.56             0             0        -54.21             0         25.76      -0.01682         435.9         786.8
   150         39.59         31.97             0             0        -8.338             0         24.99        0.8272         377.7         777.2
   151         25.86        -13.79             0             0          71.7             0        -14.84         1.294        -297.2         806.8
   152         37.96         26.52             0             0        -52.17             0         21.35        0.1804         375.7         792.8
   153         33.23         10.77             0             0         60.77             0         9.111        0.7398         116.1         786.5
   154         28.38        -5.406             0             0       -0.9802             0        -3.435       -0.5327        -51.78           769
   155         36.83         22.76             0             0         37.33             0         18.43       -0.2867         271.9         774.6
   156          35.8         19.33             0             0         75.23             0         15.97        -0.278         216.2         792.2
   157         33.07         10.24             0             0          49.7             0         8.509        0.5681         100.7         799.6
   158         26.04        -13.21             0             0        -14.04             0        -8.711        -1.028        -133.4         758.9
   159         34.35          14.5             0             0         35.96             0         12.86       0.08708         87.16         847.2
   160         40.73         35.76             0             0         3.223             0         27.66        0.7637         432.1         784.9
   161         30.14        0.4643             0             0        -11.19             0         2.492       -0.8018         9.578         856.1
   162         29.32        -2.281             0             0         65.69             0         -2.18        -2.373        -84.49         788.5
   163         39.88         32.93             0             0        -28.65             0         25.44        0.2374         427.8         802.3
   164         29.62        -1.278             0             0        -66.39             0         2.196         2.505           123         774.6
   165         30.15        0.5154             0             0        -8.777             0         1.689        0.6789         51.54         793.8
   166         27.83        -7.228             0             0        -5.135             0        -4.157        0.9024        -69.68         770.2
   167         40.77         35.89             0             0        -52.02             0         26.47        -1.093         441.3         771.1
   168         38.23         27.43             0             0        -22.65             0         21.68        0.2616         378.4         797.6
   169         29.69         -1.03             0             0        0.5307             0        0.6078        -1.209         13.63         782.2
   170         38.78         29.27             0             0          25.2             0         23.05        0.2062         355.5         791.5
   171         27.21        -9.311             0             0         6.134             0        -6.943       -0.3892        -187.5           776
   172         31.63         5.424             0             0        -42.71             0         7.579          2.22         203.4         814.9
   173         33.05         10.16             0             0        -63.11             0         10.37        -1.167         183.4         792.5
   174         40.96         36.55             0             0         76.46             0         28.95        0.2699         402.2           793
   175         40.75         35.85             0             0        -44.28             0         25.73        -1.367         489.1         816.2
   176         30.22         0.735             0             0        -41.76             0         3.246         1.626         85.11         806.2
   177         37.91         26.38             0             0        -27.87             0         20.91      -0.09553         346.4           779
   178         25.35        -15.49             0             0         22.98             0        -12.58        0.4751        -194.1         819.6
   179         39.54          31.8             0             0        -1.531             0         24.32        -1.271         384.9         788.6
   180         36.85         22.85             0             0         40.22             0          18.6       -0.5061           273         783.1
   181          28.4        -5.323             0             0         2.729             0        -2.941        0.4126        -41.89         789.6
   182         37.82         26.06             0             0        -28.46             0         20.73       -0.2483         354.2         794.1
   183         36.72         22.39             0             0        -61.48             0         18.59         1.016         348.4           811
   184         32.64         8.787             0             0         50.75             0         7.634         0.448         92.59         781.8
   185         25.39        -15.37             0             0         74.45             0        -16.74        0.3649        -333.9         781.7
   186         34.51         15.04             0             0         40.57             0         12.58      -0.02567         172.7         776.5
   187         24.51        -18.29             0             0         61.98             0        -18.57       -0.6764        -324.8         771.3
   188         35.87         19.56             0             0        -1.114             0         16.19       0.01595           244         776.5
   189         29.03        -3.223             0             0         9.624             0         -1.68       -0.1175        -34.09         768.3
   190         29.36        -2.119             0             0        -20.75             0        0.7186         3.064          26.3         798.8
   191         41.67         38.89             0             0        -58.32             0         28.64         1.111         470.2         799.4
   192            28        -6.683             0             0        -17.53             0        -2.989         2.307        -26.76         804.4
   193         29.55        -1.512             0             0        -28.04             0           1.4       -0.1017         68.62         788.5
   194         29.94       -0.1924             0             0         28.56             0         0.298         1.502        -3.975         772.6
   195         29.27        -2.434             0             0        -9.642             0       0.01183        -0.691        0.3809         783.6
   196         30.93         3.116             0             0        -57.01             0         5.953         2.588         168.7         819.9
   197         39.32         31.08             0             0         4.088             0         24.05       -0.4082         385.5         778.5
   198         29.15        -2.847             0             0        -39.44             0        0.8147         2.326         23.44         778.5
   199         37.82         26.06             0             0         44.14             0         20.79       -0.4542         304.5         791.6
