#Event Energy_i(MeV)    delta_i(%)       x_i(cm)       y_i(cm) theta_i(mrad)   phi_i(mrad)       x_f(cm)       y_f(cm) theta_f(mrad)   phi_f(mrad)
     0         27.83        -7.221       0.01794        0.5626        -47.75        -15.02        -2.411       -0.8901         17.35         784.9
     2         26.76         -10.8       0.05776      -0.04068         10.84         17.39        -8.461         4.171        -130.6         795.3
     3         40.78         35.93        0.4114        0.3616        -23.12         -9.82         25.86        -2.443         409.9         759.8
     4         34.15         13.85       -0.5363        0.2119         85.89            25         12.36         4.368         143.1         791.2
     5         34.22         14.06       -0.3833        0.4278        -106.1        -25.97          14.4        -5.419         327.3         705.6
     6         38.08         26.94       0.05065       -0.4128         148.7         5.201         22.34        0.2924         247.4         787.2
     7          28.1        -6.338       -0.3532      -0.02926        -14.89        -4.479        -2.723         -1.45        -22.94         791.2
     8         39.39         31.31       -0.4475        0.3081        -114.8        -25.27         24.74        -1.884         469.7           779
     9          31.2         3.992       -0.3243        0.1322        -155.1         18.29         11.77         7.768         304.4         869.5
    10         34.62         15.41         0.333      -0.08016        -158.9        -4.942         14.69        -2.106         350.1         770.7
    11         39.93         33.11      -0.03458       -0.4794         20.76         3.407         25.83       -0.1649         370.3         775.4
    12         37.54         25.12       -0.1393      -0.06689        -138.9         -33.7         18.88        -8.963         396.4         707.4
    13         39.19         30.64        0.3435       0.09831         66.81        -22.18         23.24        -3.074         326.8         753.1
    14         37.25         24.17        0.1738      -0.05045         151.9         38.76         19.71          3.45         214.7         797.5
    15         37.34         24.46       -0.1686       -0.4122        -10.24        -27.35         18.59        -5.775         293.6         764.4
    16         30.73         2.434        0.6026      -0.08173        -168.3        0.7101         7.824         1.323         235.9         816.4
    17         28.78        -4.073       -0.1975        0.2862         108.5         -2.38        -5.403       -0.0883        -149.7           764
    18         27.09        -9.691        0.1227       -0.3199          -166         33.12          2.26           8.9         220.1         844.8
    19         37.04         23.47       -0.2383        -0.339         -22.8        -27.41         17.61        -7.663         302.1         736.5
    20         32.19         7.305       -0.2845        -0.445         91.82        -3.875          6.03        -1.832         36.05         759.5
    21         36.93          23.1        0.3158       -0.4828        -71.84         11.68         18.71         1.512         348.5         801.5
    22         33.98         13.26        0.4209       -0.3529         43.65        -11.42         10.06        -2.276         145.1         768.8
    23         31.34         4.483        -0.217       -0.1411         23.13          7.68         4.619       -0.1473         62.64         794.8
    24         35.65         18.84       -0.4053       -0.2616        -141.6        -8.401         18.09        -2.239         391.6         762.6
    25         40.05          33.5       -0.2549       -0.1505        -74.29          24.4         27.04          6.97         448.3         826.4
    26            32         6.676        0.6283       0.04181         15.89          3.22         4.918         2.815         70.18         819.4
    27         41.37         37.91       -0.3896        0.3307           112         22.97         31.79         3.981         419.9         809.8
    28         30.04        0.1431       -0.4915       -0.2205         92.62        -15.65        0.1149        -2.797         -65.2         785.7
    29         41.92         39.73         0.413       0.06553        -6.271         17.02         29.58         3.647         428.9         791.1
    30         33.53         11.77       -0.2033       -0.5737         86.71        -4.773         9.742        -1.342         92.94         786.3
    31         29.74       -0.8821      -0.06771       0.03775          78.4        -10.67        -1.972        -1.847        -84.81         783.8
    32         40.25         34.16       -0.2685       0.09219        -48.56        -6.406         25.76        -1.915         440.2         769.7
    33         31.92         6.394       0.07489       -0.1346         128.3        -26.35         3.843        -2.468        -12.25         784.5
    34         34.45         14.82       -0.5816      -0.05295        -101.3         33.21         17.43         11.19         368.6         858.6
    35         39.68         32.27      -0.06569         0.624        -76.13         33.59         25.03         5.066         437.6         799.5
    37         33.17         10.56         0.102         0.357        -109.9        -3.474         11.43        -1.853         261.7           827
    38          26.5        -11.67        0.4275       0.09857        -142.4         6.905        -1.889         1.464         25.88         783.6
    39            26        -13.34        0.3489       -0.2714         10.54         8.467        -11.92        0.3874        -201.3         777.3
    40         33.34         11.15        0.1237       -0.3182         27.36         11.41         9.863         2.179         146.7         812.9
    41         32.54         8.468        0.1948        0.4569        -9.577         18.85         7.948          5.86         149.8           822
    42         34.34         14.47       -0.2299       -0.5733        -72.61        -29.27          12.3        -8.965         269.3         721.8
    43         28.35        -5.488       -0.4363       0.03869        -150.3        -1.234         5.035        0.8065         159.4         781.4
    44         26.53        -11.56        0.0626        0.1233          51.1        -28.61        -11.43        -3.866        -228.5         775.3
    45         29.91       -0.2881        0.4359       -0.1601         108.1        -17.74        -3.777        -2.359        -181.7         768.3
    46         40.63         35.43      -0.06263       -0.2271           124         9.705         29.72         1.452         397.6         811.7
    47         40.71         35.71      -0.09449       -0.2286         21.67          32.2         28.53         6.193         437.6         838.8
    48          33.3         11.01      -0.08094       -0.0652         82.02         19.75         8.573          3.61         90.75         792.4
    49         24.76        -17.48        0.4898        0.1097        -67.62        -15.97        -11.51        -8.134          -167         750.4
    50         24.57         -18.1        0.3827     -0.008428         122.5         34.28        -26.92         3.344        -465.6         790.2
    51         38.64          28.8      -0.03792        0.1741         159.9         25.42         24.84         2.937         278.7           797
    52         26.58        -11.39        0.1367        0.3361        -41.08         18.35        -8.463         8.436        -33.26         786.3
    53         32.75         9.166       -0.2777        0.1761         156.9         6.714         6.746          1.58         23.26         794.1
    54         30.79         2.625       -0.5337       -0.3635         32.61         6.996         3.128       -0.8135         50.47         778.9
    55         32.72         9.074        0.2599       0.09752        -162.6         20.89         13.11          7.56         304.1         854.7
    56         34.43         14.76        0.0577         0.159         163.7        -38.09         11.04        -2.945         85.38           782
    57         40.76         35.85        0.2367       -0.5634        -117.6         13.04         26.09        0.7987         478.9         795.1
    58         36.13         20.42        0.3418       -0.5373        -121.2          38.7         18.46         7.797         398.8         844.3
    59         31.43         4.763        0.3826      0.004347         67.22         18.91         2.516         4.298         19.01         778.4
    60          29.6        -1.323       -0.2656        0.1795        -104.6        -37.58         4.115        -7.845         151.2           706
    61            29        -3.335        0.2932       -0.4647         131.7        -10.61        -6.719       -0.2358          -181         765.8
    62         33.62         12.08        0.4255       -0.3572        -14.27        -15.72         9.528        -3.214         179.1           768
    63         41.19         37.29       0.08818       -0.3762        -164.4         26.19          29.4         7.268         536.2         855.1
    64         28.92         -3.61      -0.08569        -0.644         34.03        -25.62        -2.903        -3.242        -100.2         773.2
    66         36.33         21.09         0.501        0.2228         114.1        -26.81         15.84        -2.809         184.8         780.8
    67         29.53        -1.565        0.3499       -0.3623        -92.62        -7.908         1.773        -6.302         63.53         738.9
    68         28.48        -5.054       -0.1799      -0.07858         47.21         -28.7        -5.051        -5.732        -94.81         747.1
    69         32.84         9.464        0.4929      -0.09722         107.7         7.736          5.89         1.602         28.29         793.3
    70         26.85        -10.51        0.3039        -0.192         121.3        -22.08        -14.84        -2.454        -308.6         753.3
    71         27.73        -7.583       0.04009       -0.4116         116.9        -18.32        -10.47        -2.215        -269.7         779.5
    72          36.3         20.99       -0.2497       0.06978         2.553        -17.36         17.42        -2.649         255.4         757.1
    73         24.56        -18.14        0.3116      -0.09896         162.3         31.67        -29.41         2.319        -539.3         775.6
    74         40.59         35.29        0.0989     -0.002178         8.226         31.86         27.68         6.559         420.3         836.2
    75         32.45         8.178        0.3735      -0.08912         157.8         8.517         3.989        0.5754        -61.17         785.1
    76         29.88       -0.3841      -0.04116        0.1587        -52.29         4.027         3.467          1.22           120         806.4
    77         33.08         10.27       -0.3262        0.4136         158.3        -24.03         7.521        -1.991         9.264         777.6
    78         37.93         26.43      -0.09692        0.5943         128.8        -22.02         21.42        -2.605         257.7         758.2
    79         38.25         27.51       -0.4503        0.3604        -68.67        -3.261         23.24         1.872         442.6         793.5
    80          25.2        -16.01        0.1716        0.5117         15.32         7.199        -15.38         3.466        -283.6         814.8
    81         32.66         8.862        0.2031        0.4607        -82.27        -8.117         9.823       -0.9676         234.4         789.4
    82         40.11          33.7       -0.1207        0.4681          34.9        -12.89         25.98        -2.491           383         759.8
    83         39.45         31.51        0.1075        0.3527        -16.87        -23.32         23.13        -3.955         376.9         761.5
    84         33.82         12.73       -0.1863        0.3504         146.7         23.64         9.836         3.332         50.25         806.1
    85         29.22        -2.597       -0.2368        0.2302         -46.7          30.1        0.9893           3.2         57.16         825.8
    86         39.36         31.19       -0.0565       -0.4544        -111.5        -4.884         22.92        -3.843         422.4         756.3
    87         33.95         13.18       -0.6368       0.08987         62.98        -39.52         11.08        -7.191         164.7         742.8
    88         40.25         34.15      -0.09182       -0.5397        -155.5        -31.22         22.48        -10.02           456         705.5
    89          32.4         8.002        0.4437        0.1141          38.7         13.54         5.799         2.437         62.02         807.5
    90         38.56         28.55       -0.4498       -0.1325        -24.11        -9.777         22.61        -3.211         392.4           768
    91         33.33         11.09        0.3227       -0.4532        -161.3         30.14         13.75         6.325         317.9           844
    92         36.91         23.03      -0.05689       -0.6103        -13.28        -4.801         18.35        -2.232         318.3           772
    93         37.93         26.44        0.1998       -0.2772       -0.9883        -35.63         18.79        -7.028         303.6         752.7
    94          30.6         1.992        0.3818        0.4653        -88.72         13.72         4.807         7.671         143.1         821.8
    95         37.02         23.41        0.2622        0.3347         59.82         14.86         18.72         3.538         261.9         790.6
    96         32.72         9.056       -0.1053        0.5361           141         32.68         6.185         3.689         31.24         803.1
    97         37.47          24.9        0.5791        0.0326        -80.31        -23.98         17.78        -5.172         366.4         764.8
    98         31.63         5.434        0.1708        0.2158        -51.04        -29.34         5.954        -4.421         127.3         741.8
    99         34.87         16.24       -0.3614       -0.4221          93.3         6.557         13.96        0.4245         180.8           793
   100         25.88        -13.74      -0.08642       -0.6341        -74.06         29.34        -6.243         5.257        -58.02           833
   101          29.3         -2.35        0.3083       -0.1375        -44.93        -27.71        0.4831        -4.615         83.42         790.6
   102          37.7         25.66       -0.4878      -0.01315         34.96        -8.668         21.41        -1.992         356.2         779.9
   103         27.95        -6.842       -0.5423       -0.1083        -111.7        -27.24         1.716        -7.862         112.6         719.9
   104         25.22        -15.92        0.0612       0.03635         115.3        -13.18        -21.08        -2.795        -412.1         760.5
   105         35.29         17.62        0.1351       -0.4059         74.94         1.511         14.09       -0.3698         172.9         792.4
   106         28.08        -6.395        0.2115        0.2009         6.794         32.66        -5.452         6.771        -97.64         821.6
   107         39.87         32.91        -0.153       0.02926         125.8         2.308         27.65        0.6262         347.9         779.7
   108         36.53         21.76        0.2764        0.2611         155.4         30.36         17.94         3.273         188.5         796.8
   109         40.47         34.89       -0.1239        0.4692        -87.06        -7.413         26.04        -1.137         476.7         774.3
   110         25.37        -15.42       -0.5511      -0.04697         3.392        -1.023        -10.92       -0.1247          -185         665.6
   111         31.31         4.375       -0.2945        0.2447        -2.077        -32.38         5.395        -5.106         94.94         743.1
   112         28.29          -5.7       -0.5829       0.02814         38.76         1.155        -3.381       -0.3066        -88.54         792.8
   113         27.58        -8.058        0.4222          0.47         1.002        -39.42        -6.623        -5.244        -112.8         752.4
   114         27.68        -7.725       -0.3173        0.5244        -1.483        -26.62        -3.558        -3.277        -17.86         763.6
   115         38.29         27.64       -0.5784        -0.259         161.8         20.39         24.43         2.023         309.7         794.3
   116         32.62         8.718       -0.1839       -0.3405         81.97        -20.77         6.908        -3.924         77.71         762.7
   117         24.14        -19.54       -0.3299        0.3644         89.55         20.41         -22.1         3.707        -378.2         797.8
   118         29.32        -2.257        0.4326        -0.141         94.23        -20.08        -5.458         -5.67        -181.2         765.2
   119         38.65         28.82       -0.1487       -0.2872        -158.4        -7.399         23.49       -0.9092         476.5         781.8
   120         40.39         34.64        0.1414      -0.02067         89.97        -4.651         27.21       -0.2939         364.4         782.1
   121         40.49         34.97       -0.3517        0.2218         -64.6         -5.14         26.55       -0.8496         449.8         766.3
   122         39.37         31.22      0.001415       -0.2545        -148.4         26.47         25.71         6.625         482.4           838
   123          27.8        -7.317       -0.5093       0.06354         88.57        -19.43        -7.324        -2.844        -188.4         766.8
   124         38.78         29.27       -0.5842       -0.1112        -70.79       -0.8574         24.45        0.4613         426.4         783.5
   125          26.5        -11.66       -0.2585        0.2971         7.635        -2.455         -8.21        0.8479          -134         774.5
   126         41.46          38.2       -0.3146        0.3121         22.99         4.052         30.11         1.928         458.1         796.8
   127         36.15          20.5       0.07214        0.4937         152.1          30.6         16.31         3.321           158         771.8
   128         41.62         38.73       0.08152        0.2171         32.32        -14.28         28.98        -2.288         439.2         770.2
   129         24.65        -17.84      -0.06711        0.1881        -32.45         18.51        -13.03         5.084        -175.7         825.1
   130         41.05         36.84       -0.1942       -0.3464         82.11         14.58         29.43          1.53         375.4         780.6
   131         26.02        -13.25        0.1427       -0.3868        -31.52        -31.46        -8.054        -7.936        -100.1         741.9
   132         41.25         37.48       -0.5375       -0.2335         73.24        -23.96         29.67        -3.522         447.3         781.7
   133         27.59        -8.038      0.001629        0.5307        -83.12         6.913        -1.569         5.656         39.44         808.9
   134         41.65         38.84        0.5267       -0.1926         128.5         15.52         31.26         1.368         393.5         799.3
   135         29.67        -1.097        0.5256         0.375         116.7         29.99        -5.514         2.962        -186.1         800.3
   136         39.76         32.54       -0.4468     -0.008816         36.44        -2.001         26.02        -1.195         381.4         775.2
   137         35.34         17.81       0.07085       -0.2004        -108.8         5.722         16.28         1.113         338.3         791.9
   138         33.13         10.44       -0.2369        0.5802         158.5        -7.652           7.4         -1.88        -13.34         767.4
   139         39.24          30.8       -0.1422        0.3717        -3.195         29.41          24.9         6.064         384.7         823.9
   140         35.26         17.54       -0.4402       -0.3132         115.6         16.52         14.76         1.694         179.3         798.9
   141         34.82         16.07        -0.263       -0.1611          67.8         -13.5         13.47       -0.9254         449.8         739.4
   142         31.08         3.597        0.1569        0.1821        -68.19         2.237         6.101         1.807         142.9         801.2
   143          31.1         3.667        0.4252        0.4294         60.84        -33.06          1.44         -5.26        -16.77           751
   144         30.15         0.496       -0.1271       -0.4605         99.24         19.66        -1.189         2.835        -96.55         792.4
   145         39.49         31.64       0.06278        0.5626           118         33.44         26.17         4.653         321.7         791.2
   146         24.23        -19.23       -0.3956        0.4749        -116.2         14.98        -7.591         10.68        -49.88         820.2
   147         36.33         21.09       -0.4445        0.1149         70.58         16.83         18.28         3.227         247.2           803
   148         26.04         -13.2      0.001919        0.5954        -10.03         20.63        -10.78         7.701        -185.5           828
   149         39.31         31.03         0.397       -0.4475         100.2         28.12         24.85         3.646           312         804.9
   150         32.18         7.253       -0.2247        0.4141         4.748         3.946         7.087         3.105         108.9           808
   151         35.14         17.13        0.1679       -0.2206         -7.32         28.48          14.5         3.039         254.2         816.5
   152         31.92         6.383        0.5122        0.3483        -76.65         2.657         7.375         2.015         166.9         799.3
   153         36.31         21.03        0.3714       -0.3514        -105.2        -36.43         14.45         -9.29         303.8         708.4
   154          35.2         17.32       -0.5539      -0.04748         63.85         21.28         15.62         3.953         220.5         804.1
   155         32.73         9.114      -0.01432         0.599        -74.33        -13.34         9.682       -0.8795         218.1         776.7
   156         31.46          4.87        0.1124        0.6322         115.4         -31.5         2.167        -3.805        -54.95         764.4
   157         25.05        -16.49         0.385       -0.2755        -46.71         31.82        -12.01         4.667        -132.4         820.4
   158         24.81         -17.3        0.3503        0.2053        -84.78        -14.63        -9.248         -2.29        -95.34         772.5
   159         34.07         13.57      -0.02547        0.5315         150.3         31.07         10.12         2.825         56.63         803.5
   160         36.07         20.22       -0.3748        0.3158        -80.29         7.869         19.02         4.859         366.8         815.4
   161         41.58          38.6        0.1101         -0.22        -143.8         6.388         27.78       -0.3294         552.1         806.7
   162         38.17         27.23        0.2067        0.1753        -61.23        -7.331         20.88        -2.083         374.8         758.8
   163         25.15        -16.17        0.3425        0.4885         140.9        -11.56        -24.38        -2.428        -419.6           776
   164         29.09        -3.034       -0.1306       -0.1884        -166.9        -31.97         4.645        -11.38         220.4         674.5
   165         30.74         2.452        0.3925         0.164         68.18        -7.905        0.3658        -1.881        -65.28         776.7
   166         30.42         1.385      -0.08106      -0.04344         141.5         6.884        -1.501       0.08296        -97.83         757.7
   167            29        -3.319        0.4218        0.3302         1.128        -14.71        -2.619        -2.845        -46.12         761.6
   168         25.67        -14.43        0.4174       -0.1833        -108.6         29.11        -6.371         8.685        -31.23         852.2
   169         25.98        -13.39        0.1602       -0.0194        -115.3         32.02        -4.515         11.16         12.18           877
   170         40.42         34.72       -0.3595       -0.1343         63.95         32.81         28.87         5.105           400         816.7
   171         24.53        -18.23        0.1765       -0.3724         42.83         27.66        -18.85         5.051          -308         842.9
   172         28.39        -5.379       -0.1576       -0.3832        -47.03         2.176       -0.3044       -0.6171         65.67         784.4
   173         41.29         37.63       0.03431        0.1993        -11.67         -24.2         26.85        -3.992         409.6         760.9
   174         26.38        -12.07        0.5523       -0.2905        -139.3         15.24        -3.099         4.112         6.294         811.6
   175         25.91        -13.63       -0.1918        0.3748        -130.9         16.77        -1.649         9.477         84.84         848.9
   176         29.53        -1.582       0.06264        0.1075         161.5        -11.87        -6.023       -0.7213        -198.6           786
   177         25.99        -13.38        0.1665       -0.5867        -9.924         17.76         -10.8         1.968        -203.4         818.3
   178          27.5        -8.346      -0.03924       -0.3991        -17.51        -29.16        -4.885        -5.628        -82.96         694.9
   179          32.6         8.656       -0.3219       -0.2676         102.5         6.683         7.406        0.3851         64.19         783.5
   180         33.14         10.46        0.6468      -0.01691        -39.24        0.3829         8.783        0.1738         170.7         795.2
   181         27.17        -9.439       -0.2055       0.05608        -49.51         4.577        -3.371        0.3738        -26.25         785.2
   182         37.13         23.77        0.1035        0.5709        -14.57         4.958         18.47         2.738         324.2         819.7
   183         37.75         25.84       -0.1829        0.2689         147.5         3.389         22.32         1.009         282.9         792.6
   184          28.3        -5.681       -0.2901        0.4638        -132.8        -24.18         3.148         -4.19         168.2         749.6
   185         39.92         33.07      -0.08677        0.4051         163.7         -15.5         28.44        -1.061         350.5         783.6
   186         33.74         12.46        0.1879       -0.3165        -2.617        0.9965         10.45        -1.077         159.3         783.5
   187         34.83         16.08        0.4128       -0.3805         93.31         -32.8         11.46        -3.877         132.6         775.3
   188          40.6         35.34       0.08576      -0.05984         95.77        -26.18         27.14        -4.651         366.7         764.1
   189          36.2         20.66       0.06196       -0.1417         50.44        -4.591         16.42       -0.5301         227.8         798.7
   190         30.79         2.642     -0.002915        0.3716         -19.7        -29.17         3.854        -5.613          88.5         731.3
   191          30.8         2.681        -0.317       -0.4792        -44.11        -21.82          4.56        -8.332         103.7         728.9
   192         35.43          18.1       0.08673        0.1224         144.7         22.62         14.43         2.413         138.1           800
   193         24.52        -18.27       -0.1312        0.5736         -25.8        -22.41         -12.8        -1.517        -199.1           763
   194         32.87         9.555      -0.09021       -0.3951         27.81         30.79         8.972         5.384         129.3         807.3
   195         25.47         -15.1        0.1728       -0.4352         145.3         32.55        -23.37         3.305        -489.8         810.1
   196         24.12         -19.6       -0.1774       -0.5179        -128.7        -25.96        -7.391        -11.55        -30.13         700.8
   197         26.71        -10.95       -0.3535      0.007404        -29.42        -30.35         -5.62        -6.036        -86.95         735.9
   198         38.83         29.44       -0.2233        0.5707         7.359         14.83         24.08         3.417         381.6         806.7
   199         28.26        -5.791       -0.1022       -0.4555       -0.3507         5.602        -2.899       -0.5185        -3.977         783.6
