-4.053 95.0428704638073
35.65 -5.43451834850775
-83.97 -88.3740165577324
131.4 121.261430974291
-5.845 -67.8167749040132
122.8 143.572490716603
-104.5 -91.5186525729279
40.19 81.6458170620687
110.1 113.69194906922
-118.2 -116.667188993514
24.45 -3.48931676088495
-52.28 -39.9527002223158
4.979 131.3706063709
21.81 -6.23805897795551
-153.7 -150.190988494145
86.75 190.803885375544
-4.948 38.2977420205482
44.46 38.5609036909627
-21.54 -6.12667844914884
18.15 108.049931245483
-133 -89.9905245120249
-146.3 -107.930357281276
-59.91 -50.4441853731609
31.88 102.2751411767
2.458 -0.810628208786198
-23.33 24.5013318598298
-145.8 -86.3415432340114
-24.41 20.7705711412078
71.74 175.460642679411
62.72 148.553794800844
80.03 79.3362256806496
-97.71 -31.685741289286
-95.82 -103.77626178471
-150.4 -300.268054485328
34.18 143.121923012946
-37.72 -24.3081453200035
18.35 53.5667444262746
128.6 133.702712914741
-105.4 -100.665261337888
91.6 81.1035324083535
20.05 -1.68466495429468
24.15 29.158033502817
-123.8 -179.249020126583
48.23 63.8810403250169
-118.4 -85.3796661616794
139.8 164.675457713258
-110.6 -127.860373776083
64.34 117.369250961194
109.6 64.9134509762872
-91.5 -105.256496050711
9.301 75.201895021081
-37.68 -135.390916774163
-1.204 41.8638377589035
142.5 138.156934774593
-121.8 -130.525591307466
-100.4 -152.006853771673
-97.14 -130.176709116968
62.22 18.0520698650108
86.66 80.7480852985729
-31.14 -86.5645016139222
-143.4 -153.841622051605
-8.167 91.0968991178163
30.14 64.8382686789111
10.69 -6.02540736825352
-91.44 -68.8735405032316
6.496 -9.55179090311382
-117.3 -182.826566827774
13.46 43.5954504611218
48.06 47.1361294091451
120.3 -39.9528566820295
-109.5 -56.5745813635191
-119.5 -117.59962107355
6.233 3.89269747079534
3.473 10.8123946971322
98.53 80.6265203110425
-102.7 17.9494684038847
68.52 42.3152506385795
-154.9 -108.006735945995
-110 -187.351005770024
-52.05 -40.1953967942407
-52.45 -2.47818449875097
64.94 -1137.31084369747
47.92 74.21875060763
129.8 190.316235821956
59.11 97.1660257630258
-46.72 -74.8092007238289
46.8 105.899776997295
-15.9 -31.686585426963
-10.97 -14.743162908439
69.54 79.0310886837581
-106.4 -101.994892135588
23.88 44.8529483709521
-141 -134.269020082275
60.21 29.9155293172959
-20.82 -6.59282144961106
-44.57 -58.9275902129686
41.09 24.8651177449764
-123.1 -133.20839406842
114.1 129.570592797215
-51.24 -96.2548358936034
-80.09 -109.515520226558
-33.15 -44.5952350009763
15.79 -5.68877340520778
36.17 17.9119478007808
115 159.84359567214
28.12 9.87375505489061
-30.17 -12.4668015360344
87.6 111.482580858674
-6.876 -20.6874322381422
123.8 99.394074893891
-132 -122.937322613256
-73.65 -59.3340801515521
-145 -211.012907959082
-100.9 -179.607380278885
-143.9 -118.33917058663
68.53 65.6648655125209
-16.11 -4.89780303082232
129 80.6999464824972
-110.5 -112.995232725958
-64.62 -515.611954211563
-141.3 -196.881981734996
-77.28 -38.1000727790038
0.8377 8.78811560149062
-67.35 -87.9298879290835
-122 286.464466463387
-31.83 -24.897284112644
29.2 24.6659663409738
-158.7 -202.421139257883
-58.61 -41.0737127654536
135.3 477.243269127193
125.6 132.824646856687
-105.6 -150.209100459895
-106.8 -102.951588744798
-115.2 -76.8966756254697
-15.15 12.4520646385002
-32.43 33.0469922492167
138.7 125.166281759486
13.39 -36.9968505435263
-63.68 -80.0124907855122
-63.81 33.2088986861121
-122 -176.903277144469
-24.29 -46.9105654410674
64.86 55.6638879202282
-116.1 -116.361291183531
55.55 32.2673840332253
142 83.0301589848648
-59.56 -42.2521999944
-90.74 -53.9547276713924
-49.12 -97.7559346465154
-68.64 -55.8655728304867
-83.47 -107.425100108137
20.86 19.6570728849527
-19.45 -65.1142965969233
-68.17 -53.1498502323353
134.6 177.111985971673
61.47 -10.2665343617846
-142.3 -122.705064626635
-122.6 -129.564529403319
153.6 141.253733928759
-27.26 -18.9550020543063
23.78 -11.3026273076249
-116.5 -106.835031442906
64.53 65.2105229685152
69.63 86.7182484506695
43.64 29.3341156523682
-81.62 80.820781561747
52.79 95.793447890656
-24.08 -18.242719460716
-92.18 -94.1113539746969
-65.84 78.4741973111777
-52.17 -93.1709401530134
62.99 -15.092229246703
124.4 81.2151288657831
105.3 130.815651225242
158.8 157.72102722235
-105.7 -130.46909451918
42.2 34.8166852205944
-1.827 16.7420630551401
-23.47 2.20213264219494
6.51 22.8802134874733
87.29 78.489084104833
-105.2 -115.554136082844
-12.89 26.8670541817784
-132.5 -97.001507824266
59.11 71.3665778108937
128.4 167.655089553754
54.52 36.4595730451541
101 61.9822894840489
-6.431 63.5090053571709
-134.5 -129.202010151784
31.29 46.5993271181624
-68.4 -121.017700124029
149.8 208.967626243784
-70.75 -79.1607293204267
-60.3 -31.985204123213
98.22 121.453127864348
2.554 86.7150496146466
-147.4 -276.858692533723
129.7 124.51827225378
15.87 22.0523738424123
67.91 119.405402982526
62.83 53.5569628082636
-134 -167.493668700455
-90.99 -68.5335366482998
36.3 24.3116459028201
-90.32 -69.2383753601358
-63.24 -74.544177604145
-34.9 -54.1340899315297
115.4 97.7463467903303
-154.5 -177.109228350668
37.16 123.479417217151
146.3 242.703927998029
59.16 72.1618032123046
-127.2 -155.755919255806
-39.39 -28.6860840909477
38.93 63.7311838297165
-39.55 8.53544862795408
103 120.681317155083
-116.8 -164.386150277589
20.3 31.6270350761072
121.1 166.229874918897
48.56 5.66348461997594
-115.3 -191.774720957402
-24.69 228.62362864014
51.64 74.3273194875062
-7.177 -65.8355979044834
-19.69 -76.0662377797514
-111.6 -131.918459212924
-88.95 -42.7255877717961
-2.227 -1.00594523992936
-23.42 4.28404154296656
154.5 173.230648736981
83.22 85.2864349110765
-103.7 -100.809432565025
-4.651 58.5778662712381
-95.1 -77.3751715421964
-65.63 -58.5595334815907
-62.91 -32.5253987076116
43.18 -154.846456932332
-43.88 -58.8063643033245
68.88 33.9385488451738
-94.35 -139.686875626299
69.64 102.094912225635
25.89 70.8297763297884
-100.4 -68.0901933364079
-26.23 30.355428043658
105.6 54.8320482988429
-8.29 -24.9230607373757
35.38 55.4645390850862
99.32 143.301963246743
54.41 36.8439786640395
-73.59 -70.6932977829182
147 150.026147286402
84.97 74.908430966823
121.3 144.430155976935
70.45 96.700934105484
133.7 81.8816402562379
18.22 61.5761451179426
-49.88 -31.3158690469449
136.4 135.650925972357
137.7 166.768763189264
71.2 26.1068436149332
94.96 78.9691960098037
-15.32 3.25504533605598
-118.5 -117.959070635561
-91.04 -52.6588545716667
17.99 6.28737344595275
56.61 58.7194502221904
113.2 158.957848837188
1.984 10.5097672083155
46.39 48.1970328763512
10.56 162.981852009762
-34.35 -29.7679089154106
52.24 97.2240994377979
-74.87 -49.9399629674964
50.22 51.6296579086185
-40.63 -26.6434770026246
42.85 59.515868216472
-97.13 -126.715964475759
80.95 65.4890999830592
103.2 -96.9923646688375
83.36 73.1708227471009
62.65 80.6578734955137
-138.4 -170.052299852035
-104.3 -59.1209787701578
-82.22 -86.0347541898805
51.43 28.4268070339865
-83.14 -60.9718782227066
-22.75 0.527256221086415
132.2 147.128877230113
63.43 108.14441292676
-102.3 -67.4288499020484
-13.32 1.44365669050995
-45.3 -55.1751989011816
-146.7 -276.078398803955
7.634 37.3254638191043
31.85 -11.7545920111725
-84.7 -139.152835434741
-64.3 -77.2258642336808
129.6 141.221047772607
-87.68 -10.4523577312245
154.1 164.090489535152
-143.4 -191.560193893115
-76.39 -73.1105086067298
-96.87 -75.6241455100785
-59.89 -134.758119514042
-121.3 -128.242956993524
-138.9 -198.821902113632
-57.9 2.28220770999283
49.7 41.4026690167562
128.9 171.200018644347
-92.01 -136.024094403385
124.2 142.716187104619
104.8 118.81249737232
-53.53 -54.7461856869728
-148.3 -147.442360231377
-138.8 -217.025585920198
-104.6 -63.1481437712978
-97.29 -88.6907647300085
-96.44 -106.471128804267
-108.1 -131.019662864523
-51.63 -63.6703284949834
-131.5 -104.603460964807
60.2 95.1375809629911
53.58 -105.15826224854
20.54 65.4926881063343
-40.4 -69.3717060756384
-45.94 -92.8191110024637
-51.91 -38.8932059034912
143.1 99.8217296972608
89.73 88.6801972358123
152.1 166.350864927505
-107.3 -82.3647962879036
-94.82 -63.7254734006264
-58.7 -55.0625283840554
49.82 64.7841529047393
139.8 89.2434330974859
-84.57 -61.1676346104631
34.8 87.2806346043043
35.84 59.6100943132088
10.39 13.1886761684314
-113.9 -75.031771146075
71.52 123.624468975655
64.3 33.8585242361046
-45.82 -47.8134407995016
64.4 77.9275526933302
80.65 126.644136360819
97.3 143.16517293115
-57.66 -49.4698731064453
106.1 170.335846758348
-62.75 -61.088421073947
99.9 132.821202891926
86.99 87.2114024759241
-28.38 -47.16943648479
-74.3 -94.1217253847899
5.381 17.2842379584429
-0.03127 4.69465720025479
-98.57 -109.716399149353
-109.4 -129.920518597599
-72.73 -76.9560410486767
-71.96 -76.8148844154317
139.7 127.56563417125
-17.1 16.5662494488144
111 197.312388146475
86.06 116.182523808685
145.2 152.657196608782
-124.6 -209.574791475976
-30.35 -77.7812714310519
1.376 -4.75636901164031
145 138.146030678775
91.24 151.268932539147
22.9 4.12246458500458
36.8 59.2328311638575
-81.97 -153.872333699407
-64.36 -75.5326193129335
-149.2 -120.959093863346
-70.83 -50.2084078186271
-68.71 -62.0076700926799
111.1 64.5289513140865
-13.94 1.12655546226392
149.2 110.934813163856
20.74 21.9016162365059
-159.7 -221.331385090528
-142.9 -165.556066327192
144.1 153.838677129638
22.5 -5.55995539483334
-113 -131.195161288007
-75 -78.096926253949
45.56 46.6877431121361
-140.2 -210.641695992069
40.74 37.5191876639365
26.62 766.113466474405
-143.7 -394.287349924979
-39.45 -28.3708620027982
82.6 16.5969845057412
75.59 110.846011666461
-103.6 -131.481022007319
-36.54 -11.7727288093125
-14.71 0.311519942203374
-18.07 -65.3801593350551
51.04 78.0911991372082
144.9 59.7850915526184
4.46 20.5641909843265
-86.67 -60.0843912842847
111.9 120.421146421177
-28.69 22.2953455875082
76.99 93.8273127271955
-90.56 -261.228527317314
71.96 55.7136041880176
-111.9 -120.658846319132
113.6 129.959523867078
-66.3 -92.9329586332355
-145.3 -214.947432866482
-65.2 -41.0619717657436
-85.02 -129.219194222307
-138.8 -251.632617928201
-118.8 -67.4569239881573
-102 -121.016455141711
82.6 54.5540066655217
-104.6 -25.5759914767918
-51.93 -75.0302720863494
18.16 26.3003123756654
-119.8 -151.052706423856
-62.09 -66.805275753399
139.9 181.617484042807
109.4 81.5935110077401
-118.7 -112.190792173224
121.7 146.251413882504
-37.67 -79.6335426477869
-21.5 -24.7851817319364
111.1 83.6807010230396
-9.877 -31.2822416849229
-80.07 -26.2989184956862
-19.11 20.2881560485565
38.98 74.4617981556159
34.62 54.4833711718453
53.29 123.539529861165
112.5 129.310333134148
80.69 115.866438128005
-138.2 -334.469402738533
27.97 4.78352938622791
47.96 30.879033856843
10.56 -30.5839407286252
-23.76 13.3222378634585
-105.7 -152.629705055601
-136 -109.525839494054
70.19 168.287599839316
-51.33 -58.32916109039
-2.665 16.6147731140823
33.27 33.0541393567668
-44.77 -34.7585930851123
47.11 -8.18249890405996
43.34 59.9846079792571
-153.1 -184.322195138596
-135.9 -157.155989595138
-108.8 -112.543451208447
-157.7 -243.497127455857
-18.69 27.5231246300308
99.4 118.184305483609
-85.21 -73.7324863661504
-63.03 -21.9692041296852
-17.76 -31.7478153406722
-158.1 -144.649017024839
-109.6 -116.212877241752
13.36 -39.6830544127616
78.39 87.6623703899603
139.2 130.384327612918
-119.2 -74.238925470362
-115.5 -159.11244336901
-104.6 -106.354807652674
-14.05 -6.40987768515561
-157.4 -148.01069378141
48.94 77.5945993500712
-75.31 86.4355077939344
4.358 -21.400768070057
130.4 307.495890121364
109.8 149.789606016389
-22.07 -21.1563852847756
1.816 27.0867043192549
-117.3 -23.6276608070945
92.18 -10.6688624766249
157.1 167.314574659374
53.8 70.5857795232846
44.22 67.8530405570608
11.1 -2.9324278945516
100.3 94.6244585460486
11.57 9.91817651740735
-78.64 -62.7864809910573
-40.4 -37.5359756117558
-61.65 -28.1124367556213
3.097 -25.143949750868
-26.67 0.490175677173227
3.877 12.5924459873043
26.73 45.8228699275897
-29.56 -24.0502886660305
-94.5 -160.165673736711
-131.8 -108.040433487424
-77.5 -54.1475168965383
75.95 99.4003361799299
98.83 98.2878256843034
56.26 100.153740312475
-32.08 17.0689828720256
43.25 85.415689494755
-54.39 -54.4736778021005
62.6 55.910325865686
15.91 49.1378144614838
0.7941 -19.7747112537031
25.69 267.399387988954
21.82 19.618912439018
-50.8 60.1062827410872
-14.44 -15.724120748186
-95.56 -162.782991035367
-91.07 -75.6887591565699
56.83 42.6931591620826
-96.71 -2288.1869923878
-8.017 26.4077205612182
-95.11 -129.105813770813
71.5 67.2084969171316
-2.812 -85.6112772169141
-3.227 7.48195922970034
-6.429 9.712985300853
133.7 152.417592497254
2.208 20.8810295351037
-90.53 -70.8876778921564
158.4 100.25727502686
-114.5 -103.678542875977
-124.1 -132.039348889077
122 178.607959158493
-0.9628 9.42966102139758
4.398 21.7181184752885
109.5 115.983090179811
46.67 21.5731192166001
-70.15 -81.6613934144608
95.62 110.988665124155
119.4 137.792433280592
10.24 14.9069466671257
97.56 66.5079736322375
-94.93 -91.0638385108885
-129.7 -147.897230889277
-38.99 -15.8822136697796
-107.5 -2.97681432699443
-70.46 -138.135603658545
102.8 156.206483578311
77.22 126.981068645764
120.9 164.912131242471
-114.9 -128.912590535088
15.75 -14.790198608161
127.3 218.824550598792
85.98 64.4065233374541
-42.73 -9.49292059200993
25.37 25.7466048036374
-46.78 -47.2904447917624
-13.58 55.0254497809014
-84.83 -80.6836049902589
-47.58 -65.7697548137861
-106.8 -90.2297213403698
111.3 143.895728301647
90.44 16.8508724541668
116.1 75.8907019192458
-47.25 -26.7321027488936
135.4 124.158817166222
1.243 37.9399272634101
113.9 109.613786737403
-13.87 -39.3021805229761
-61.7 -62.39233622093
-25.32 -77.5739161707829
119 35.127176372812
-92.55 -26.983936881306
-145.7 -174.071889416464
-60.09 -50.5895195866273
-3.925 -11.3890944473555
-31.52 -84.4291138641361
143.9 134.058416444526
-133 -194.342181766993
-54.25 -51.173207310066
65.57 52.7565310082147
142.9 98.5343566129167
-114.4 141.236075046329
-14.16 -10.7911665308263
52.32 107.263898650686
47.43 20.2842784214295
-60.11 -24.107879760331
24.29 65.2035441035437
65.23 101.765920237492
-51.16 -21.9426078011215
92.94 95.8243789067108
36.58 21.9508432233117
-33.12 -31.9976739400191
-148.7 -150.000471434987
-62.42 -10.2811447208254
-54.69 -59.6264314021888
-143.4 -137.957574047704
-108.6 -119.212735860516
-108.7 -154.200102863271
-30.99 -104.868046363908
44.9 93.5839219449967
7.563 33.8546661381792
15.56 17.8857251567802
107.1 61.4239996943601
-141.7 -169.688546954839
109.2 132.323253478445
102 46.3332479547885
113.1 104.396997748009
-76.86 -105.330135604822
71.64 106.071237219338
37.94 51.5345894005064
23.2 31.8400278048326
43.3 119.034255432051
139.4 157.857817351567
14.76 2.70102563862448
37.25 72.6636108575373
-79.82 -164.098959865762
19.57 49.3872223855762
48.68 7.2545132917168
102.5 13.6139455993303
-78.88 -103.221909722867
-6.144 -13.0358015994903
-91.45 -87.9411907570307
-54.66 -33.7435966536147
-23.81 -73.0692183551141
-130.7 -214.68391705983
-0.5794 42.4160819387659
2.621 78.5982999598828
-140.3 -137.938525375375
-31.55 -4.41956294857898
156.3 138.457900735617
137.9 132.718074414943
-88.92 -79.781227155019
95.52 60.3480063033462
107 139.573732944036
62.08 62.2234582469428
97.07 244.408643617311
-105.1 -138.111744511078
93.68 129.062209096054
-51.64 157.881772060189
17.46 84.5813572861413
13.81 -7.87765797975173
-38.13 -36.0060873623923
99.98 106.381954354972
-78.13 -174.131271060478
131 157.477057368978
41.46 22.5188900644561
-90.04 -81.3426339963576
149.2 176.28515034344
-125 -112.827498151558
123.9 72.0267942620395
146.6 143.517060321013
3.838 30.7953067620576
-50.12 -48.1224290002948
-4.495 -45.8686791818193
-135.4 -202.188374414521
7.159 103.586049661096
-26.76 -45.5688091336068
158.9 169.244764663599
80.24 99.0646787194212
1.409 21.7692793030205
-57.05 -18.3658419489678
61.43 62.6766619987262
74.89 89.1359783731275
118.2 123.078985288726
-21.81 -116.201824038666
-92.96 -109.069126305014
-132.5 -254.922815875254
57.72 100.464230750296
-9.114 -19.4832827209357
-149 -250.791834713099
155.7 180.887052938201
59.73 85.2562385290114
-109.1 -225.184012871476
-99.75 -116.859175558898
85.43 106.836123620637
127 120.91319256979
-33.78 -39.29453253936
48.55 28.3999250946707
-96.63 -77.0359658861353
32.09 46.214021215856
-88.12 -88.7015267236325
49.95 73.1408968339621
-117.7 -232.893699191086
-96.49 2.27761631047839
4.081 36.6488939150063
159.9 164.484451407667
0.3038 -5.31818484833898
-158.3 -321.618116009234
37.72 25.8635358127935
24.89 111.925958829928
154.5 207.699763225895
-134 -98.2793507289793
89.17 114.158020558183
-59.6 -91.1301480867574
-153.6 -137.66990294796
116.4 91.9380024674374
-20.26 -19.1277500535691
8.712 4.27842256469699
68.99 52.581099262539
156.4 171.388596086704
-122.8 -188.225131504705
92.47 49.6341748880994
-105.9 -102.348723994128
23.15 37.2106312695735
-78.27 -92.8250635503977
79.44 30.5545126392413
-70.95 -75.259597005828
-6.532 47.3002527307382
-120.7 -81.3152785070636
-77.27 -0.720183988360612
49.39 18.9274951039995
3.962 -23.3711269824742
-118.8 -178.413274957834
92.33 80.340781346348
60.02 68.6960975399242
93.04 68.9169542091373
43.95 69.7988960504049
-34.54 7.41462554224712
-23.88 -48.6156319610188
71.32 74.5446701268109
93.61 207.949927661442
-106.8 -57.45287417491
72.45 73.0554677893743
-125.3 -271.061731978937
96.67 150.359023975046
5.152 32.7623963192646
2.915 67.8498094358894
125.4 185.229176482014
102.2 153.980091149519
113.1 123.816237037598
-50.56 12.2827552180596
62.04 83.4609396625641
132 119.426208143308
45.57 79.3087454147784
-19.19 -9.27345299097775
137.3 114.526230689028
-1.65 34.525314038888
97.83 157.788989498161
-97.87 -87.4862882945961
-148.7 -191.082802329818
-81.94 -97.2484105273892
-118.5 -134.383353799914
-91.43 -86.7656003982676
122.5 248.491223706613
-58.71 -52.7860149925391
-101.5 -98.878559896431
23.14 8.07497524882187
152.5 111.221299654597
-90.8 -93.2444608798631
60.41 330.184295142614
-81.77 20.816617822125
-56.23 -71.5762322464731
-114.1 -69.6244989429283
14.6 10.5836226436566
39.08 41.2648168390469
-11.47 -5.42681196018626
82.55 93.8595734953149
64.8 91.4187241584767
13.57 2.61469939528879
59.84 52.0346285051081
156.1 134.471047105053
-81.97 -126.255775944387
130.7 125.523131192234
-57.27 -62.4324262100555
-106.8 -111.147022872332
-72.11 -18.0050488308724
-51.3 -42.5955244889595
-85.69 -109.184220330672
80.02 58.7842058878502
-142.6 -53.2459044398897
8.532 22.1844471204296
-1.62 101.353694185571
-90.54 -13.8988657668585
-158.9 -179.761439709179
-10.5 45.9849213531325
-139.8 -120.024819510714
-36.12 -15.6702193676657
-126.2 -143.338123860884
-85.03 -4.49872613388974
-28.08 5.39052140155842
-72.75 -69.7418912183441
-132.5 -152.236969435909
-24.2 54.3391201632909
103.9 113.122899378257
3.536 57.0725684810173
-1.742 -32.1929502932503
14.36 -3.30553269507337
151.8 142.791747449807
-119 -111.081926948471
-100.5 -76.3208541029122
67.61 3.55834103346215
-73.06 -36.0553081917251
17 272.647474814428
57.52 104.919093825475
46.88 9.33448007564625
107.2 67.7080752993747
36.3 83.1586947233888
-53.83 -76.0715917665079
39.28 38.0603487199288
-93.48 -88.1557974276946
-32.94 -110.406966781941
-152.1 -225.279962889241
-93.3 -126.358591531783
97.25 85.719041584561
90.16 90.3018910370949
32.15 -24.4382026960803
56.42 84.3450198126441
-57.65 -34.6213692382188
98.68 172.727410844852
-49.98 -102.768582452718
43.69 61.6070804907083
-151.5 -146.2658210737
52.56 68.0992483670056
-133.1 -194.441402501452
-84.05 -68.8666178517768
-6.958 50.2893132132352
-48.34 -57.9788630045332
79.12 54.9534371044749
62.74 112.840814525737
-113.6 -120.098034269133
136 75.9820234696937
-35.9 -57.9625511076758
-88.97 -24.7083048667528
-36.81 -29.8694199165369
-64.11 -56.1332595555359
-139.8 -116.258460160377
-50.91 -44.8310416365302
-142.2 -211.951789649947
-133.9 -93.790051874346
-48.89 -84.3630759972799
-71.68 -38.87831511655
40.84 -45.6202811005845
91.16 131.438424901631
-148.7 -139.166476463197
61.29 79.0147210750702
-70.83 -60.7987251398862
-80.52 -97.5608991971973
115.4 141.710014446911
-104.4 -83.4361717610648
-101 -108.530130525592
41.75 -6.99387201375637
-109.9 -98.1775507815046
-20.66 -10.2486028241293
-44.26 -59.8863064965328
-86.57 -94.1829208774988
64.88 46.0192633324067
75.7 101.184963289519
12.18 -50.0720091675549
111.3 104.951802040975
-4.073 -24.6809554101313
76.5 71.6196760103797
130.1 130.620285410786
35.21 31.4254417174904
-97.75 -20.537000809201
82.64 136.668572751001
38.22 35.6133689607299
-113.6 -138.011086242833
68.08 112.733052320491
152.3 124.212938935899
103.1 118.785009954413
103.9 136.404958929454
41.55 -3.87529416260862
-83.28 -54.9853175323243
-15.11 -14.6048261147765
-98.77 -221.686622016326
131.5 72.3389010931419
-70.5 -14.1215671958503
131.7 158.812774779987
-53.57 55.994469972175
144.5 128.956553319057
-0.5787 -5.78794652645637
-156.3 -183.654620001161
-146.6 -147.327761075513
-78.73 -76.0881795749868
91.07 62.6144352718343
-5.121 -49.6266421739255
-88.39 -233.345825447855
105.1 109.714028209056
12.6 -2.50971259235653
72.78 107.252279455197
70.77 -286.789658861094
151.9 146.884633188878
76.81 47.2079369894824
53.1 72.5681297949683
-152.6 -192.936899018579
157.3 138.776450039341
123.4 129.024028540321
61.05 50.008010071713
-31.12 -32.5799830696634
120.8 84.0557207113721
155 134.057181906067
-17 -31.2419394267387
-93.95 36.5349174903657
1.002 -4.72454082044602
123.8 67.3583597269054
122.4 72.0990221342354
-150.3 -223.669737142926
-74.99 -49.8254105187424
-80.02 -59.2093635275343
55.51 101.134634149384
-76.82 -89.2140532897487
57.01 39.2707302345107
-71.47 -87.4949151014233
-91.45 -117.853813238809
-103 -133.80363569354
-132.9 -129.984682492824
-61.2 -50.0042599264132
-56.96 -85.800344388041
44.11 35.0727503231177
-38.39 -14.1881147786413
-55.35 -23.0013489120952
-17.9 -17.2491220775373
151.8 140.895648270521
66.61 50.6965939524356
131.7 106.317762635625
-150.2 -229.203231387665
-136.8 -202.591372725075
149 182.734594748379
-149.8 -124.164072007223
-24.27 41.8552630457173
126.3 84.5955230461005
94.87 71.3175997771106
-18.85 4.92155377771303
26.27 26.8398911212096
-35.58 -15.7688232231972
90.98 -7.32866599541687
1.426 -15.3592713183245
-75.46 -65.2450248875979
-159.1 -160.475002444784
76.33 53.2159517674387
-109.7 -56.4785588193373
-60.13 18.6494092280436
-65.99 -15.2912457849504
102.1 53.1734174985503
-40.77 18.6729429942992
-41.25 41.5591873104528
63.97 41.2742253916884
123.9 63.2831752879592
90.97 83.7974779716754
-112.4 -123.373983133422
-92.22 -161.62589324282
-54.25 -103.614637330596
110.9 154.628654559225
38.45 52.0828878713093
2.8 -30.2878827873408
-155.4 -106.389393358889
-144 -174.443860348163
-71.81 -482.791631161417
-80.29 -75.8449491440895
118 106.998464063174
159.2 184.692713054262
38.52 72.1551560739226
-17.59 -80.0327494185695
117.5 113.606530964034
-15.98 -13.2594736887412
67.75 42.9594033168426
-66.38 -73.105848100496
-77.44 -112.196458830027
50.03 64.830780802486
64.78 67.0846962485785
-23.79 -115.760573438636
-29.27 -29.9582794701971
-29.77 48.4593920634522
45.72 -35.1526514483128
14.65 37.049107853873
83.14 77.9383995380963
-100.1 -75.3979706458854
90.21 81.5758966846977
-36.85 -32.3526738596108
159.9 123.736615317222
-18.44 -42.2713869561442
113.5 89.4419593473706
-128.5 -268.733335655403
-25.23 -44.4614500182381
7.26 16.7715696640077
68.09 47.9731005093631
1.475 2.99654152518807
36.59 58.668735686755
10.74 -0.718298619218905
-111.5 -113.5790041111
21.99 106.170881228332
34.7 65.1370889688623
85.7 146.682362768052
30.88 86.0046764968177
-98.03 -96.9837854910912
-1.757 -61.0280973227741
83.68 85.4717349896931
141.5 173.03656460005
-102.1 -136.794816137729
-1.61 14.1235734116736
36.89 0.545416798060694
-111.2 -191.299651167073
-88.99 -13.3954188345919
26.24 18.5217100808382
141.4 158.396942022784
23.93 43.7302924284289
92.43 61.5815478219069
-3.651 -21.4921843414776
-128.7 -136.16226632035
-21.22 -40.9979347920541
-86.36 -39.1941921547944
21.31 51.2923848046024
-133.2 -86.1293232155567
-15.6 -18.5488435989696
43.99 -3.67063552980682
40.83 20.8692383443232
87.15 135.747838494224
7.913 6.86562217521001
-50.06 -68.7824906985761
-115.7 -140.59788908344
-101.8 -89.2427743323323
74.68 87.5152741941181
150.5 164.735429656757
-116 185.465801853225
1.888 22.0504978398087
55.2 154.277418921442
-105.9 -181.762590928851
-2.641 -19.0224600873754
-28.66 -52.5909440240168
152 108.768227164681
40.21 16.973990122645
16.11 40.7174997342148
101.2 130.868037265805
-123.6 -209.085704084747
-81.69 -111.671903978169
-14.22 74.3544228421314
125 144.66913305416
66.35 51.3265315113439
-151.9 -149.239285617151
14.81 -26.9943248737955
-129.9 -133.574703071321
-70.81 -45.4591522820184
32.59 25.5897023751166
67.3 16.867921818775
-99.53 -16.6468803830289
79.79 76.2685006181467
103.1 190.077062784702
-8.274 -6.49540287842874
-130 -173.81413186103
-96.53 -107.993798197618
-108.7 -219.772055002832
-104.4 -77.1426616846277
-50.82 25.604023336073
75.7 126.575151822207
-138.2 -206.19835745625
-21.39 -52.3601451064476
-138.6 -167.756753891045
155.7 147.031789415913
64.13 127.622932208589
-151 -213.31542419511
-139 -116.843358137651
-4.908 3.7055671792648
8.868 -2.19558259087802
-155 -198.906242602713
107.1 99.5503799748302
-38.56 4.97317222177826
100.9 148.09508304571
95.05 84.3738453239818
65.52 86.7399435267492
-41.37 -83.8169455170572
-120.1 -97.2235682583276
83.91 97.390196720392
151 114.57972313232
106.3 117.681521700454
3.949 2.80033078617725
-35.72 -46.7817619724867
-17.3 26.9079679621543
-29.1 -27.398065344089
0.287 2.01882491424944
-131.1 -142.622657587617
71.02 71.537140821738
-157.7 -151.66774885165
-137.2 -155.821934059282
-148.6 -110.908751713011
-48.68 -50.0123714976794
25.05 23.4857888075391
24.97 68.9227745765887
-16.86 19.1655494044028
-57.06 -44.5443582013269
-67.64 -70.0217983665746
-39.74 -82.1032860890579
158.7 158.661003991204
-22.71 6.46490533340562
-139.5 -127.828669571095
16.27 3.61031816532423
142.5 136.397233268979
27.64 17.6360774480835
-110.1 -114.472399805593
22.88 27.7077256125697
154.7 160.983801412086
-7.268 32.4062138024516
6.093 12.4009642903318
13.73 56.0379025364935
-38.32 -42.0380040335728
34.03 46.5891850036389
57.55 89.0139193869557
132 122.034221979986
-14.34 5.26852516263078
36.19 -6.45611496260121
56.82 103.504513535025
-58.14 -59.7120953432287
-39.25 -79.0241723060924
91.91 88.3075004673509
-9.895 -32.1011835871746
-155.3 -157.278500596906
-59.4 -66.8490024682852
-144.9 -105.41122221341
-108.2 -64.139269243188
93.52 72.0633621809219
-148.6 -176.14432317164
-38.33 13.5655093996051
-92.32 -103.716551606095
-96.17 -73.9281127774413
-149.4 -150.932186883424
-2.912 9.97630678082869
-35.05 -14.2870510158556
-101.2 -242.962171757531
6.015 21.5873737116565
-76.96 -208.451181323121
-39.8 -15.372315169961
-55.4 -47.7174800410178
135.5 94.9464380178626
-52.56 -30.9307629113571
-46.16 -8.26625744755498
128.8 172.924239976304
16.41 21.6965454225147
-130.9 -121.44276814694
-20.61 6.35167184261072
152.6 120.32120091099
-144.4 -152.880069807402
-141.4 -164.718279424379
-10.25 18.5372987068118
55.68 43.0228467202866
-31.05 -25.597067787765
-121.4 -181.504359020265
8.148 -65.9902112945992
7.809 65.3552659423587
-108 -155.896418274838
-98.98 -121.342597700767
-148.7 -211.767006509813
-80.57 -119.62561978496
0.171 23.2047336218354
-111.1 -321.156430634081
137.3 109.007599439956
29.57 16.1819788953832
63.44 114.424299216774
-48.22 -52.8409975328637
-102.1 -73.8247933059062
87.71 128.236135883219
50.83 49.2748471692832
6.023 -31.8879622569172
-155.2 252.048011413368
144.3 121.800493629692
56.51 81.3593049955663
16.89 65.9940054136938
97.07 112.556029538243
114.7 99.7455907884854
-85.61 -108.015368541503
-95.01 -184.399773937978
125.7 87.0784586165418
-45.04 -32.4520382355273
41.48 39.5202814232847
13.59 2.06819445131763
-153.8 -229.139668967955
-31.79 -51.7466751958802
89.85 98.4873261307269
-143.5 -91.9757127821189
64.36 63.1501698355455
-117.3 -134.255690101936
-82.16 -77.9853987028108
63.98 28.6991693652991
147.6 102.374604579373
22.91 146.962706299267
-34.32 -48.0734992483814
77.23 46.8724703382246
-65.28 -23.4477862396306
67.62 70.4949128320864
112 145.918340238669
71.78 42.9641863077206
-11.23 11.5841366072767
-28.3 -1.92430162881387
140.9 117.930004491072
57.87 36.4708105502349
159.1 117.615788016039
-36.67 14.0561200307979
-90.53 -76.7974301731482
5.352 -5.19557742034179
115.5 85.3803151894698
-34.32 -58.1724245609902
-49.5 -84.2429882980973
124.8 165.348476277583
-15.21 -27.1990404187687
-12.7 13.183234204921
-6.461 31.2230386785983
4.748 23.0202611692529
-88.26 -101.619393513168
-102 -83.5595588042247
114.4 140.260956250794
-47.43 -53.1250887236661
81.95 81.9750857424047
-17.52 12.6209708192884
62.82 87.7731965378091
71.68 96.1999211479846
108 204.454427174987
31.16 45.2176450742857
-93.12 -101.564006321396
149.5 175.128885162905
-44.13 -26.5803141284868
-149.6 -270.077778696569
44.37 40.193106209922
-52.81 -53.5023473912287
75.77 18.7506211173075
42.68 70.1016119391681
134.5 97.678679755133
21.84 -11.9969016161281
-58.36 -93.741454397135
145.9 166.757988258508
152.7 142.424009049922
21.81 22.7607928832848
-25.97 -19.2828720705418
-113.7 -148.116194089152
-154.6 -111.819806395737
-89.04 -62.0547848283412
-76.47 -7.00004963055942
58.1 87.6767104389871
-90.78 -103.150638039987
-145.9 -141.610144210702
-50.01 -86.1024385211056
109.7 85.5333724620314
65.55 41.199041211613
49.42 54.3590304609614
-1.95 14.1601734938822
44.47 55.6585187695698
-85.24 -78.6146613195809
4.94 -15.1079399039152
22.7 -38.9618310636215
-125.5 -166.550479036544
-20.33 -24.386900759488
94.1 114.36767956663
-36.63 87.4661833371947
127.4 114.436309094155
17.34 -2.95344440355311
124.2 98.5404767814003
105 83.3645954473701
43.38 58.7623164943652
-115.8 -78.8759572017558
-24.19 8.39924597577114
52.87 81.77910886487
18.83 39.916198617046
-53.23 -93.9450346084364
-60.13 -54.9097770317119
69.9 43.0109492220463
-125.1 -156.141660417782
145.3 162.901671387772
-47.03 -5.10233532504955
70.79 62.9440059605146
-159.6 -180.123820880715
-67.82 -77.9710745259544
-85.97 -92.1154563996618
143.9 187.177553977658
-104.5 -105.010396886983
90.36 73.5344016871929
47.82 97.8913036602334
-11.47 29.5256071998737
39.59 3.05593534612283
63.06 53.1515838514293
-51.46 -74.3504348463744
-136.2 -96.5474163078376
43.03 59.7414079999616
-49.8 -36.4933688585379
-61.03 -124.17641945373
33.26 64.3389621450193
49.26 4.38329149515926
-23.03 -25.7846200284819
-7.622 -28.1931505815829
102.1 120.618870753445
-117.5 -76.2456069455447
-73.56 -127.300609503944
12.2 59.7714504977159
-156.6 -171.980191885784
80.46 42.1634909082171
25 21.0219997460045
-134.2 -163.12995091039
-119.3 -93.3167400495925
86.59 91.8381988532094
-51.48 -86.972017579732
-146.8 -178.668752691022
45.16 71.9438900976113
-27.33 -56.8946112297861
-21.94 39.2663829444836
-114.8 -253.080038005472
105.7 93.2146134719547
84.42 138.095781519568
102.4 98.1620954341397
-8.377 -11.0728298978958
-89.51 -118.521639917417
40.97 39.9354830494052
-132.6 121.025568970948
7.033 35.0644730914284
57.81 7.21877979165274
-138.3 -262.770493886396
-3.572 47.4914617386595
-148.4 47.0240301391202
-154.9 -232.084048606009
50.88 10.0791881284152
-67.05 -116.188633667368
-34.38 -11.6443701960158
120.5 132.584241523931
-158.4 -171.467019717439
123.6 180.713683298991
-113.5 -175.348628149451
93.86 88.3195693941892
-76.68 -85.9146299188566
-107.9 -86.6975114941851
-16.49 -39.478594294754
91.62 164.127755172587
122.3 147.086143845289
-99.63 -231.918203942913
-37.57 -85.5669594867999
-103.2 -191.592806344951
-109.5 -113.663249893142
-65.29 -47.0073825467223
113.5 89.8383202803576
34.29 -10.6334254185872
93.34 149.792855178821
76.06 158.684261333058
86.19 83.4990113687146
46.5 32.5368105935596
56.76 38.9490126360841
-105.9 -110.387407445808
20.69 12.957583784949
4.799 -55.2622049037299
34.55 50.3987145451663
-95.68 -60.9942399594588
-132.2 -129.436834727348
-49.15 -79.310222932105
17.37 51.9803610338417
129.6 177.001525901246
22.47 43.4445810377828
58.58 91.7723515925583
-38.66 -61.7249326340833
89.9 126.255943295814
83.95 100.660176673943
94.53 83.622787055465
-31.12 -127.12379443771
150.9 164.514899101159
74.71 74.1296695193429
15.89 -6.66837761094548
-127 -202.946641433466
-29.51 -51.885487396217
115.3 120.431589779387
117.1 337.051898268544
-79.13 -109.759133101778
43.95 12.7904716475252
89.58 88.0584811824029
41.83 76.3370625441652
122.6 160.231246388911
46.29 33.3367321911533
0.8189 -46.7225250793854
-74.51 -45.0087714196414
69.43 104.596048398811
-74.96 -70.0914419266651
140.9 156.046668680504
-137.2 -195.692037882174
118.1 81.4009427546909
126.4 170.070430279631
122.1 199.286464109643
-61.03 -35.784217696472
45.3 -413.071050861939
-22.51 -11.3371814883641
22.24 8.37077696934674
145.8 83.2863759287945
-33.52 39.7948460860698
-8.546 44.6808810722105
49.55 90.1363834924772
86.3 110.693113908462
88.88 136.083815506996
-86.72 -71.8655958307323
-141.1 -103.250964438719
67.99 28.7359127143841
60.03 54.9627602438532
116 141.508946168032
28.46 107.855260588377
30.88 115.930025201674
153.3 135.647326768478
-42.35 -109.986412412718
-2.659 -8.30757704710798
3.52 32.3053496844722
-126.1 -158.931712279552
-99.83 -73.5308561160983
-26.52 -45.8686427249203
-90.74 -159.205648600801
57.63 69.8174298093197
151.4 247.12324032085
97.67 99.1791672059236
25.1 51.3130837705237
148.5 177.196089812925
83.42 65.5627945906672
-29.63 -20.1029707599848
-91.25 -57.4441016442359
-79.4 -62.4275311243823
-71.73 -38.5699681911168
-26.77 -14.7899909464814
122.2 127.567711741093
-57.68 -87.455530502363
78.68 128.120497387631
-80.33 -127.342652862591
-45.89 -89.6531476999922
28.51 65.0602120400435
45.33 38.1117991520344
-53.38 -77.1932720329356
35.97 45.3684641484715
-12.14 -15.8070259091678
-94.55 -41.84493638485
35.37 1.0715195070735
-127.1 -167.757008198185
-138.9 -6069.9375710635
-15.26 24.4236682845458
44.93 88.7358895434235
-129.5 -136.51882102368
-117.8 -92.2964494547288
47.82 27.4102192393659
137.3 150.933068704915
-80.85 -129.03589247782
106.8 119.344571784891
-13.87 -16.9190957569617
90.67 153.091322771858
-122.7 -95.9733050817485
-132.8 -143.221071850077
31.56 30.9506712256256
-146.8 -92.4466404289214
-94.37 -124.043445900714
-121.7 -48.1741256192529
-119 -71.7357376665406
-79.78 -100.125858666757
-58.06 -98.7966667733952
-67.88 -64.8230173651928
71.12 48.9014604220013
31.09 43.262928349062
27.62 -1.71996003142252
127.2 153.344430258244
132 146.238749580562
142.1 131.746158332981
-26.02 69.2982349443844
-26.38 -5.43382061265958
10.55 52.8873451628723
-12.84 -22.3484178673646
14.9 17.2601059972408
-45.49 -46.6224701955903
20.33 35.2451264074874
-53.42 -34.0267768496232
-106.1 -119.394323597384
30.47 39.5139362488661
-57.39 -26.5549134957205
-20.27 -28.0607090997991
-3.509 -5.32918528289269
-89.55 -215.540871762516
73.55 120.948051394436
66.37 44.3477794976972
109.4 157.472120056066
70.61 83.9538004699161
142.6 175.14891945448
-12.02 -37.7866562419668
-142.7 -147.99684853942
84.78 135.930643365463
-110.3 -128.764158931624
-109.2 -85.8617876002645
75.38 113.581857896625
123 160.402801623344
-122.5 -2024.09930499466
126.1 106.64361149708
-19.3 29.9264814248813
-120.9 -67.0804125547366
141 146.919029565799
-60.19 -66.9052536593626
-155.7 -546.934058752801
20.26 28.8556844988939
87.35 92.6716192008679
30.81 107.471573643298
-107.8 -4.70421933376286
63.93 126.057966035256
-111.3 -139.933545371576
-62.62 -62.2499140610143
115.9 57.2474348354021
123.2 77.5244165797007
34.36 8.98965272734655
29.91 76.1564663858092
77.29 93.1814015282353
-117.6 -97.8765537554938
-76.54 -120.038930957551
-153.3 -151.857532695682
-107.9 -103.741887726537
7.158 33.3717235678839
76.9 113.183314744377
-89.87 -11.1757235723268
76.75 98.100142521132
125.7 153.225944006607
159.8 151.937863099833
-0.7009 -240.433450424236
13.32 171.021058886916
-86.25 -76.6318085741196
74.67 2164.10024976055
-64.69 -101.884424729813
39.17 79.5406394554743
71.32 84.6580004158845
17.3 19.5693424370871
-75.66 -74.9309411930593
-104.8 -162.464040792082
-80.63 -131.373713078118
84.54 40.0999836131091
140 166.732269805754
87.11 106.287754336029
-116.8 -128.340292898113
-35.41 -15.5541706031732
121.2 172.647703850093
157.1 195.687238781962
18.14 61.6622283989207
140.5 157.095182311319
11.67 -4.4222369321856
-129.2 -194.006999875627
-46.98 -27.360170014247
20.11 22.1518452210544
46.14 106.732220402097
-82.5 -56.6166234910535
37.4 120.531771457072
-70.3 -65.2029807053515
41.77 111.640953617988
154.5 564.457203241984
-15.28 -22.0358326412348
-9.918 -50.0420798803756
-108 -123.268432786268
-149.7 -166.926863656857
-43.7 -135.978717066764
-55.65 -28.1269582281597
-60.42 -57.5766098672232
-38.68 -32.9903601551143
112.1 205.777605424739
44.03 -2.38115768239536
83.94 122.775241429384
-69.48 -74.7072878221721
106.2 138.389501175433
-101.5 -139.256102738867
126.6 106.13363307176
-43.19 -22.528575206863
153.2 144.883355609297
90.17 118.498642755784
114.6 109.828411543638
-150.2 -130.670255394354
-55.07 -29.3867133868255
128.5 103.821963501087
-80.72 -45.2844031870532
34.8 99.3670633668833
100.2 189.099965980161
16.35 142.2091828611
107.5 124.82441049668
5.889 91.568117696848
-122.5 -112.706165997418
-87.72 -40.8903008755627
96.95 118.538265160525
-15.14 6.81394955149375
-83.74 -84.0789630557945
111.8 117.116364480095
-80.98 -53.458174168381
53.05 57.1813766288351
-4.284 1.29241932540588
-11.01 -77.9834612545009
157.5 166.623640689505
2.784 -20.1829225346797
109 71.8564164501835
109.2 136.118218571917
-80.44 -117.89599437916
5.247 53.8820919990806
-59.63 -4.53326139507058
3.571 27.521050385268
-60.53 57.9027604982255
-100.8 -88.2929363398689
-12.04 63.5373939448091
38.55 33.9976825769213
-133.4 -113.377747807957
74.08 122.37002899588
-28.06 -27.0129375726076
-88.83 -40.5102900672787
-129.9 -118.207756143656
-25.54 -7.60686682156759
158.3 209.378407807207
-73.1 -48.0142390405968
-2.247 371.333420920304
28.2 76.5946120558028
-144.8 -91.0964447570473
-40.98 -16.8499380102555
45.03 -2.41371336974094
-158.1 3831.24474030628
-94.68 -83.4981718320005
80.58 83.3704486008592
45.49 30.3227510768915
-81.26 -58.7085302146569
18.79 47.0748286798656
-6.452 27.6100675641758
127.4 196.149188202937
-19.55 -50.5093905001059
-53.44 -151.66223573043
-46.74 -77.679078428483
-33.37 -81.0112388045617
104.7 91.7973761608399
-136.8 -107.959420269602
64.75 68.986615927606
-127.9 -170.046252508156
106.1 103.815168482406
106.8 138.1172248246
100.4 682.629485634979
66.82 57.7940438211685
-43.21 -23.9323522272922
82.24 51.0654788952506
132.4 206.118149808954
158 203.916485283339
-42.68 -62.1580387350182
107.6 95.7996513258181
-41.13 -79.5140070473357
-64.68 -114.389617353356
-56.12 -18.7065613989229
141.4 184.368317257933
147.3 70.9551309483265
-86.44 -27.7217806394581
8.788 25.1565112803967
-18.81 -194.83059376247
5.901 122.240065216336
-110.9 -108.354856859018
130.7 153.486666283647
53.29 52.6865548646665
-124.1 -115.684371810976
-137.6 -263.480018208131
-86.77 -83.5871160408203
-94.94 -84.2978794175797
85.61 138.375222433581
155.1 158.932129982795
89.96 104.58947852345
54.18 40.9239010930655
-35.28 18.0725994932158
-128.1 -123.327434857383
-87.95 -99.3417988633663
-151.8 -139.242621424735
-46.16 -121.017748431036
-41.91 -14.8161097931642
-23.88 -47.8412369193617
31.37 31.028513246023
-118.8 -112.24908439888
-27.72 -24.9458900927623
-6.801 -35.4005347972824
-68.01 -78.582757709891
-15.39 -32.907823875121
72.04 113.950799389422
108.8 378.945050721604
34.37 45.7687861479238
31.72 32.1154474393685
-91.24 -102.296642079523
-74.04 -48.2312814178934
131.5 138.969278296892
118.2 161.602097001209
43.94 78.466751628912
-26.28 -16.9956419577485
48.97 23.2577755286202
42.76 52.369298606068
24.47 -14.558257717148
24.5 16.1450804761246
-21.22 -47.9617492301252
15.05 29.0019903476163
135.1 168.323754887296
-41.71 157.876253663357
39.08 39.4429033106388
23.55 69.4881739659276
-114 -88.1449301432094
132.3 122.385497608169
125 167.52551378263
-60.58 -122.297053370173
-55.66 -82.535443087633
41.94 91.3931269528575
-26.83 -47.4743073313411
29.13 142.383065015543
-90.79 -117.500352086282
62.72 129.858616467282
70.98 54.016256475325
86.41 74.3463061135876
-10.72 -9.67141912604035
-50.12 643.781291266983
-135.6 -207.946332236523
-152.7 -119.000210268199
-6.995 -19.5069126321373
-46.44 -24.5211844098465
-45.96 -87.6901163451399
93.5 61.1649758039972
-24.66 -24.321392249259
-31.06 43.7889423292089
-124.2 -156.962805205982
62.62 33.9785529018281
-154.5 -152.929708027259
35.56 90.4420875914763
-155.6 -201.064069590163
60.17 54.6073692020418
40.78 58.3596631744097
135.5 121.484514186765
129.3 129.34117418003
18.02 94.6804760763751
-69.11 -77.1302749935412
46.26 83.4073044927549
64.39 63.6238992990193
-117.1 -101.804674413691
-89.11 -100.208295173488
90.76 44.5708980698964
129.8 105.35412853508
66.65 74.5384171746696
33.72 -33.0053234815641
-24.93 -15.4734819855915
112 78.7596870330951
-68.88 -23.7594903030493
116.9 147.00524684252
-93.92 -59.1875060795411
-98.47 -112.106060616941
144.8 129.123404994719
-0.5379 22.1355879401477
-145.7 -179.239037743954
-117.5 -96.3347373851469
-127.3 -176.453268774942
31.9 18.9081663229349
-0.181 -21.7650280825143
152.7 113.488901683986
-18.61 -14.5525110440131
-90.42 -114.222067732055
44.62 87.9411651461077
-135.3 -119.538899402821
94.14 101.486925017566
97.21 83.1169614288559
3.255 30.6798884952953
98.37 131.205057856401
-125.1 -183.490913173144
110.7 133.892395645947
-104.2 -82.2839662743653
-12.74 -290.327945767438
-4.648 -12.3291622763718
15.4 87.4454553747181
-19.77 -8.04021303071951
90.67 69.2385208463644
-138.7 -190.364804340669
39.39 81.0259389123563
-85.2 -66.4572083849089
-127.3 -187.532187696052
147.2 133.910150118056
146.7 110.652032906357
54.3 -2499.57771984141
159.6 123.056580484707
-133.8 -119.227051089405
61.12 84.0017736491593
-57.66 -82.6036685786923
-31.21 -20.5432521808914
-4.368 39.013644249721
56.9 80.3880475300381
-101.5 -87.4476454577961
-86.09 -113.028130849006
-58.15 -36.380647101934
-152.7 -184.818245816733
101.1 106.783824307981
73.83 161.167618188655
-14.48 18.5590247674935
-29.7 119.384879789549
-94.15 -74.8267348117142
123.4 88.9262801679947
137.3 228.339051431112
111.5 171.089234843521
-6.874 38.5275728786655
96.24 58.1425889895937
-78.95 -133.572189705489
105.4 77.3218632934772
130.8 168.233668623836
-145.5 -204.268503389016
28.18 77.1802471316757
-27.94 -83.4649384339523
53.92 74.3715718638185
77.57 82.3014138806427
-75.72 -60.6051282787488
32.45 73.4462797403418
146.3 148.14968454079
108.5 56.7786504020013
-65.53 -65.440503714915
-155.9 -187.216239219837
-79.14 -59.5992138460795
40.45 58.9048291867554
12.08 69.0259034005176
37.04 53.4001550924495
-84.16 -49.943698096231
-159.8 -293.555588307967
-38.46 -7.26374064519012
120.6 98.6536962129306
-100.7 -93.4820766330352
124.2 153.202823323191
-5.07 -8.64672217713543
-30.67 33.0023336105508
-146.2 -149.923701076287
-133.9 -106.645886455885
-145.3 -138.185418303108
-137.6 -180.774058978199
-25.46 -26.4548807545139
-70.87 -55.7825753168937
67.15 65.5426069991057
92.63 104.495019972819
79.52 103.482011381641
50.05 437.85420172667
5.666 23.0152824638068
115.7 91.1642648045197
-48.47 -8.40208910879653
-33.37 -79.3565068943396
-72.74 -36.2853842517602
36.61 33.2906531152239
-78.73 -32.7651671964957
-151.3 904.641901067206
-74.69 -97.8752521682389
38.81 69.6266533010946
-56.48 -52.5564017685181
-51.57 -67.2549869714142
39.68 91.1121855916672
-46.29 -62.8028920159946
-37.96 -36.1494178427321
-70.66 -95.6174320522493
-119 -156.479960806662
-90.57 -71.0602686588732
-130.8 -100.158512695054
133.5 156.654284457863
-55.16 -90.9903545922515
65.35 90.7222306352632
19.83 48.2983236617117
126.1 100.28387823075
33.81 92.5357453119971
-62.11 -28.2834856182831
-151.1 -253.245817581706
56.09 82.9453350168334
-114.9 -143.771985476145
87.05 66.2410313200811
-45.35 -119.520937865118
-115.8 -131.766271953994
-132 -141.860166444414
-143.3 -79.9937498962104
-77.53 -80.0859543632241
-70.27 6.4948562767838
-95.73 -139.551908899617
123.2 177.008689554102
47.86 53.3805318941232
-107.5 -53.5920555807187
-78.77 -123.001046662693
-18.2 -9.42059001804799
-102.4 -80.1058443951373
145 168.653651195889
108.5 84.4897031391033
-159.8 -242.7578439999
-99.28 -102.207571802227
-16.79 14.8932967995206
-18.74 -19.3754520744213
-106.3 -92.9385964744047
-43.23 -46.115528425685
54.64 76.1315639655998
117.1 133.148209976991
89.55 109.252908231619
120.7 102.608066935044
-30.89 29.885789312578
157.1 233.382591910873
-98.29 -43.4905207785874
127.9 168.023269360123
-132.8 -137.087347034086
58.81 95.4020625525956
120 180.444132533331
57.23 42.4840545297897
-37.77 -37.3115662830566
54.38 44.4460561173282
-13.25 -20.6031636262647
34.2 32.5003535722892
88.46 4.31728463890565
-46.24 -31.188794558883
84.89 97.2988806973909
92.42 6.96277418400045
-159.9 -371.840815413088
94.79 115.396842447923
76.62 59.0013435792391
-78.17 -51.2922615441474
-112.4 -146.392135694255
-148.9 -225.766274978153
116.5 125.987376475163
145 91.7599707049392
-47.02 -26.7508417837506
-13.99 17.209695160045
-53.21 -65.6126135023741
126.6 158.454096680079
66.32 38.4166876387907
95.78 100.367821381554
30.51 -0.113551493065363
43.5 77.6402808968809
-37.71 -53.2342911569918
-142.4 -85.0444835008542
30.89 28.4993155879515
-30.58 -16.6570053083386
-27.44 -95.2517226954039
-75.92 -90.6682404138142
-157.5 -182.374159334444
84.32 118.306842851806
-117.7 -111.471411404264
-137.6 19.8261364865783
21.82 -284.624944210036
-19.82 -14.3890592318829
71.97 108.729606335896
123.9 78.1311883607866
10.3 47.6864174831145
72.49 29.6207592307875
-113.9 -94.9109975740645
-34.76 -30.4839235471217
-108.9 -109.342423873512
96.49 48.6329704360197
45.16 40.9190120153076
131.2 135.053864365487
-45.02 49.0559186080796
149.5 89.6691894032527
-56.13 -32.1470481778896
125.5 179.607690621187
21.39 76.8272127608356
-29.56 12.2989352795265
45.45 -17.1530501400165
144.1 116.126366436306
0.9141 21.536864544157
-159.9 -280.315430089645
-80.74 -98.0875061312634
-23.51 -5.46063269501937
-1.425 6.31723514520503
-26.93 -61.7514860850187
-45.53 -95.1318480153451
44.76 58.1132618302504
51.62 77.4314452677111
-146 -108.414128934339
-36.59 -35.7930861916056
-35.7 -91.36143936609
-127.5 -212.795477628168
124.4 125.74330967909
134.4 133.35624961621
-93.63 -87.1560941320059
-145.1 -192.509635089015
-115 -132.606300846149
-93.31 -96.6075303332424
-15.46 -159.602967083464
-107.2 -196.742381325121
-35.96 43.8216638771038
100 97.6841914613223
20.4 23.7271992086537
-73.73 -71.0738630137931
-101.5 -45.4776899997542
75.78 5.67200444028732
-123.6 -114.055032141317
122.3 61.5865814939892
-16.97 0.27989091425157
-73.59 -147.038909704868
124.3 106.699589226222
13.72 11.7625226015803
-50.12 -44.3830687368226
-125.8 -157.77414762526
-89.87 -55.4214863267672
-157.6 -243.476777952433
25.94 22.1632045757752
-17.47 31.2832822693181
79.52 145.742531957377
-50.86 -35.9078601217673
-49.7 -81.9043661050791
65.06 46.4571414410005
15.67 20.0619491625234
-76.97 -143.21146892118
139.8 142.112146677812
-141.2 -169.272397702238
-18.69 -26.8274699490582
23.56 -0.130716784003889
37.36 -21.252143790984
71.99 45.6449816175165
78.54 34.7545208220883
46.59 43.7049172429511
25.78 -20.4227898663719
106.7 102.26052445152
91.97 93.5804704196944
3.891 -17.2741343178162
-82.45 -101.757917095063
-86.21 -101.842271936327
90.73 136.334033044033
109.1 288.454573002638
-129.6 -139.74262807055
12.53 7.86280237612665
46.07 33.2882347954636
-100.7 224.797155415288
-28.2 -36.3211771034276
-144.7 -139.987671988248
42.17 50.546520329616
-42.52 -27.1303957989806
110.5 86.2148179474374
-121.7 -225.141323508469
-2.27 53.1977327172109
-105.9 -92.1557339839838
-156.1 -195.571212679496
30.55 22.4638412812271
-146.8 -175.602397109493
46.6 25.5706539285114
103.3 144.456031397633
138.2 157.131574810546
-42.04 -27.3336259114713
115 212.399441945225
-36.82 -32.8271170122644
18.43 43.4619687943014
104.4 165.856422280668
96.76 87.4632694663844
104.7 154.294050344304
27.86 36.1817561038256
-96.06 -129.935431722655
132.1 182.605149388797
-96.44 -114.208549543916
-14.31 -23.8308290516982
-38.91 82.5018546063279
94.39 87.0787905721323
148.2 149.017295885658
-64.16 -33.8846477816409
16.18 66.5586520309844
-21.2 -27.5679639720473
153.6 134.178187495687
-49.49 -110.496120053835
101.6 75.5775644683869
-91.37 -43.0643799659305
-112 -105.556827283831
19.5 53.1441915166451
-54 -66.2207949648163
97.32 66.0642735833021
-17.08 -2.01304717442452
-148.5 -140.6988759064
123.9 175.799656715659
-15.66 -38.6158557824584
-82.31 -190.259400405443
67.2 155.18094956143
-84.48 -84.3629387801675
11.23 35.1548619158153
136.4 117.176446587039
-78.6 -41.307434318453
-27.36 -26.3326763489963
-146.2 -318.844680530349
-127.5 -98.7575455371852
-124.3 -123.407711359253
142.7 152.908842000807
121.3 123.147211159899
-86.96 -87.8505821719364
-137.3 -90.7094292304059
4.721 -5.38670067160698
47.94 96.4828549779345
91.01 137.735262529923
-34.76 -97.7133742890695
-131.8 -75.5264356677694
26.48 106.631573796781
-40.1 -86.0763862075781
-71.76 -72.2742704287251
43.82 34.64165303537
-139.8 -106.861941384368
-36.95 -22.6368719366259
86.59 57.5441723445514
22.42 57.6304203816612
-4.463 24.0072787765749
72.74 98.8490549539663
-26.03 -45.2656959619921
-10.6 -53.4689321604837
31.47 55.8451314256206
114.6 61.9889318519806
109.6 67.5981099352786
114.1 154.314986346912
-130.7 -258.852821447289
41.14 2.39947037402701
82.05 88.6577970774213
-59.15 -66.8173167532636
23.93 58.2359518522439
52.05 47.123479011251
-48.64 6.93706015910917
99.42 143.149964672614
-50 -82.3520381581801
48.24 108.915916517723
147.8 187.829789270939
-139.2 -148.21173641174
72.14 63.6494197488638
-88.75 -70.8001584353323
-21.13 -29.8635669564402
-51.48 -65.7718609351418
-53.39 -20.5885832671884
87.35 226.355542797634
108.3 120.839132681425
106.8 121.385249926391
-149 -252.145528645931
62.28 68.1541795683697
102 142.431358246537
-123.1 -182.256626396054
102.6 64.5390479820046
60.23 17.4344857225775
-154.8 -143.560723731418
51.81 120.506417610979
-137.7 -125.819088510839
90.33 78.7079713100521
-111 -109.774650280768
-120.6 -158.945967545656
132.3 140.597570046682
135.4 223.051111183964
17.32 -36.6016857757852
-139.2 -134.747193360061
-159.8 -146.541432064925
108.6 138.945615612031
29.92 55.9227644288801
-151.2 -221.708497450632
7.621 168.930198067198
-6.031 28.2475120114883
-98.48 -121.635678218807
-156.9 -241.365354471383
80.82 105.675500014341
25.9 117.041443320582
5.64 34.0777787801885
-153.4 -52.8410047610854
80.62 87.4260683568506
66.11 69.0574315005975
48.8 157.477620988423
-47.51 -26.5166247064423
123.8 130.454685846447
138.8 190.712975874813
7.721 78.559107883394
-71.85 -126.557820788059
-117.1 -145.159747316306
12.96 39.006834123175
-141.5 -121.865341848789
4.166 -2.82544171318621
102.6 103.957460217799
23.47 -13.3414650286061
144.3 113.41622568732
-43.45 33.9098231096004
-12.54 -2.93191124116387
115.4 109.596903082397
-143 -353.511143999288
-4.142 13.431943752001
-130.5 -70.9786109745661
60.82 69.8263079142851
126.6 131.420460021086
6.124 41.7286849999285
-118.1 -233.056645378242
128.3 785.686449982401
156.1 134.067712922615
130.1 164.258840295642
-119.6 -141.052806446948
26.67 60.626238394176
-24.98 27.7198923794563
-127.7 -158.567784855382
1.354 44.8066329910932
72.34 38.8584682550295
-91.51 -77.6210409497751
-26.11 11.3603595707733
-92.84 -131.108567497959
-98.16 -107.045112033992
109.7 51.9874828755901
4.684 0.394551480383428
-50.64 -90.7378000087436
45.94 23.8488013533654
112.9 84.4170986818538
-85.37 -75.744131164993
158.4 124.618332177164
-23.53 -54.4123205275227
-53.54 -49.5459029539165
124.3 135.31618270099
-147.3 -160.453119062077
58.3 73.2768761326861
48.46 -117.945097577812
-43.59 -50.9648822516141
124.8 83.6668035597475
-126.3 -131.620597574152
25.35 31.687767454004
-40.89 -101.784363431174
133.6 103.603418480478
29.65 22.9613969244682
-69.58 -57.0410291817107
103.8 116.612168044879
27.82 -1.3672277472339
-159.4 -116.163279357525
127.1 184.858600585208
-146.6 -188.96811207351
94.14 102.390952688095
57.51 55.4721947212152
-44.79 -86.069986816985
5.287 -30.2123885286266
-138.6 -171.31726287528
56.96 10.8042528537932
82.17 75.4017693253693
-35.23 -47.6358810800495
-58.3 -10.6226435459838
13.02 20.994868686961
-38.17 -14.1997991066876
-116.8 -106.996623584268
26.09 22.0433866558671
111 98.5056299277077
-9.044 13.0865467337203
-38.51 -6.70954568092431
-79.12 -96.6235037350738
-25.92 -24.8117748089227
-94.16 -69.9113210077734
12.13 1.46588694965788
-42.96 155.860637845092
-24.78 -5.02041846021926
-85.73 -351.12658708443
101.1 144.265313501889
-82.08 -75.8272531812483
-111.1 -112.093763447972
57.95 59.4380466679291
-10.44 -18.2807819797031
142.3 179.479262262863
43.03 -164.376197169226
-113.6 -190.460335831511
141.9 121.387776301716
37.74 52.6284270491784
-146.9 -185.483005115085
-158 -177.181932613356
156.4 209.475857275594
-68.17 -133.719467638424
49.42 124.94324031249
37.11 242.582823955801
-119.8 -136.206957689366
35.67 42.3814479236935
-44.25 -51.722633683513
-139.3 -128.945730292587
-36.32 -21.5699890957416
-115.6 -39.5511645686173
-78.8 -47.2218712669026
125.3 115.689849458812
126.8 136.348173799234
-133.9 -132.182467589611
-148.4 -135.036166190138
114.9 119.30573983006
-93.62 -176.761798848719
-5.407 -37.9848710876448
-46.71 -13.9608826886426
106 103.437473381481
155.9 158.810798614597
138.3 152.07317248236
94.66 40.0819385289695
-19.81 -5.04722230804541
-37.73 -96.8454839062164
-33.14 30.9897987371301
-96.18 -110.466077260597
154 186.469380603662
120.3 139.889122563406
-58.91 -44.3563905173037
44.43 50.9799734673614
-114.5 -117.903783781829
-109.2 -150.310749693735
48.3 11.2277131936767
-43.61 -37.6289604403932
-43.3 2.8075004909031
-25.84 -34.9356727960738
-52.09 18.5501403752033
-108.9 -13.7999153892809
-46.45 -98.003619712204
-40.43 7.76680644272853
96.28 78.6020844121367
75.38 50.2920437479555
-65.18 -91.224217019273
-5.52 -0.654279547546213
-70.03 -33.1523422706321
-151.8 -227.401800771527
-93.64 -91.6859335810004
-38.41 8.45502959194516
-35.46 -44.1052184875387
110.3 123.641213820235
-63.54 -61.1912856804302
-107.1 -210.148565824589
30.53 25.4683321836042
36.43 -9.5480089684136
-92.64 -108.460611338975
-111.3 -82.7235565752021
-142.8 -176.936535327188
84.52 58.1006370941038
-145 -134.2847163206
-98.58 -112.321528733875
6.757 -27.5481283454737
43.85 65.01158568107
-3.341 -30.6144241160079
61.38 47.8120144789535
-145.7 -98.3233967821122
83 62.6883007940277
-112 -103.704269527845
24.9 46.9662324368907
-80.17 -101.252730619468
-149.6 -158.714961270252
139.7 162.860896044794
98.8 101.910724233444
144.6 136.536754732849
-106.6 -163.461728802524
-93.22 -90.4096275223794
143.3 131.375139138652
111.5 154.791113179134
-53.94 -103.634460003182
-34.82 -21.7072515788403
158.4 159.9603037467
-46.29 -0.826029091826765
-31.47 -49.3378233896004
-64.04 -66.442971676628
-155.8 -184.632585212178
-71.24 -76.7273138163144
-58.88 -33.0048299283424
10.95 8.26999802934134
-97.39 -123.597436699322
-87.98 -55.5054621049031
133.7 148.31739998276
137.6 154.038935372703
-74.07 -104.430988572818
131.1 77.8717860749002
150.9 75.3101470711138
-98.52 -119.680440591554
95.58 134.407386263192
67.53 46.7041698967995
97.33 105.337300549499
103.7 209.085742970822
142.5 133.410149203068
43.36 72.3537455027511
107.1 96.8001149801482
-100.6 -177.445153308622
-84 -39.2919818064486
41.46 18.1050452971168
-9.227 -18.3986547682379
-49.28 -42.3653798779314
-106.9 -152.678835111491
42.03 19.3066972930693
77.45 105.829889338842
-29.94 -40.2677949183221
1.544 8.5766605702831
126 141.120705033002
7.325 -0.641030439233135
14.63 23.2262803486508
-135.9 -78.9167670168173
-105.9 -170.807051469968
156 157.969783558663
39.42 42.3196452921169
68.84 58.726757767879
31.9 15.1159939801288
-6.34 6.61220075476173
-135.4 -193.400033856016
49.77 30.8757906786355
59.8 110.691862291097
-10.35 16.1584072129671
-153.1 -151.645367547801
156.1 171.930213357648
32.13 72.5490890963231
137.2 150.012118915768
87.4 -240.122928633143
9.458 58.8540813952254
116.1 76.4047351489693
64.37 96.3515280367143
2.65 -10.311484865373
-87.52 -70.6445946408217
-85.32 -117.536311584547
138.6 79.6089814434505
-56.4 -41.4271160364301
-141.3 -109.759506651539
-142.2 -153.224353592338
-159.5 -146.155349907324
-50.48 -103.948555395162
68.46 82.6931467702415
-42.88 10.6663949299473
153.2 105.222117804159
121 161.941921884976
113.4 143.413380882011
81.98 119.311137339599
-70.84 -89.3285606574152
3.129 5.28590631950589
131.6 123.446738468044
-11.35 4.6622194529982
-33.55 18.9355656013798
-60.49 -111.017761035489
-61.31 -39.2597319758914
66.66 73.0205576686151
-66.02 -120.811662414088
150.2 137.333029058249
-60.13 -33.816575227784
-85.25 -101.473402491697
24.53 37.7552559024208
-130 -208.945947098947
-98.43 -515.933011237002
-153.7 -173.026842439164
-93.8 -106.995205726978
143.5 184.64024265552
14.63 70.979440300269
-6.529 6.65826855067573
-55.23 -79.4810239517429
-87.01 -61.9392608607959
118.1 157.049862613917
26.73 65.7284651008173
-64.27 14.5002036334786
29.96 50.8971306036636
-155.3 -165.319197615599
-138.6 -175.386040656525
80.31 108.242453201051
89.05 55.196483968018
31.94 36.0558882206811
58.1 52.9043957184429
-111.9 -105.654350965863
-42.37 -62.6019886539822
-153.3 -189.178283373011
-33.22 -68.3685070611542
26.72 14.8914219015022
119.9 159.82396650882
-18.36 -8.42910241244818
-96.26 -52.1509850453755
152.7 161.037709115324
-109.3 -110.437202096894
-29.48 -45.4417131675566
-17.04 -25.3193464018089
-26.69 17.7714548590606
-158.8 113.598397921232
157 162.600294768359
116.9 53.7002317847325
115.7 179.840033805381
-38.12 -65.0066508978843
-53.57 -45.2228897177163
121 148.775554189832
-152.1 36.2198791036491
107.2 97.920846000557
93.78 102.725608753378
96.96 136.057734884533
-59.21 -48.3829103639577
98.59 23.4235148608424
91.39 74.0537193289677
123.3 111.67693085429
62.22 48.0377402442773
-21.68 -29.9384639418255
130.3 186.698847398475
151.1 145.615461876445
-111.1 -140.202906456442
-159.3 -158.484360083798
-65.39 -21.200363374254
80.97 72.668918907543
-150.6 -261.830654207017
64.92 85.4986797782103
-8.342 10.5081638842098
89.79 74.030188499133
139.4 203.555591188652
-64.52 -68.7804622629914
-19.64 76.0608798596144
88.28 83.9440150588179
-62.73 -80.3405940365502
80.94 132.972757813911
-110.5 -144.694759752895
23.01 45.7039003232638
131.1 194.858773516163
-123.2 -70.2457742960712
-77.19 -32.0922984492257
-35.61 -27.4598665974379
107.8 103.953188115446
125.5 137.341486041744
132.4 183.166791324502
17.79 -1.46786103839877
96.35 87.132249571673
58.85 104.107556584219
3.2 -4.07216999967065
-155.7 -211.06026613017
109.2 70.7437864441123
155.4 124.201976252897
-8.919 -15.3810777605815
-76.35 -110.47534335246
-11.33 -81.4389085766368
-95.02 -76.900227683203
-101 -73.4668273621
-121.8 -111.633033192784
-91.46 -272.355795569191
150.7 149.389195823498
-83.93 -109.73890415725
99.63 64.9064483080917
-93.79 -113.053827622362
117.6 149.483124731995
-159.6 -203.649544881363
-148.4 -299.407135771098
-124.4 -170.454295961347
-153 -187.502072479868
151.2 27.3475152900078
-131.3 -114.401619537565
22.53 68.4351668504415
84.07 23.4761669686775
-141.3 -279.038297155217
-114.3 -162.866932586888
39.62 80.1798122054533
63.07 72.0748711115358
-138 -136.673666449326
-55.12 -73.9613118470729
-159 -155.535022965519
-62.19 -25.1541548914221
155 104.84996107712
-95.3 -134.391832990807
-68.79 -52.5302101370772
9.869 32.1752717338259
-13.3 34.7546998148325
105.2 163.914568916079
2.232 12.3070621089362
-97.07 -118.974169526605
110.3 58.3313128564411
-60.78 13.0458242011812
20.25 25.5081565413784
-54.03 -89.3284056418349
87.43 71.7126835115111
151.2 153.733331334051
-16.22 -53.7094355192343
-102 -80.9886089103883
148.3 226.256366889747
-134.6 -244.579645779744
-87.26 -115.115296138574
84.08 79.4725400138033
-4.305 42.4264885233728
-109.8 -113.712567745754
-128.5 -163.618257465876
-99.35 -111.745206599554
23.36 47.404582978514
-105.4 -70.837846208209
-119.7 -135.524391266666
-93.85 -199.606831944702
-58.44 -123.207744905915
58.8 74.0345883266644
35.47 -144.989133828375
-118.4 -83.2935497882632
24.15 53.8755264066329
-82.04 -58.8018517976819
-21.67 -2.13801009498319
-0.2867 -26.2254541688993
-70.92 -57.8405221033431
68.94 37.1289327956457
-52.89 -54.568685912023
-82.23 -96.6363425021494
104 99.216651378365
106.9 107.416760455441
85.01 83.2723127428678
-145.8 -179.178093549866
-115.8 -132.15976981173
-62.02 -67.8816826598931
4.677 32.8599657541334
-121.2 107.627108539804
13.78 10.4375567725483
-71.2 -62.2456368574029
126.2 104.676360433145
149.8 116.57723621707
-33.98 -16.9242627960416
74.71 108.266979818342
-139.6 -149.491195569587
-37.53 -49.6690522546673
122.6 108.273249415075
-125.7 -63.2817590836744
-95.96 -62.3407385669817
-4.726 37.4928002749586
-10.39 -8.86918698044538
66.87 39.5751659587139
129.4 126.238851120658
19.78 28.2004606159977
-143 -151.966221434526
-141.9 -129.200023818333
-108.7 -145.058129008728
113.3 137.203653724573
-140.2 -102.612843040987
-25.88 -79.9206943594375
-87.86 -79.6846946260237
-89.85 -44.0706378607108
107.1 86.1944830577229
-127.1 -203.542083807393
-125.5 -148.712408106908
-7.328 -3.17629234043992
-138.3 -187.593042394883
71.83 44.2446811974763
-74.17 -160.947497873474
-3.219 -57.1305736693148
112.1 124.950973521069
-18.01 49.6992396596609
-95.6 -80.4893407424557
27.55 5.15266172225095
-29.1 -9.87860370668514
-127.4 -1396.23787246236
151.7 147.063852047077
29.96 48.1869825601158
-4.258 -11.2322104258086
-46.92 -49.7560534007174
89.29 96.3240855120303
-132.2 -187.169061963159
-155.7 -130.225526721156
43.62 64.0924936820851
132.2 134.402915777874
-34.39 -20.5586405153655
32.53 34.8967046621864
-153.4 -134.512141174516
-76.43 -66.2537887008266
-7.773 -10.252484015084
82.51 78.7345217959977
29.91 74.8608490808804
-104 -130.441088790965
137.7 145.162108339836
153.2 89.5406831873586
-45.01 -39.561453278779
-78.8 2.28222085247107
-16.84 5.29782446660895
61.84 67.5706750560455
137.3 140.949282528361
86.65 70.4964161854278
64.89 86.5299728468114
-26.83 -19.0548042821114
-152.4 -140.726993122408
99.1 95.7148640686903
-95.61 270.563151687082
35.07 48.9770189349103
26.82 58.907244321382
111.3 121.623187429984
62.6 82.290800066572
105.1 128.168030169121
34.03 93.116953947673
-72.65 -88.9370442480139
-108.3 -230.910147517284
139.7 126.137072457858
-140.9 -105.47612228438
92.25 51.4612460886831
-112.5 -158.511975767229
55.26 -70.9009375123104
152 144.286089902626
126 116.47834736115
108.9 99.2526054724231
-68.3 -45.1069895969332
-100.3 -81.7563923404854
19.6 16.908804186871
25.91 1.90384283170779
-10.37 -37.1771884433006
43.6 34.8772237907758
23.22 120.610959533765
4.912 -17.0547889635424
-73.59 -66.4919583027085
-93.53 -174.398852333596
-36.15 -50.9459264227178
150.4 120.701163377644
111.7 99.4927149304261
-106.9 -281.219809962517
56.34 11.581432431815
-98.72 -119.028544460986
29.69 78.7206782702637
-62.05 -88.6508939458076
43.4 43.080790682436
-69.94 15.5625060942022
149.3 130.703419695369
-28.69 -33.261344503249
65.51 132.421719899073
99.42 86.9474136482532
132.7 147.902195940732
-1.85 32.8136660029323
-68.72 -62.2576331841828
-93.39 -54.7174686875689
133.9 163.023358794541
78.57 71.3726393631947
-14.24 -17.4842941053582
-38.99 -66.1109000225032
-108.7 -115.858057812155
-78.49 -95.3692624166393
-90.28 -95.8491238780731
-101.5 -92.2604887932205
11.67 76.1951207005072
36.18 10.2138011842607
-9.34 -22.5822028798607
71.84 34.9162250308395
54.75 45.6799745873848
-146.8 -243.304757477896
-88.7 -65.2513236500466
9.865 4.70030732152263
-45.1 -79.5780393889426
142.9 124.35536946635
61.64 52.8579949347667
108.9 191.846924616033
81.23 106.46275829339
52.47 96.2621976180391
-59.07 -69.4570866556411
-100.7 -81.4733401043367
-108.4 -130.330979223636
94.64 63.8518960707579
51.09 8.39032216992599
-21.98 -52.6497965859817
136 171.939938354452
-76.14 127.905329332525
-108.7 -137.247201155849
38 86.6234643654869
-155 -166.242438747244
-126.3 -138.537928068402
19.93 23.985713418257
153.6 155.759136769829
-105.8 -108.583506019259
124.6 129.044526057691
-34.44 -43.8205546115829
-4.656 35.0866009475485
5.223 24.3307828367319
-52.47 -70.631245802481
-78.47 -118.150482475676
-139.6 -190.660742157512
-29.45 -25.318524435444
-101.8 -132.618580973315
-33.4 45.5134283973285
-25.57 -60.3089824535337
158.5 151.414880548647
101.8 148.393927624193
32.77 67.3394728582275
-141.8 -160.602485997199
40.93 37.8016467570108
20.79 -57.8544419888113
51.58 -54.5006195903562
122.9 147.537569187061
78.4 84.5789580323265
9.684 33.3247699954458
105.2 103.903105102519
98.53 94.0126231364761
104.1 100.813740779445
130.7 98.9101951901209
-20.14 31.1181211807273
-133.7 -239.962435467475
8.19 20.1958907513237
36.88 86.3313256462839
-110 -190.488047344533
-128.5 -176.774046567022
-26.49 5.00249065401153
-8.591 0.532060392690264
-82.38 -84.7942518697563
-140.1 -192.408558870235
-123.4 -99.3506418604821
-1.633 -9.39927414937429
135.3 158.322928132425
36.14 18.759354569947
151.9 159.200303344779
138 105.029687302535
-28.59 -51.9058123867641
80.36 36.7461282908505
-116.5 -204.381322694898
86.11 114.830302916915
79.64 38.4317750472561
-35.76 -28.3385776099841
7.545 63.3240473286853
47.44 185.173598941677
-22.14 -8.03084643873979
146.6 173.742895885498
51.64 58.8871521756639
-22.74 -10.8630708078312
-146.4 -175.886355965346
-67.02 -73.9929501589132
84.46 34.9076228126038
36.48 5.38309895812701
-30.55 -25.2202848855792
144.3 80.2668307504855
149.8 69.9073690519273
81.41 106.482191541751
125.5 178.13681076666
-42.62 -44.7037739153862
125.3 107.679307008298
-144.2 -164.419509417231
-63.17 -47.1564514593965
-95.31 -152.343219501621
34.97 114.666000368406
-4.338 26.4869657970031
68.4 111.600130864734
-1.338 4.21542307390415
95.86 148.312193475386
149 160.690580526665
33.93 -39.5870001727557
-36.9 -70.0722681393792
-142.3 -106.472256486067
-78.39 -20.8458301947872
-109.5 -108.390791559756
81.93 63.2233978534142
-83.23 -89.6665824916919
34.2 23.6719711352665
-80.87 47.2562216148002
-96.51 -175.18922455511
-31.35 26.185940828757
137.4 120.837698798639
45.93 123.652010035563
-76.55 -73.5379683215881
54.03 83.2532280916324
-36.97 -13.6755546340553
-20.73 -16.5859289520601
-25.31 -54.8310881877967
-127.3 -82.1179435428917
42.29 82.8370884467382
-110.8 -105.316393410085
-16.04 -56.8367759786548
50.09 -24.5497929507942
-66.71 -95.4581992773264
26.52 51.6725503345271
59.9 79.2489626201044
-71.3 -50.5571684978849
-109.7 -80.360703601508
110.6 110.863587427759
68.87 41.0303426825668
141.9 80.0970643573198
11.44 35.8064864183062
-134.5 -131.420836964838
49.18 56.9193166206051
-98.36 -115.501298731711
13.18 3.80177528662947
-53.64 6.55117414573487
-62.55 -40.4497395744627
8.742 -4.74973856795175
104.5 116.750887423559
-116.5 -188.685771134792
-83.75 -60.7325041171701
-109 -119.019525705411
41.59 -115.056804443248
-141.6 -166.670091868119
79.57 75.1487142031135
-141.3 -62.4737332750254
-16.32 60.6194420457564
-135.5 -251.801738566466
-96.86 -78.7818033088562
105.7 164.211294100444
5.631 38.0924227396306
-67.42 -79.9710892481653
-140.2 -81.3822192792581
145 178.165705761962
-137.3 -155.623440625951
21.22 -20.274587283442
-114.6 -126.310260650264
128.8 73.5689139051406
-58.26 -98.1606800583967
78.76 75.1309174668798
-79.73 -66.9949411916182
-119.6 -163.972773041091
139.4 170.848822846156
115.6 168.988617704088
-112.1 -138.575935376239
53.64 30.5225569040745
-66.82 -54.7834426283072
1.394 63.2761474122613
-92.27 -56.5796779196319
-144.5 -199.264163770865
-23.06 -12.7611436947028
-123.6 -52.2191531363808
-112.6 -116.042874725139
-15.55 5.29425933768327
147.5 116.448806289811
-97.01 -122.199830074754
-134.4 -129.66037529208
-118.5 -156.633516315358
-43.97 -59.5981648453337
-32.81 -15.3486816109803
-128.3 -111.875801848433
-114.5 -128.599895513632
143 248.975993691866
-132.9 -117.885246152745
-40.23 -70.1555478765308
97.67 125.18844471344
1.6 -10.6229826247403
77.42 47.3169352553674
31.9 53.5805616389734
75.28 97.4862417703941
-124.4 -81.940992792018
-50.51 -53.2033158124766
-64.44 -15.5209705546227
28.1 29.744281327929
86.58 92.3990764007034
38.52 53.6027667742145
-55.3 6275.66364762753
49.92 17.8209604190851
-101.9 -110.981393225795
-115.6 -108.673893475873
-91.13 -130.619744664185
17.1 24.777037317225
11.6 -33.6947848933203
-93.4 -84.7732145890328
-148.3 -136.703905314945
-5.263 1.26674880761766
68.13 42.8380694196201
66.11 71.3799138457189
122.2 111.955165193846
138.1 133.970906326792
-76.08 -105.121613412309
-117 -174.86427347177
3.563 6.42265738839589
34.96 66.532160046646
91.19 63.6412644804607
41.46 46.1133942644988
-136.9 -168.031846078846
-22.56 -0.677760155889196
-126.8 -175.37548125727
-144 -113.910370868807
-81.58 -63.263796589488
18.24 33.5164815549254
71.59 44.7926955188772
-97.6 -17.421092317654
-64.36 -79.9667359559073
-114.5 -88.147342853296
41.24 68.9898773275166
61.54 49.5380114236507
-40.99 -50.5619942657958
4.675 -59.0298300629131
61.25 49.9529765577109
-147.6 -143.030009922041
76.41 137.49853808519
71.08 40.8502662958951
-96.96 -95.693615228425
-64.26 -34.4410775863163
-21.83 -22.3107025343941
22.54 17.2380109558855
122 86.3567297472305
26.52 62.0612442500281
90.63 70.5048930477942
-141.4 -202.865909696792
-130.2 -191.191591926211
28.59 46.6828523512417
-79.39 -95.9615854129842
-139.7 -50.4978800204524
105.4 117.638015071811
137.6 132.60251728101
123.9 189.861989401993
63.2 86.7833006652374
-105.1 -121.386510736187
118.7 91.6055304068269
0.8939 26.5754847028998
-74.98 -47.3051598083412
-97.67 -73.8665930497913
56.54 54.9682011528415
-59.42 -106.480508555987
149.2 94.6645273619694
-48.8 -62.90915522537
-56.12 -68.8706094953464
-102.2 -125.065635335294
135.8 143.391269532227
-70.67 -71.3818587081134
138 134.405016753464
80.39 -245.987623629244
99.32 121.469430983711
-130.1 454.373815543981
91.49 -2.86538224353338
155.2 225.121771191923
100.2 124.464247118608
108.9 122.146572950327
4.462 -49.7405489668314
73.62 78.5136750734844
-95.56 -56.9842486352912
-7.225 8.47586658100591
-25.26 34.1006133471387
-38.32 -57.3131803494734
-62.59 -81.3694288183226
63.5 72.6092813461599
-69.86 -65.5720653995773
-83.12 -111.061372938296
23.34 8.97949716427486
-62.75 -34.790033192202
83.01 104.925600188261
85.66 139.767781922677
119.1 89.9674894187255
47.71 80.7491196335141
107.8 3.82018614556614
8.823 4.6317123510857
-49.29 -45.759909805021
12.76 3.25802393887763
-16.12 20.7893906193567
-86.09 -62.2539785883296
-157.3 -209.134396951118
99.45 108.238635893424
-153.8 -280.000624534897
36 17.2455552999157
-15.91 8.77289478532283
-73.11 -131.230530162093
41.86 45.9126669508537
-116.4 -92.4329027723417
-94.04 -90.1315377711529
-144 -158.767664557206
96.95 132.352644775852
-4.357 -30.4636090953139
79.9 137.19720515408
6.533 27.9259198028876
47.9 40.2698410852845
119.8 139.598692014709
112.7 119.317314626242
-80.88 82.69937731283
8.176 -58.9576213305231
-1.958 4.06094836735535
-8.435 54.065113838714
103.4 -73.9330578970143
-88 -223.530444085364
-54.25 -23.8288868462383
33.1 67.3634679420553
-80.6 -53.5018497523306
-49.43 -49.005625483263
13.69 15.5910098013468
-97.72 -84.5862309182981
-20.36 -34.4922328607935
-127 -108.677517396738
51.59 87.6421475813516
-64.71 -104.390489771294
-32.41 1.59716352277309
12.42 38.0352219508743
-42.7 -29.3555277337948
-120.8 -223.736339996298
-151.9 -149.303005523524
-52.1 -23.1866204224633
132.4 122.643389089088
48.95 52.1157107375826
37.35 -32.1337787733074
-127.6 -109.583629455059
-74.35 -78.0632150883495
117.3 94.4158368040807
87.61 162.917654080423
109.9 88.4852301418679
97.9 106.057903125624
149.3 176.519555396605
-80.99 -138.573075616841
119.9 102.586425609352
149.7 178.885191787613
81.29 90.3747861944374
21.78 -0.58723985009027
-66.1 -36.5968835261663
10.47 93.9374501234074
70.93 83.3539540620944
50.47 34.5154110020694
90.39 59.8679821968976
-120.9 -156.249813090417
-149.1 -159.258324350536
-27.61 -52.8135872863608
145.3 121.764255098768
-114.3 -133.093927282307
75.26 79.4163571377078
-30.88 -59.6724155085932
-148 -238.67692107674
-157.5 -164.725833293566
116.6 112.307596030518
-77.82 -101.928517829096
120.5 110.618825231974
-154.9 -4033.91974828526
-118.6 -222.999996839257
-135.1 -230.834093517057
28.6 27.2202831245265
-16.02 33.1102258405165
-96.34 -185.492815135903
-84.43 -89.6161072741046
6.029 -44.8701283783113
146.2 153.594290717055
7.097 41.2182483499311
105.9 121.092627466827
-135.2 -179.992229358469
-51.14 -127.619994113228
107.6 109.293897940626
114.4 83.5024099937293
-144.3 -113.352607016069
10.23 6.74305993971122
33.57 79.8719407651115
-131.9 -136.991102761687
62.41 130.960855671405
-106.7 -77.4257660632175
154.9 107.728044375594
-76.7 -144.759687684938
-39.25 -28.7625405594876
-130.7 -153.514792469002
84.64 95.7450520516735
127 132.347299067419
-1.297 -0.563955077558501
-49.77 -51.7096290648532
-146.6 -188.794926418034
23.33 5.58794106875766
-108.5 -79.6523674566088
-128.1 -158.038151664832
21.36 29.4017286792381
-101.2 -78.6472686708882
-142.4 -135.808429389822
-85.58 -32.3523714566847
-79.45 -36.5361241351654
66.21 136.431998975761
-150 -258.933547115448
-62.01 39.2830131951585
-100.8 -43.6407090704576
-114.4 -114.839960649727
83.15 108.863704809608
98.01 106.907220422618
-3.133 22.7489292386133
-19.76 -41.7330117500108
135.4 92.9919549603965
-139.7 -144.627697116012
-139.3 -72.4790018199893
-48.96 -33.6732804531234
-108.4 -66.1257622371183
-61.8 -118.806156487598
-121.5 -50.693475730432
66.52 66.2816026612379
127.1 150.208575319292
145.5 210.458277398082
-109 -90.8848967673575
-81.39 -104.536502770466
144.7 97.3205560957234
-94.31 -71.0208261653832
-72.96 -55.0220068558369
65.65 30.6434274442628
-58.08 -36.0139101149195
-43.38 -64.0351166692166
-107.6 -103.021393924147
63.99 52.8701153188886
-0.9185 -585.90587464749
-20.41 -58.677351482669
-85.8 -70.001105951925
-59.7 -76.1826739443312
-135.6 -167.170837981986
-90.51 87.8555482762784
-137.5 -195.939065276085
-127.7 -166.998753121073
-16.63 14.5799039083926
-51.01 -68.7831409278833
-138 -271.711457618409
-48.88 -20.3723122949753
50.16 66.3938571608746
82.38 50.3210503763379
144.8 182.645941349266
-59.65 -63.9875681068409
35.12 51.7233664192836
-7.353 0.109212962475428
-56.63 -79.8180178623995
113.5 90.6368950704458
151.4 166.983998168548
147.4 186.216821690193
108.3 163.076792889388
146.2 119.338123017057
-46.8 -53.6624724644447
-88.48 -131.501765453326
-147.7 -169.902148008675
15.82 37.2688025346166
96.61 67.2875735352281
136.9 145.892682547912
30.73 33.3962216413131
-129.4 -135.311980185513
59.51 33.6863865990901
-120 -97.4640850977069
-12.66 -9.36293471134599
-30.13 -88.1342443094622
107.1 189.954392801627
-75.46 -88.6368242856652
23.82 24.9876313231536
91.95 94.0726854625275
139.4 95.0725056685109
-30.35 -43.6042401910376
-36.83 -12.9321249812027
16.98 147.410455041455
-75.55 -112.725242876452
41.79 38.2196510430862
57.25 35.0521966174028
40.18 14.5514645552479
-110.3 -138.542914813439
-80.3 -27.9196304733031
-78.09 -58.6227390044745
16.98 8.33751219208815
-142.1 -141.316926275303
-97.71 -77.257328988867
-18.93 -12.2106464143843
127.6 111.436892917139
-76.37 -22.7732566315533
128.1 103.949252284649
-109.2 -128.945937968789
-153.9 -286.807492840396
110.5 104.404782766885
-138 -122.141819658023
105.2 156.74883952109
-69.05 -59.5322320024632
-159.4 -176.807288168816
-49.6 -94.5848136458155
-53.73 -38.8578846535867
95.78 120.472162977173
140.4 125.978272243663
66.75 43.6528697910385
-117.5 -45.20076606112
-59.57 -84.4798123608261
18.08 -61.7828800863897
-121.9 -224.846188025926
-61.26 -35.0248831786154
-69.72 -152.667472154514
-151.6 -231.031967063866
-122.5 -126.020751739103
-149.2 -237.094683204543
-39.17 -17.8311761982291
-5.531 14.701197975689
-151.1 -229.733070872938
128.7 240.882801426224
-49.27 -19.9626074026442
143.1 144.399444276729
102.6 104.815782677801
141.6 55.4530546659575
28.29 4.10126019460863
92.88 -52.5169907729151
48.7 11.0572136160409
95.71 82.4442779186459
-150 -165.948514366044
-39.18 -2.44122204535006
119.9 149.728843137515
104.9 151.954038960388
-2.391 18.1749800771483
21.46 28.0282181913781
-113.2 -139.974908529299
-46.07 -56.0898366684855
122.5 154.333835514384
-8.928 -1.49532134296482
-49.06 -72.6470923860914
84.03 127.026790976943
-150.3 -191.655219129158
5.365 -16.0072357379055
157.1 109.300013348489
93.48 67.7197984611518
12.98 -11.8841579261243
18.73 -6.28166680056446
60.62 99.2491244994006
-88.94 -96.2226123032308
10.97 -14.2622736840313
-19 -11.7510202189907
38.15 64.5179336735874
28.13 21.5259228320858
-43.73 -57.9082250521418
-72.58 -94.0040931599723
-6.594 -24.0584236087377
49.98 70.7464081376305
64.19 27.2399223882214
-94.99 -273.264010298287
-67.84 -38.8464214504418
100.4 125.943463716801
-72.32 -57.4450301583546
-135.4 -142.597363834959
-26.17 -19.722637592633
107.3 107.490244580649
-41.19 -13.0100090375998
-74.54 -48.557469801034
125.2 150.277119048271
13.23 32.0452278256581
56.29 111.067648715441
152.8 194.582249715149
-155.9 -135.835173772203
157.7 181.868662449066
-7.919 27.4705890891458
34.14 5.57487226307076
23.34 -4.28422150729018
-92.36 -86.5940039586822
54.52 80.8707243196998
1.511 -35.6433282696976
-106.5 -203.506465859576
69.9 106.309525420206
88.04 112.545171578843
114.3 53.9258983506416
38.53 55.8561026652133
-59.44 -43.1039465543101
-50.19 -21.8388439498854
-112.2 -170.720717489267
-17.75 -20.9499438200029
28.57 -68.5377302333693
2.367 6.7791932176973
135.8 177.518083110401
33.89 -2.0614012614584
-0.4657 -36.6333551375877
18.64 29.8106237946133
31.04 13.7501670501096
-69.26 -73.0509047845802
5.667 14.4872068877748
-56.34 -23.4724547745614
-7.13 -24.2880991100185
61.2 58.6662949586003
-142.2 -221.910974657422
80.22 153.904382423247
-133.9 -222.114893517049
-1.804 -47.7330187336826
128.9 161.281484615129
109.6 50.7499428224343
29.65 42.2046154456219
-80.1 9.11145154838587
-80.55 108.4427215932
5.85 31.6367322035534
54.2 89.0318700794641
79.92 88.2552956288293
-141.2 -224.615038264397
111.2 105.79226166512
32.47 -1.87316240544743
-40.7 -31.5260334541812
2.577 -30.4159776322581
-34.2 5.98404478601958
-93.32 -80.7402724652304
152.3 133.929106414575
-102.7 -79.4737799498606
-12.66 4.40668356062641
-159.9 -173.549738420735
36.98 -37.3072038827615
-24.6 -14.3538806081425
-12.4 -124.363349557199
-78.71 -78.1565342545147
112.4 116.925615983977
125 121.420317929258
-140.6 -207.938749878491
-114.1 -66.5590095874317
-47.31 -69.6185107092981
-5.936 -8.30588129088939
-96.04 -75.1735489856256
150.5 143.950419059686
-18.32 -45.199835499159
89.2 114.960991174243
138.3 56.7889659375048
-63.86 -100.689543271235
-58.87 -50.0955720463652
70.93 61.5741125215436
-38.85 9.74480623277292
73.53 58.2645742591732
-124.7 -254.131577293329
158.2 124.745808420987
70.21 71.4243081383346
51.65 4.02244861591312
-48.64 -39.7585569814478
-151 -183.682278590017
-128.9 -56.6120312638119
-31.45 -66.7224412842316
-106.4 -73.9399877489035
35.29 51.3718286319087
21.85 11.8500916490565
-60.46 -54.1517069477836
-59.17 -75.1633120394654
31.33 108.148421435126
73.14 36.356974682395
84.07 58.3182683481349
58.99 111.640381280476
149.7 129.176126301831
123.4 130.665530689917
15.43 40.8064623826921
-77.18 -88.6817843955286
-47.29 -38.2097488979696
-15.03 26.7704812364708
-140.1 -148.332758355996
-88.82 -175.64064654974
22.66 26.6217079885454
52.39 76.0682720983935
123.6 107.678334222213
-77.55 -79.7888967860011
-59.16 -37.0338211589838
-110.2 -171.956661712901
-16.24 -31.6042908783144
144 128.717509326498
155.6 107.534679596417
-56.18 74.1562149409176
24.85 -31.1493673498006
123 77.001543255913
-15.89 -33.6766434296597
75.23 97.9617124335999
6.026 65.6041998835115
-84.12 -88.2593416465052
21.33 56.9536075146052
-32.37 -37.9370927657914
-42.6 -53.7379119089788
31.61 -9.57780246403717
135.7 97.0628358924717
-142.8 -127.225932660265
26.53 51.8685536816286
-27.67 -20.3523970660247
-114.1 -94.1879979653494
-65.69 -84.165288684757
86.94 65.0858154229072
-85.72 -61.5378855466608
87.14 94.3393707087863
-128.1 -139.133374125338
-59.13 -92.6628290076521
-80.24 -73.5825036713314
63.41 89.8998272807573
-93.16 -99.8656927233266
136.6 150.107036518916
86.84 69.444106309408
69.99 104.894499205115
-5.148 -25.7020842128764
-22.78 46.9582719604098
79.63 109.191436231023
156.5 163.366508976028
128.1 104.048471688175
-0.4625 4.91945391119736
-5.583 29.7230165286138
-68.3 -123.675986514554
-128.4 -265.372861067622
-122.5 -144.609490674656
-56.13 6.55057446227297
5.28 54.8759145473918
44.51 11.3507455421123
-28.26 -2.56366080575221
-8.978 -28.5841440133989
-27.66 -21.926966531013
122.1 136.714645312205
-92.69 -141.024103560854
-150 -109.219153925802
-43.15 -12.342238994092
61.2 75.755297577124
48.17 -3.87773883426373
-8.333 -94.1965463735795
-85.54 -131.716530139765
-159.4 -50.6719199131664
18.38 4.74060121339127
56.34 57.3297975938594
148.5 227.172796070217
-46.3 -119.809181255678
152.8 321.001797172767
44.64 21.6333047075587
71.42 103.768347463095
126.3 142.570493770117
99.05 95.0037081348703
-88.61 -101.991319930949
126.5 159.583162647021
67.24 89.8738423070605
-158.6 -122.129294663191
-88.69 -126.508314740067
-28.17 34.6512976952669
105 170.238069065605
43.82 34.8648246135376
-69.3 -98.7047873175689
-127.2 -128.884431064723
135 201.165269727261
74.47 187.642051305913
-104.2 -127.941537482995
-23.14 9.08705254392074
109.7 67.4696779909496
126.7 123.359564554156
-85.9 -106.351742951504
26.18 45.9871661492977
-56.6 -117.311345248495
-148.9 -195.733153232666
-7.476 28.7953067204152
12.2 19.4060853479982
57.34 122.247462120141
-155.2 -146.35151380482
-121.7 -178.923511082996
118 14.9951787945559
157.5 171.299764758607
74.52 79.4660419929173
58.98 119.223567529711
-127.4 -176.781565634865
90.71 40.6532028240668
51.81 91.8423955396651
85.23 104.847155962301
-80.49 -74.9705667020718
-48.1 -26.8039843143674
-63.53 -17.9407685120811
115.1 146.079058342094
120.4 125.094099468265
120.1 139.338883071351
-118.7 -139.90570510794
-40.36 -6.30788759422727
77.47 104.449300196769
49.58 75.07073647103
144.3 159.599244120663
-70.8 -75.3245896874313
145.7 57.3680410193735
-98.28 -84.9095850367431
-5.467 -417.721652515792
101.3 142.679980909353
-156.8 -136.931965072142
73.43 139.492719466759
104.7 85.4981276772625
109.7 144.385872406701
59.88 71.0149915462897
95.84 132.167681808029
-26.97 -29.6111420017097
108.5 95.1300122339996
-46.9 181.67387632562
100.9 134.196157715606
-148.5 -224.835035849406
47.11 69.4500876643416
-116.5 -99.1918093338938
-142.5 -176.051475527206
-115.9 -60.5038704898602
-67.71 -122.475163389264
-106.2 -71.6742210731738
62.82 112.56486421127
-19.18 -33.844435814601
13.57 -116.037918459012
-150.2 -196.145535742855
-33.12 -21.5787512584816
-80.52 -92.6390760065522
-10.57 12.1512113771228
-66.52 -117.442277664467
-81.54 -59.038819737469
4.512 -36.687836940724
17.04 59.9967344487811
-19.02 67.1303326844388
-98.1 -68.0047874896732
-77.05 -249.898308439028
16.41 48.0668681546203
75.54 86.9014688304152
1.684 9.25897085596909
-67.25 -71.9311675731682
-158.5 -297.160842382648
11.14 -19.5765950263856
81.28 103.468109111858
-31.52 -33.7479732326588
-74.98 250.541160928886
75.1 72.7471458666651
1.847 11.1142125751167
109.6 145.845275288149
24.96 66.5193428000325
7.861 0.176044628473853
8.918 -41.7739761226967
-78.34 -108.945142031977
-13.78 -74.1219777890149
151 107.542117575148
-100.9 -142.10206147329
115.6 178.87788797036
6.166 37.7154216841246
157.7 148.954522558915
-18.62 -48.2799830812232
-145.4 -166.659879914372
14.53 -2.73537442084023
-134.8 -215.825079581732
34.95 58.097093383261
43.45 42.5438271241987
1.221 36.7876349770749
-54.03 -61.104510295815
5.204 10.8760011787467
32.99 108.546049398939
-22.04 -115.789102212335
-43.28 -47.4763101422734
-48.1 -43.380777219057
129.1 109.990259416708
28.71 15.2193381456721
-53.53 -26.6136212669449
-60.95 -22.1176843891472
52.53 33.8092841221475
84.53 184.690724315724
125.5 136.096897159001
155.9 190.362194480043
156.3 150.828730273463
99.26 74.9075700524142
74.42 98.0853159347977
