-4.053 -12.8240479347927
151 134.470286401648
47.39 11.0909185643447
-152.1 -134.559512591381
-109.6 -85.3103576620058
133.2 172.695984105881
-147.9 -127.764417512707
-55.22 -2.43296785852429
112.4 121.131157132547
-12.95 46.4791006279281
50.45 60.9235447946162
-33.79 -4.59419908711938
65.41 46.7012122682597
98.72 42.897764070541
-73.3 -80.5135760845264
-101.4 -111.53685832549
118.4 164.953150968947
-159.2 -142.292559872147
-81.07 -77.1427647285149
92.6 115.184197192089
-84.65 -60.8690624054893
-61.83 -50.918963799638
-4.669 76.7786109534587
35.42 15.6208620721654
40.33 59.0330803490447
99.81 76.6397808469621
-47.63 -25.7444045447353
114.3 126.439031090296
33.71 102.142691639134
9.606 36.2435602933252
137.6 100.689999054512
34.66 58.3296386181924
-34.19 -121.382865450234
-5.649 16.3376522959396
-68.74 16.4374015304788
-94.51 -179.909463939205
38.23 4.19685534524724
-152.1 -219.630515250413
98.7 96.0568218325513
2.315 -22.40592468859
89.1 56.7444503632019
51.3 -31.5755245865832
4.846 10.6610971207908
-131.9 -131.29913000479
-121 -112.085294687935
-113.5 -113.95375716937
-45.88 -90.3581189487995
27.44 -21.1504375992263
-121.4 -82.5316306143229
-28.09 25.4874422165837
-127.5 -80.0678951484263
93.86 141.727196896087
-53.79 -33.7534815748729
52.08 14.2644124453752
63.99 102.972269250944
28.78 21.5920089375372
-89.19 -133.025904140052
3.567 -8.21330840836369
-43.39 -138.378424821307
106.8 103.258501578216
-81.5 0.428254823580537
143.9 131.762081058395
-9.267 24.7043969515521
106 116.491279383434
134.4 121.990478174248
-59.11 -21.4406451900859
-10.53 73.3815912389254
158.5 212.758798019831
-61.62 -36.1515499603492
116.4 129.078750086829
81.04 95.2395966745647
-95.78 -236.779620827639
-151 -155.974984202211
83.29 86.5306906223934
-91.67 -103.636028285895
1.988 -23.2001652979887
105.2 94.829459617547
82.17 52.6449108770219
76.28 92.2591644883711
69.85 120.821361614751
-60.36 -20.5653694633002
-70.2 -96.2171895951873
-114.4 -98.8888341137333
-141.7 -189.49359055146
62.77 100.622418860249
-62.56 -75.6840990058356
-25.49 -51.8429042632253
-3.409 204.836438474954
50.19 107.177919985281
-43.81 3.96752950300791
6.771 16.378914843866
149.3 178.304285867018
71.26 72.0271419834043
-118.6 -123.329693131261
2.69 24.6947292681098
-53.17 -56.8053494983289
-151.6 -176.72376584782
-77.47 -114.123919537792
-18.43 -194.637239922201
1.304 44.044215163426
14.21 -24.6927552924003
-67.08 -87.1565578697575
138.2 160.161918826295
-91.96 -121.997484035417
-137.1 -98.5318760901052
69.63 33.3769773250611
-85.77 -73.2588409912933
-107.2 -80.0903681242454
12.46 67.5393842181547
102.3 99.5871037231766
65.81 61.6092149074316
40.24 68.0014441721797
130.1 147.670762278665
69.94 50.5023489100197
-74.55 -87.3500680676909
69.35 9.3080802055715
110.8 82.8988823196632
86.31 123.970021715954
-2.481 -13.9347573475326
-40.04 -6.65586270558669
102.4 142.572445890565
-107.8 -70.8257124815789
-83.67 -71.1487128634021
-59.96 -77.889183816054
6.427 49.4190791598416
93.68 126.108851593953
-25.15 13.4917012127298
-13.4 -38.7385272357292
37.65 51.9712032134054
127.3 95.9588380427235
-72.83 -46.8442703883393
-53.32 -39.2696973817869
149.6 119.555944178263
94 58.3916461325631
-80.37 -52.0606127392079
22.15 39.2161694048541
-82.08 5.48702798118893
62.01 97.5620924016908
-106.3 -1592.10160690479
-7.647 9.52387119658741
-10.82 53.0808591847313
-71.7 -53.2234340597772
109.6 425.967683176869
64.09 100.581592235825
103.2 93.8789926378954
-62.57 14.2608334471444
-39.77 15.1639870318354
-72.45 -80.9354027922287
-115 -196.055477184961
-98.06 -1.91742331031
-131 -139.492661783974
-22.28 -18.4464912245398
58.54 94.7971371002719
-29.11 25.0269599899979
-1.632 -59.8345894220935
-18.45 -3.90205451916956
-82.22 -105.479027279153
-93.07 -20.0280640644468
-73.29 -18.9195094671515
-141.1 -154.839072498644
-149.6 -171.660436529298
-88.02 -37.3187378232202
-64.19 -170.143384299803
-61.17 -1.68078654428119
-29.53 -226.24326003143
-26.29 -65.8573226266662
122.8 89.8012257291453
112 124.440172141533
-37.56 -33.145287338005
-127.6 -119.728401132338
-87.5 -56.2909773926911
116.5 154.721904435121
-36.84 94.6058149858254
78.95 78.907842745015
13.56 39.0349996446881
16.4 3.04813628374184
-64.28 -26.5617228372815
-102.6 -105.130312517746
-134.6 -116.150487321161
3.21 -0.202831002065791
-134.8 -108.435790598499
-53.72 -70.0267991073164
-34.3 -29.3847826117807
9.222 30.9293156939819
-33.14 40.4532998726044
-35.8 -14.0977534839784
110 -227.985940319284
-14.66 93.4231153768039
76.05 87.4710367484995
-106.8 -119.076401952166
102.6 161.91833160367
147.9 148.031174204285
102.6 143.895858168817
-67.42 -99.7040363735639
148.2 153.76235660835
-124 -109.803001052016
-90.07 -190.769948067526
-22.81 12.7759772499231
79.92 52.9873931064438
36.46 20.7034963445857
-110.5 -178.925288138351
47.14 25.86198471211
96.41 81.1385160467309
15.12 -66.7484266344288
-68.27 -39.6214709384876
40.28 -8.3044910117096
150.4 125.536549949865
-7.841 33.017082461627
15.54 9.29904163887894
126.4 205.247311324956
-149.5 -309.647107102731
-34.42 -428.212557154934
-27.19 -16.8167956629547
112.8 71.5345949720531
155.4 140.48765452756
-87.55 9.95453248695037
113.4 110.852838027817
141.2 82.8832061123878
102.9 60.4560273165818
121.6 75.0390786108976
-60.78 -259.7671897003
-138.8 -121.808062277135
93.71 69.7195477962581
-91.03 -155.530692456848
-14.98 -56.8868182465102
-66.28 8.39371831060722
9.857 -19.1859443891685
-77.73 -37.4335196448692
133.3 182.271757808843
124.8 142.099669408847
97.49 90.4384425878646
52.43 -36.5548376489684
133.7 206.183642579656
117.5 97.8798413625459
-55.8 -33.8391447104075
11.07 49.9123327782789
-127.4 -99.1851013507813
48.97 32.272260613668
27.11 68.0702643313806
-143.3 -87.9645638950005
92.11 87.2839935385467
-89.1 -41.1564168079507
-107.4 -71.7475649059155
-93.02 -111.03905164672
-65.14 -76.204246720386
-77.54 -154.178745274747
-135.5 -140.421601853507
103.3 89.0779593314579
-158.9 -109.799875989119
-92.85 -20.338309454767
-156 -136.880452170321
-11.11 -8.29935528422121
18.01 23.3619337329193
59.04 119.5314098297
152.9 159.189333095222
60.45 108.056401146081
-70.78 -70.265475548164
-121.9 -136.976560287093
-147.7 -117.088466305772
-146.9 -158.529593182565
100.6 102.76287047311
19.3 105.262809703681
4.982 57.4791392773205
-137.9 -101.599479789716
-55.84 -76.2622018108169
-113.4 -101.662123429847
-103.5 -84.2098835222842
-99.88 -122.976541654409
-64.9 -53.1435722028035
-11.8 -43.8970722208314
116.8 170.030571031385
119.5 127.275632512453
62.35 77.1861675073698
-139.3 -215.422189866287
17.34 64.7490511756096
-38.82 67.0252592588908
153.9 98.4716573941466
31.65 67.1415145052117
-84.05 -81.1689682075525
59.76 39.6640802005283
-52.2 17.2849665258573
-73.36 -16.7092609363007
44.82 109.176355187711
-65.89 -6.34604896853427
-151.2 -140.891498099531
-28.93 8.97599741389601
14.49 -25.5432758861492
62.41 44.6161609643976
-88.28 -114.724939082765
-102.2 -89.924537052705
-21.78 -24.967309387085
-72.87 -126.399674344247
-65.24 -18.5057044564477
122 134.953990834546
69.77 48.6400954958361
28.85 3.34242889796665
-119.9 -150.539731349346
-46.73 -28.0505095334213
-143.6 -170.605937563621
56.52 35.5725558777464
-52.21 -31.0838046252319
79.8 96.7606791657048
158.5 121.903018510973
63.28 221.336963486555
-44.44 -33.6097231867156
42.15 -17.3526482343218
-12.44 -33.2104568256458
140.8 158.40519617622
1.316 9.46424590151374
68.73 76.658583491297
-123.7 113.728369448783
39.04 16.0033230806606
-48.65 -66.0501137185375
93.78 121.849204838878
-33.11 -1.69928540123001
152.1 156.927017780852
-46.85 -53.5221458671301
-30.6 -39.4373501655845
7.979 -17.8269957457458
-44.27 -17.3005530993562
-74.6 -151.196772603379
-122.3 -183.423544730698
47.68 111.960529560393
90.94 179.170904854703
-150.4 -129.096134152573
84.08 110.668862742769
-49.27 -10.462085959025
-59.69 -62.4070773642248
-35.48 -70.4644705909548
-20.19 -37.674204120044
-35.47 -42.8692643335295
-7.661 -30.8519947210107
-34.5 -1.39814945861759
122.1 107.380121454843
-141.3 -227.096724299995
42.63 79.8096566891799
155.2 308.585336517859
22.07 -61.6729686479436
55.36 79.9494214809105
22.27 21.2833421129188
5.067 59.5898905247398
-35.9 37.8008738423593
103.7 100.226174397231
-87.84 -126.250793953572
32.12 67.6738489620556
68.66 74.2702128299755
-120.2 -140.014933624957
49.32 180.649046035102
114.6 74.6793092535809
128.7 122.034018122624
45.47 83.9228896141279
-140.9 -153.525184506604
-90.56 -185.329549447736
-155.2 9.45404850913736
18.39 15.7795480492317
119 93.9840930347722
32.93 48.0155775589702
-42.33 9.69169415608091
43.49 97.207179951605
158.5 152.078608736901
-99.4 -98.2917622771124
-78.43 -120.455532125537
83.22 5.28780499936528
114.4 86.8593646621483
-76.32 -31.981467644903
151 166.628120529537
-125.2 -4.04026579234973
22.58 57.5889201030527
-41.12 -79.5439535009684
-113 -88.2390946080763
-56.28 67.5022819031947
-154.6 -101.206586162406
-129.6 -122.381817544857
74.25 120.642973600483
-4.762 14.2578963760446
87.07 33.5782040281891
87.58 74.292227904083
46.51 68.2828112482907
-70.09 -127.326170924653
-99.57 -45.5565208814025
111.8 133.737032107203
-119.1 -220.505151772443
-113.4 -141.312427104024
-4.635 33.7908674226238
59.09 4.82767704969236
-43.3 -104.100426501217
19.62 -81.3014859381268
-153.2 -175.341231534911
94.25 39.3141039517166
17 13.3553049789303
25.3 -5.66366747540148
-137.7 -122.331092344876
-77.49 59.7019120360106
-114.5 -115.103740555562
-100 -127.9624534631
159.1 151.024877584867
17.6 43.583568998612
-30.32 -124.767616229632
76.74 88.1063162562752
114.2 83.6949863355471
19.74 -28.0296448798361
-140.5 -192.375409599882
-41.5 -62.3912050993201
153.1 145.604970792145
-11.06 9.36135477624274
-142.7 -183.61504447066
19.59 -19.4617514281582
-133.3 -89.8047091237476
-91.21 -81.7309266700348
-68.78 -51.078521958795
-61.3 207.275048588362
78.36 90.394628426267
-110.1 -95.1236301461136
-56.24 -66.7146785196781
94.83 115.284626810842
15.76 61.5944603840492
-64.59 -59.3174050707387
-9.431 -35.492992148851
48.29 33.1125649519667
-89.81 -35.0469122179892
-76.18 -127.228552228461
25.32 -49.8451106632223
-52.33 -34.9131308053736
-132.2 -46.3274186387332
54.4 60.7338517701874
-91.05 -109.125760649535
131.7 143.327717213871
-99.45 -127.025187057625
-16.12 -21.8891282297652
-123.2 -127.754458073943
47.64 43.8100341244516
99.59 170.446370006644
60.89 85.8605878531316
18.73 -21.3069274237651
68.61 64.5501164838826
-140 -118.503445109473
142.5 148.543842455484
-0.5213 -50.808791390796
138.9 155.881822258517
-121.5 -127.159102589623
10.99 0.650584836305433
-53.89 -33.2026693006711
-98.9 -87.9580167336898
99.59 101.683969873316
-130.5 -174.15319003757
10.92 12.0764553122233
-76.76 -413.577174116066
-82.84 -34.9552905770948
-30.97 8.97406505405884
-41.66 -44.8112961517785
-134.2 34.0053060643622
-147.4 -215.109299852831
99.62 167.168804690429
1.331 39.4158590008424
-127.8 -98.5020601450718
-99.5 -58.896521535056
-40.51 -30.6637902667363
10.95 534.256981232903
-87.23 -180.728573930574
-105.9 -105.381106077652
-52.87 -18.5624854427835
19.24 52.1648876164311
89.52 38.877128491903
18.33 20.288381121714
-159.7 -236.529489171264
-99.31 -84.0328324638965
-137.9 -133.430351046257
131.5 156.795406683456
-128.1 -242.029758483374
-133.2 -103.918020685639
-153 -221.589987378861
59.23 117.560754215892
12.86 50.9702205371578
152.6 188.202923606926
136.2 167.727155721733
-91.34 -106.447930887176
53.64 -39.1809470961278
-37.85 76.2233009602956
17.76 -23.2734314677075
4.509 40.8884129298064
-84.08 -69.9142134968412
-146.4 -194.141459398424
-58.9 2.3171469541208
70.35 -35.12266323993
107.6 148.732218442202
98.96 59.792119316625
-13.49 24.7078158506577
105.1 142.821890766952
38.92 6.39178324528177
126.8 111.850769436051
147.1 116.088593242666
-36.08 -16.5545875658891
-138.4 -219.66204418082
102.2 71.0104866170017
-143.6 -135.786880239115
-123.8 -126.392896985243
-56.49 -49.7234379567132
-100.4 -99.2216090471331
-82.3 -95.0546779095453
40.13 36.9537352143791
50.04 93.977948496898
-36.2 -56.7850449776
1.985 50.2350271047817
-86.2 -144.651508001351
93.48 69.5018542953949
-11.37 -28.2067590107846
85.03 64.610047217361
-143.2 -168.385282451656
-147.5 -203.229032156808
-61.16 -31.0537581263316
5.408 -168.59907518013
-152.6 -525.540271493684
107.3 94.125672677411
-10.61 157.898185114682
9.515 -45.4089671538976
77.88 40.3720847460555
-3.791 10.4944482877606
31.04 45.3333110443847
-47.02 -15.7267603700514
-59.36 -119.924512954416
-82.71 -63.0930810634686
80.45 77.2057858748399
-32.92 -74.6460958886597
38.15 28.3242267607106
88.3 118.151143816185
-138.1 -112.417660243893
-42.95 -15.5107719206523
8.659 -43.5343686796458
66.21 57.993157879162
-131 -354.319244148492
23.16 20.7990387331235
59.33 204.43067153521
51.38 166.053294871846
7.953 -13.6554922904638
-49.12 -22.2570955268392
27.85 34.8339821687775
-139.7 -173.239812481446
106.9 117.094005753973
148.5 75.6549969434326
-89.43 -153.82151299315
-102 -77.2761571738959
-39.43 -28.3122424056849
-56.78 -13.0979895636975
-107.9 -39.4932988285151
-127.5 -148.387059830477
100.3 -671.453676991653
-148.9 -152.06167923565
-111.8 -32.9419749530014
-7.111 49.201687940052
81.66 43.6691793257169
-116.1 -153.851700464187
14.76 15.6622646640066
-146.4 -135.569160709848
-104.1 -119.306729298196
154.2 281.436360617142
-125.2 -168.812156612242
87.71 35.6038615829518
-72.94 -35.9581034542681
-95.04 -174.942132822998
-14.6 53.1326826298792
76.92 98.6371396681371
-46.03 -36.7501472803585
-79.82 -107.551044800715
99.91 143.953615708689
75.35 53.6323713328717
-81.04 -93.680851685819
23.82 66.5773780735193
-94.64 -118.799988412711
36.44 40.9290297137839
73.18 29.2618126742411
-133.5 -151.345025887241
155.7 202.168101985448
156.1 225.537547217167
70.29 120.949380060448
-76.65 -194.944353340473
-53.92 -41.5485109826317
-104.2 -179.932067759173
-33.51 -16.0850076392792
-144 -161.810751480123
-90.11 -51.3797226865972
-32.87 -81.0902832061483
-108.2 -125.623557924186
-100.2 -19.7754252038865
54.43 51.7221450676887
56.18 85.32514120592
41.03 120.734974615861
115.9 95.0457738068676
28.12 82.3136499029095
142.5 69.2767274185883
21.09 61.7468365336276
149.6 245.551353748542
80.8 102.610731634941
100.2 114.956545153034
-0.802 4.01670182148093
-139.8 -233.837327120739
101.3 59.2546139596686
-13.22 77.3357440463926
-128.8 -197.982696834945
83.07 85.584390002577
-109.4 -136.277633372303
118.5 98.3727303470849
-98.15 -113.619225601168
-133.9 -183.367512121497
-57.01 -31.9417553089615
-73.4 12.9024235760963
6.314 2.31399108109263
5.669 42.2019336298956
-150.3 -198.567235573707
47.7 -14.2606006333057
43.76 151.171488558827
17.97 57.7100871359696
6.108 17.5596940444691
93.01 114.253793542828
155.7 171.857883457779
12.32 -8.26678863202216
93.91 87.8164863191669
-65.47 -111.962542301726
2.39 -103.697053866864
31.12 -18.7135736976961
131.7 149.080563149059
-139.4 -145.661076555347
-138.4 -144.252806011301
80.08 54.8277501782995
85.1 86.1926100737799
-41.07 -46.3397321917097
122.5 106.055431510979
-68.2 -78.2172835706533
-50.59 42.0305952703221
46.31 59.8369427528145
33.42 -11.7495889095464
22.17 50.5890615399442
-99.28 -85.1090583098674
-74.65 12.1962507838154
-142.2 -76.544071031785
-49.49 -145.808566133315
95.25 83.5885871303283
152.4 81.3700781658027
-127.1 -213.537586480471
63.88 65.1629272694127
-97.45 -60.1894952934975
-120.8 -133.36591805085
10.26 2.16087277095961
15.89 117.230546345369
-77.68 -126.415835853031
-50.46 16.2876307400162
135.7 156.757813472936
-17.62 -12.7169862656513
35.77 100.286321010998
131.2 136.39318345877
72.68 68.8872932644278
-50.56 -5.88787541335825
119 123.762408708523
-22.76 -4.58824396403323
6.766 -101.914836882245
-64.34 -46.6481018652372
55.38 9.44213800201715
-151.3 -184.444725258458
88.95 161.454111514234
26.85 50.7746792476474
18.19 -1.16639767245457
-155.9 -241.201915150494
-158.3 -157.330982299323
35.7 11.7076996888232
-72.04 -38.4850427994673
-147.3 -166.390914309923
10.12 -38.1654157923907
116.5 136.792807118557
135.2 183.464637370106
-11.91 -16.7172532001363
7.402 -25.8794838363947
113.8 181.76425026622
-11.9 13.5416532285814
-135.8 -140.09646317707
159.2 162.556132359895
39.99 63.9373923277577
125 136.478299505858
1.869 -24.1689319211371
137.1 139.298576105304
-149.4 3.5774125693407
-8.095 -36.9574521993846
129.3 175.213391552841
-75.04 -29.183768112419
69.8 57.4499368498084
-74.42 -74.6581528523692
-84.84 -7.21011228151772
20.71 22.4944469918384
76.79 101.964538735851
65.57 48.9350157175371
-92.67 -107.764174031325
-48.8 -73.2278336984144
-27.06 -99.1737336787012
9.247 44.3504281068989
76.35 31.1517361804652
-98.01 -86.0859242939499
102.8 134.07508250814
-6.89 -9.90725114443329
127.4 130.843489389933
92.39 85.2524328146688
-67.38 -170.911207078971
-142.8 -226.879657360512
88 -43.2403731410556
-53.17 -122.056140114202
0.3417 -17.3953089421203
-116.7 -116.08526525055
-110.5 -110.921264432633
66.31 39.0750307859831
96.41 58.1724761352281
36.18 43.9484374441976
-146.5 -188.873394196961
87.73 66.9679671922295
-95.82 -114.446841355608
148.6 204.213466165869
-28.1 -47.0638255489006
-84.75 -92.6090787766301
-41.3 -110.053076769329
113.9 132.749902958021
21.1 25.1566031948223
-59.07 -125.195099788075
-120.9 -109.75809779586
112.8 69.1008090911151
158.5 183.018024080093
119.8 138.368503609333
102.2 89.9498128757398
-128.2 -104.865791075342
45.88 31.9955090810946
98.68 94.2369639163115
77 89.9830675876327
-9.149 -28.1830484327691
-93.89 -183.192228999032
-114.4 56.9834276847733
43.11 81.9541192335273
-52.31 -52.5901226944353
20.45 15.3131156937937
-62.36 -43.1522464561788
-7.962 -1.60193075047732
-99.99 -125.391774037448
-146.8 -336.484882542679
36.16 -14.4388140841364
-130.5 -136.795158067858
61.23 104.525808401972
157.6 91.0912084170433
-91.49 -73.9880721115106
-96.85 -91.7262024950958
-28.67 16.6779757150558
-145.4 -231.064489446243
106.4 136.147388881586
-86.57 -62.5864681662135
96.46 210.111708896706
-43.56 -24.0138563993111
17.25 -19.9681606336755
51.57 31.82612816278
69.73 45.9741735866584
2.026 54.9635888719749
-127.2 -143.059860640569
-121.9 -193.281962723216
-93.33 -87.4513540768436
107 121.916722605547
-114.2 -113.909506389271
-133.2 -195.53831597532
101.5 83.6372931307822
-7.637 1.19068551359087
-38.17 -92.5279929032346
-14.46 85.8199069057906
-89.39 -84.4288229175565
-22.36 -17.8296166758868
129.9 224.282571267784
113.2 109.850437165486
13.29 -40.9840120158105
-59.18 -75.0320932847684
25 43.386998511519
76.97 88.3888767652766
-9.996 19.3508951317834
-74.48 -4.4222369321856
-7.287 10.9851570679759
121.6 140.011769148215
-2.761 16.0236824651262
93.42 38.6461789920459
56.17 24.9892470443488
-151 -108.548109825611
74.96 63.9785738079605
117.5 111.667032983853
62.61 57.3862537638769
148.7 168.035844576391
60.74 24.5299382079516
-78.31 -101.801467222799
10.3 -45.9566939962906
-128.5 -172.077170421637
18.15 28.0111907952624
-44.68 -42.5436371305759
64.73 51.4538144392108
31.78 14.6687409993549
-21.81 -59.2887153671809
156.6 145.983087654134
-51.6 -73.5097551899308
46.44 112.937249351019
105.8 72.2872200665254
-65.65 -62.9336158023112
-71.5 -115.280179992479
69.84 39.518991056802
-78.67 -193.860738359348
-125 -152.490807756032
72.19 52.4692315811448
-111.2 -98.1188286732608
-113.3 -137.388574639999
26.29 22.6581445974291
72.22 168.678069978321
152 237.084559541403
35.46 28.5859034761007
-63.39 -131.667549436003
-64.98 -39.4455981456456
-77.24 -36.879445216851
43.88 -22.573922476315
-122.4 -179.313955935154
134.7 130.301967220463
-74.46 -56.8499985586205
22.88 -33.2170042359475
59.42 46.8793261653747
-49.55 -60.838977209915
-1.2 -31.5883989691881
-48.07 -110.969308142715
-159.6 -219.447169838361
22.84 43.1210917651228
-43.64 -31.6207689739815
-148 -151.373536329625
-144.4 -154.718317727467
-46.91 -10.4117290302523
-121.7 -111.643570640902
24.67 29.8192921071392
37.91 102.317220833645
-11.9 -31.8520812727188
152.9 169.842699072988
72.29 90.3281191780371
-116.9 -108.306364044305
-149.2 -337.993792163267
122.1 110.146472205167
91.15 104.042470491152
-79.49 -58.231760700995
108.4 24.0881575868147
-50.51 -54.9651331639728
-116.4 -183.559509087355
-122.9 -89.6265174669757
5.61 30.4404655462934
133.8 246.866634554541
4.802 -24.4118781625627
-133.2 -74.8394374097934
57.64 137.009751712753
-34.47 -10.1574843933787
144.1 162.427182800078
148.7 159.121297570899
-19.64 76.5670934928053
-108.1 -160.361878839408
-66.65 -77.4203340814246
-94.21 -147.389686586892
-152 -340.936394875134
-62.51 -84.6674293638854
-157.8 -226.589437719048
-55.47 -36.2397687309509
-144.3 -138.441952156253
155.5 189.647895895684
14.07 -66.6318345955548
-131.3 -144.83811200797
6.613 52.4673072817239
128.9 129.227783221944
53.44 71.8085352739145
83.06 74.8797352575498
-110.1 -120.16195791513
98.54 101.225001797464
135 151.413911729474
-147.5 -182.546984743645
115.5 292.044868046186
72.65 80.6197357215455
139.3 140.314516428426
-58.4 -90.3821523940905
16.96 6.74123033574636
-133.3 -75.3107408260536
-146.8 -153.529194775134
53.49 32.5855656360122
35.09 29.8888920723831
-65.34 -74.2539536016671
114.7 105.823109223208
86.99 50.5023352094181
-8.868 17.1121007000458
72.87 85.9699033450889
6.532 -72.3205250195681
-118.3 -114.670823539182
0.06326 -39.5794292473232
21.62 72.8847602538141
94.84 108.548021779947
18.91 12.4947559797672
30.94 -84.7976159305779
42.07 47.8975909224087
-93.58 -84.9832567378413
-128.4 -149.601023377219
-97.17 -119.616021278617
-145.8 -185.6068171289
-68.88 -175.945476539074
33.74 120.915879392338
24.35 51.416234080101
132.8 146.71493693962
-21.81 -13.6584775165857
84.01 46.3627740942381
-3.781 51.7744587407198
51.34 80.0686395698879
51.25 15.4756954882096
135.5 112.356960808761
-40.91 -43.6690851123694
-104.3 -109.712565995141
-148.9 -189.869815795261
147.4 191.860045752344
-71.07 61.5726128067694
-16.3 -54.3820562024169
55.82 18.4509545505142
-17.9 -22.9618596116933
-67.21 -53.1669284829981
-101.8 -150.273656116842
-158.1 -107.667434310101
82.46 97.4709665533526
-91 -51.0286960494414
-44.61 -46.5801192253879
73.6 67.0966055079404
-47.98 -16.4001529148019
-57.3 -76.0645530052459
-107.1 -23.3404270911916
118 119.96651428368
85.99 35.8267592669631
-21.86 -36.3575517108715
-109.9 -191.204608411544
78.94 96.8139920629887
-51.84 -41.014146572364
44.01 18.04157542976
-86.54 -94.632950226468
-36.13 -31.8844938242819
118.1 137.226556534976
135 153.196332470717
-22.9 -4.42064047066996
-112.5 -95.2151215602787
-74.39 -8.05516224399276
140.9 125.372429867582
15.75 -517.548417894661
52.29 18.3473892740988
45.06 81.9189314548793
-87.1 -117.871970568647
-73.95 -35.7405158194737
22.61 8.1640107832998
-88.09 -7.93064048727463
110.4 163.548811561798
132.9 76.0538791693074
36.32 26.2225169186145
50.99 72.8702100106229
-150.2 -115.257276560926
-86.02 -104.434288676442
-151.6 -147.872333407432
134.8 92.5296510728087
131.8 183.451902638066
-75.56 -128.663383730399
-80.73 -49.1364339972453
-19.83 -35.9931949412756
55.07 74.220900530709
150.2 187.072814335858
-116 -38.1767513300549
-18.45 -43.712052579182
1.934 -88.6150216970309
-115.2 92.2195962565008
-34.08 -60.3263962900985
33.49 28.4183466227879
40.09 101.361295281923
1.873 13.1029729425604
155.6 142.95450895795
-4.78 24.5239358696925
-63.67 14.8453472672862
-80.81 -106.855805147262
-51.54 -49.5413468149794
-22.72 -28.2515178720832
-109.1 -61.8193950217457
-81.22 -73.284327368102
-85.66 -106.628802593109
6.434 14.6362357967447
-33.37 -11.2076038499945
-113.9 -145.09367706001
40.38 16.9245228546372
17.98 23.2699826585386
-147.7 -356.091059619878
28.95 -42.915416633634
82.67 72.9480608501511
-41.17 -75.2667880983362
1.395 25.2363598900998
-137.9 -276.122386947647
-10.55 -13.4490480331493
-22 -38.4413193869556
-73.35 -63.1656866478092
152 156.597259019984
100.5 138.394224910596
104.4 115.038113824463
96.29 23.7167749552805
5.151 -56.8632183799193
-134.1 -146.765811453626
55.86 58.3980721915516
-97.95 -138.51254013267
-72.1 -114.373706559811
-84.9 -117.582846299655
23.01 -4.90261781830187
-60.56 -56.6953659225585
143.6 182.755963620636
3.503 57.6223473407024
139.1 132.154025034461
33.51 11.7699304339654
26.95 -21.49765958897
37.92 62.4706699470728
105.8 129.764338112798
-77.78 -87.793599580626
-0.6527 -21.252725424958
-140.5 -209.687988167707
-119.2 -260.088716708369
-142.6 -221.726556528203
-152.8 -378.736519492818
-6.836 6.26443323154509
2.53 -12.2121052037632
138.3 111.860812253717
152.1 189.059400064002
-117.2 -178.954680237512
-69.19 -143.622441343716
48.44 25.8818148909178
-47.13 6.19068867027112
67.78 134.771975581243
-31.13 -39.2869567411923
-118.1 -105.976087461171
15.05 -35.5713110188705
-93.66 -109.542701593922
-85.3 -68.6769874902053
100.7 61.8599191448513
56.71 29.4548893820178
-23.19 -97.299548429149
147.6 90.0444153451384
8.775 -6.28388882553907
89.39 54.1811840347681
-99.81 -83.8747893528633
-114.9 -102.307881683616
-136.7 -94.51075360869
-75.07 -104.872502391191
-133.2 -164.001860769751
-87.31 -173.709099041314
5.983 -76.2316038224719
-18.95 -23.6169502561516
106.2 101.83361309882
-98.07 -123.869944786206
2.634 38.5062101962858
-43.38 -5.53553141777959
-107.6 -125.013539536434
-67.4 -86.2184892514673
59.11 129.008104698453
123.4 103.292175185845
152.5 134.858413199922
-96.42 -156.644364096123
-47.76 -16.5084122664348
61.15 99.2257968775999
-139.3 -238.104775555182
-92.06 -37.7062453896899
-4.755 49.5244086734486
-33.67 -56.4919096412842
141.6 176.356577934992
44.72 142.077238339665
-154.2 -141.366561413409
113.8 86.1226075168937
47.93 142.319723974062
-25.43 -5.25521124289119
-20.53 8.33525372944279
37.69 -2.57547677181001
-58.91 -58.305188987547
146.4 253.308309051445
133.2 157.652570349192
125.3 155.462799119157
-78.63 -4.19948916225278
-33.31 -219.601511387429
117.1 106.484938316622
25.75 -17.717248700015
-69.78 -55.6683339895668
-74.66 -118.954622732703
-27.77 -48.4888023229968
-5.911 -13.7921340550444
-30.97 6.18111215081744
155.9 204.798273304503
-156.3 -147.821978216113
-56.57 0.885593377606838
1.802 31.3975843953033
52.13 25.0416517126335
82.68 115.891086957851
26.79 58.191009758696
69.43 103.454116056154
89.88 30.4216019897165
83.15 141.684603356423
-86.39 -65.4752384937013
-92.38 -226.929325412199
-93.81 -146.877196643571
-65.61 -76.5480663243427
-47.78 -24.0707250637925
-11.25 19.8165189618478
-87.54 -120.428344351913
-107.4 -137.956961869648
-16.57 100.609417190026
113.1 142.62226582279
-147.1 -403.510637063853
-68.2 83.6205285380944
42.09 116.98580869569
68.83 89.4150945317988
8.169 15.8203084408386
-33.96 -47.3275341142052
90.31 98.3060937204966
-55.44 -46.6148271289021
64.41 62.752365995707
-128.6 -130.641872266099
156.9 161.042872339223
82.52 95.4157619376054
-152 -163.897523451865
130.1 108.428936394284
-133.2 -78.0227883263326
-122.2 -160.357875721537
-107.3 -142.364029975337
9.98 -11.0253882041178
91.55 29.9521005522859
135.3 148.758955331902
-71.3 -121.58756193555
-5.757 24.942336788324
-15.43 10.3465615799112
50.36 90.8875239636712
-44.12 -47.2182781729564
-76.28 -52.6288743060375
-117.8 -123.629115179381
-90.81 -153.986706369877
44.23 52.6478667076176
-147.3 -90.3293803930723
-32.07 -104.153310077033
157.8 158.391829188616
140.9 56.3899764861849
-97.64 -72.7278555741696
143.9 94.4085420144825
24.49 78.8274840481705
146.5 148.9505329673
76.42 77.608441202547
-151.3 -51.4658052998382
-120.6 -247.002362114943
12.44 -17.9369882581845
-98.62 -228.290157497675
-66.23 -72.5017464429844
-134.6 -72.676464347938
47.48 -27.9941295897232
38.18 34.859821314575
83.97 108.160217826114
117.3 109.195561695752
-87.69 -50.8188022975327
15.61 10.8436749183543
-153.3 -176.540587456578
57.4 19.5884058031181
-127 -106.924660164267
-67.98 -136.658489863645
91.61 57.9214396290586
14.16 68.4284391606506
-24.76 -14.2161514121863
72.29 52.2294020262653
-112.5 -92.4361739726845
-74.1 34.6405851354665
34.34 2.98182938927664
158 160.110217876492
-119.5 -98.6288724248197
65.52 114.16092784281
149.1 172.511212101774
44 85.2129722620028
33.71 7.45548519788843
13.57 -49.7363659596791
-142.4 -105.613970856664
59.17 51.2174099513173
61.81 136.459175986337
21.1 22.2939913963082
-146.6 -129.649276490387
110.8 46.2389846698186
-154.2 -135.066248921192
21.16 -7.91909527199359
-147.7 -157.004462874181
-112.9 -71.5741409956576
2.938 19.2631915652495
-117.5 -131.215128017043
81.66 114.716864461121
-2.784 32.2819124485958
-147 -107.403119830574
-17.12 -3.19906636697186
62.89 32.5105620738856
25.59 57.6717310419542
-11.89 44.5056864867156
-124.4 -159.822519312007
-136.3 -155.145221962903
26.11 10.7756229839465
147.5 463.956002578609
-142.1 -168.038099801451
-137.5 -94.0719023979662
-106 -108.530518094983
-49.98 60.3484180119238
123.9 94.8722669590296
34.25 2.33982425332988
78.72 106.827910087606
5.11 72.0074747084975
80.78 85.4254415003218
130.8 105.568903827712
42.94 19.5377108191403
-23.88 -49.8825078917647
120.8 77.7336392449827
124.7 61.6082756794747
153.8 130.285609361565
126.5 60.3702500462048
-4.96 -58.6959026801388
12.27 78.5458885614254
-74.22 -41.7783824878535
-83.52 -125.913558433194
-70.14 -83.6960244337579
104.5 32.1682184444228
-71.86 -90.3527699152664
-105.2 -108.665896708216
-159.4 -166.553417790953
80.78 105.710159573952
91.82 112.546167410888
-159.2 -132.555279331348
96.23 83.0321993085547
1.189 25.5875007998362
-103.1 -92.1320205793153
-13.72 -73.0806709568341
-140.9 -1343.10598600781
68.21 33.1676661981513
-64.91 -65.8756263123077
123 128.051946023766
-81.98 -56.6352700517495
-100.4 -65.9405110821215
43.23 104.724138558758
-37.84 -126.51196379784
-72.4 -91.4861660279133
124.2 118.313562469766
-71.42 -144.939621841561
99.21 115.611474686367
87.69 53.6518458368087
143.5 195.51355559454
117.7 80.4417463737959
-21.14 -33.7689243100084
-91.49 -61.3223705001155
102.2 23.7734232700551
-54.9 -57.8256127208971
67.77 44.5650416245192
-145.7 -95.4896033916381
67.21 5.29389275549375
93.31 111.402911336117
-133.8 -224.06015288931
10.17 -53.2100705081723
64.09 109.819542190391
79.07 62.636809455396
-108.4 -124.842982338969
120.9 106.350985864369
-22.99 -7.41659182584428
-37.52 12.5271769601987
45.15 88.5966610659356
-77.18 -31.1371094766743
-9.694 -57.4383699021996
-71.13 -114.10236943705
11.85 6.20727478050587
-19.91 41.6999766009436
122.5 104.892292312101
80.71 88.5382570244257
-38.49 -83.2416470720028
16.34 -20.9150176705793
-138.4 -115.129912822319
93.1 146.987200242003
-139.3 -148.275476661415
99.97 45.9179333389871
-53.26 -93.3392547233229
-48.39 -19.9231948430976
121.8 119.464519325573
-86.49 -197.089528138383
119.5 61.408388567618
128.5 92.9155827054089
-104.4 -123.22697126763
-17.84 47.6550825903792
25.82 55.661171144673
39.69 39.4954554495137
-91.73 -151.753217341888
-120.3 -109.565030279273
50.86 59.3557232810327
2.523 -29.1245489182171
-70.4 -139.029031723799
-160 -102.98589531963
140.9 108.232653629888
118 122.623350941742
61.74 54.4104882706913
-3.999 57.1666510363468
127.8 58.9255162703473
-121.8 -137.246163572411
117.3 82.3294101830835
87.98 50.2205582025946
117.4 167.572444659868
148.4 150.291823538893
27.09 37.3131916956134
60.22 95.4212216433118
-22.77 -2.71270266942125
-46.99 -29.0873050746663
-131.7 -195.660158410557
-31.53 21.1733278647174
-130.2 -136.006206756534
82.6 113.801700086046
-86.26 -67.5747797552029
-77.63 -63.9479137011321
-65.87 -142.37788770617
117.6 108.066579059197
-50.28 -56.8220623647735
-66.31 -17.8144693428262
23.78 24.5240373275877
-24.4 -84.1747858566327
-34.4 -72.9563279815459
46.62 13.1192006694974
-156.2 -158.462104028676
-65.98 41.3908013536433
31.47 78.3834988165514
43.32 30.659644711814
56.52 69.2284578283687
-17.84 0.222580479794345
56.87 97.8220142839077
-38.77 74.9303663203181
149.8 213.42867552162
76.51 -25.8616385000907
114.5 124.39880881745
154.2 127.981053420713
-12.04 -6.15302347256998
126.3 227.322022649259
-111.7 -173.019437883073
85.57 100.150854949176
43.48 8.93744887949615
80.13 46.8272072273903
-137.7 -112.312122743455
121.1 120.974547277121
73.79 58.8415932450365
-49.29 -69.4854848910293
-71.03 -155.702429941342
-125.3 -126.658415790331
71.76 59.5867957462299
-149.3 -86.7352921851151
18.18 258.921490331493
-58.42 33.646061223241
89.13 90.1503182549662
91.7 45.9997191120309
43.06 47.9032405161606
122.9 65.4775741081214
150.9 158.896151442062
154.3 186.334011386132
-55.35 -71.1257915869495
-6.481 -64.1763161035606
-109.5 -112.150082276254
27.83 4.12744380625589
-145.7 -169.944853913703
-48.33 -80.1498949872569
-129.2 -137.203517028953
-155.1 -182.596677194759
135.2 99.0195610453858
-66.38 0.55648107760982
72.73 41.9936958479648
136.4 210.369775519733
-5.268 -59.8334007358789
107.1 129.706045487718
105.1 162.575573275288
-130.4 -231.270718999642
3.044 -735.510493929916
141.9 200.033732433016
7.229 -335.666983430795
-78.82 -76.1628093411995
68.86 14.2020525680502
50.15 91.2909552644398
-21.28 6.26050919571328
-65.48 -119.241571411311
-95.47 -124.185839792117
-143.2 -201.18135924784
36.87 2.8087881837617
-10.33 -63.0793911603212
145.2 172.366785706967
-95.6 -65.057535710732
96.43 117.729711067888
-0.1313 5.70548283446868
-53.97 4.74898287077663
60.63 82.6090632700202
56.9 38.7760755049742
116.8 119.022254811478
-58.08 5.22149221526383
-121 -273.88916380476
-68.63 27.8142267877526
67.17 17.8650260227649
-117.7 -224.989960601188
-107.8 -114.470674074796
-117.9 -127.196418236008
7.327 -41.5223500153319
11.78 48.5859065234924
-65.3 3.18201722861548
-64.26 -121.014242165252
109.5 68.9113256846884
-99.62 -117.153367682175
43.21 59.3376340352103
-65.87 -48.7437649819611
82.93 27.8602035814445
108.3 470.145063076058
11.27 9.80660567772834
158.8 135.972514112014
142.3 106.989223653536
-132 -181.260397679332
77.43 70.2258778847532
100 120.980531966001
-5.271 9.89697923604199
-128.6 -119.373330656351
144.2 808.857358010003
114.4 127.816277242794
37.74 51.6616402001839
151 158.870026205136
5.19 29.4688353155861
151.2 173.56208254425
61.63 101.173768415273
-153.1 -168.497397691064
-90.99 -80.6770243105964
63.11 127.032383151752
-62.35 -69.0283635285552
8.452 -24.998502147908
45.49 39.5469588073174
-154.5 -154.804913545139
-29.88 -75.256639693507
123.5 125.514155730817
108.6 50.5727464114369
-29.19 -125.093379295423
-35.33 -61.3340235959075
-101.7 -65.4170149088734
152.2 73.708019615567
-119.7 -71.8244087328107
118.5 169.836465708456
-23.35 -54.9482962875742
128.8 174.543751554686
-137.9 -187.089446728337
2.139 9.50998604769387
156.1 -674.772693151393
-123.1 -165.136876444806
32.95 98.8988919152718
-30.6 -42.1843718015531
-9.63 17.8539707809768
-152.1 -354.554570980346
-142.7 -180.387373407932
-2.743 -38.2084176323196
-48.02 5.44335426554616
52.13 -51.4531791044158
-73.76 -90.1634262854548
19.89 -42.4698743770014
-45.93 -147.748327990509
13.61 23.1092445342389
81.58 189.20909534434
-43.82 -78.9812724077422
33.51 88.9681029646208
-17.55 19.3352317500873
9.967 -36.2790826847263
-141.3 -95.5143387399864
127.6 192.879078726064
127.1 146.438234929096
-35.54 -68.1115030996743
20.66 -29.397109378184
-1.954 33.0512515045431
-84.68 -114.142255581093
3.833 20.881376680451
-147.3 -109.30048068483
-120 -120.169437227304
-10.7 -119.736806528496
-73.15 -114.959729513824
75.51 99.7513716346435
23.92 4.84583940754705
-35.39 -23.4280680710993
-94.47 11.603829510003
148 162.09073938944
81.99 141.959384248078
-103.1 -53.4144325025361
-117.4 -120.627693205795
-138.2 -109.328278448335
43.97 5.82061429204765
1.082 6.56869557161481
-53.81 -25.8833630769948
-118.7 -85.5860703584757
30.85 37.7779426556152
-119.5 -140.296304419153
89.08 107.774715480671
-44.99 -74.6330517260866
64.2 142.745452102692
-40.87 42.6734947995021
-51.67 -74.3550164713385
-73.45 -69.0950565324487
127.6 35.1903098180636
14.31 68.393982938391
95.82 110.750084055349
-57.36 -104.524076717877
150.3 141.738697626304
-96.02 -120.727154953832
-114.7 -21.5678001624134
6.008 56.4697236812093
45.21 50.3314228900519
79.73 -25.482509242471
60.63 108.722196045983
63.27 34.0994352232396
39.47 35.2617048630191
50.74 3.76626120032137
-63.42 4.83576285827301
36.66 194.582949450535
39.3 -11.6936352171708
117.9 101.209224073867
126.4 205.874708825798
12.32 72.047967162074
-58.58 -163.705855993433
157.9 188.12428349172
88.24 94.2548601443133
-140.3 -134.959820197378
-60.73 -10.6212523631029
111.6 109.055722538862
-115.4 -75.2615819987816
-158.3 -116.434966892254
-124.6 -258.416777433527
-5.279 3.71440538396675
-99.09 -131.233956518996
70.47 19.1044479377154
127.5 156.369676418585
-31.53 -4.14425045497448
-34.61 43.6357338479864
-69.56 -77.0459709835906
-146.7 -87.92359685987
-4.742 20.4713705371996
-25.79 -54.1588009042211
142.3 165.590219078611
-135.9 -124.958518376313
93.98 113.891744388667
100.4 86.1292717459331
-79.51 58.9950905261058
135.5 121.036372683022
-45.04 -120.620809334986
145.3 79.2722325038404
-135.4 -133.212912170755
59.39 81.5582168172072
106.1 -145.058834283396
89.05 110.331314338163
-96.15 -84.5662834111376
-94.4 -109.732781777821
59.74 63.9420002201245
-90.98 -48.3035606818191
65.4 63.8053188868354
-52.6 -46.7164268579321
28.25 222.0245057061
21.45 40.3546524264196
154.3 126.328476638821
-65.06 -6.57870865458036
152 262.117374571052
122.3 62.792036362696
50.62 28.5853620004423
8.635 69.238552552837
-128.2 -143.463807363405
31.55 54.2595134650041
-142.7 -110.87729543545
83.1 104.675003571208
53.4 68.7015609514319
62 62.4845129331971
-120.7 -142.058627561516
17.92 106.681018961166
15.76 16.487635790027
91.42 77.6842383817932
105 117.490754822698
-38.04 -55.4818873940491
-2.628 -18.4298280747712
101.8 138.196444796552
90.95 367.291102083313
-15.03 22.0702133580145
-39.94 18.3259061413702
30.54 30.4944727246787
75.42 116.518529619389
-37.93 -18.8134259055024
143.1 101.424683813642
151.3 123.538205583148
79.93 84.335187866145
-101.7 -61.3839110065332
62.69 25.0793379073989
-111 -105.929917440833
-24.12 -78.4187727623913
-53.56 -41.4533168851515
-57.11 34.7839766601577
-112.3 -116.909616654988
100.2 110.053273288717
35.43 52.0747882551795
0.3853 -55.6377661330394
103.7 116.667124993036
44.02 38.7563237355788
-136.9 -167.279715289907
-102.5 -165.312226903409
105.5 170.483807918898
-27.53 128.602838195781
-93.18 -76.0075381191879
-92.6 -124.558013533883
73.41 95.4002445109884
130.3 127.507706491339
-105.7 -159.687502078496
59.86 50.0544264024298
-106.3 -96.1006869483954
-52.18 -32.6095105536214
29.3 17.7361976956321
58.35 101.071104741788
134.1 72.5429995331991
116.6 62.2735510654242
-137.8 -119.084896701804
-69.02 -68.5541355218757
-1.797 -94.1400610089104
-93.43 -49.3999465403632
47.94 84.9470235998988
-16.64 -5.7947405347243
-44.97 -41.035112644904
142.4 103.588420199604
81.64 60.2690810496513
40.58 71.4199767210112
119.3 142.140269277442
-20.16 -81.5557730240883
13.5 -82.1854507980467
-132.8 -146.316253399444
-139.1 -259.104773336066
-123 -177.202824790591
52.08 45.8824073524124
-97.82 -46.7771510527063
32.64 19.7748102478411
134.4 169.352038934898
17.78 14.7852586684362
59.47 45.4163156096869
15.65 32.173782297342
108.6 86.8865557492144
158.8 175.881494978234
-128.2 -241.573330097289
-36.6 -110.083518363091
73.35 105.111344179794
97.85 104.170045454313
-88.51 -31.6062196909565
39.1 -51.2684915316707
-120.2 -101.036339897622
-50.35 -68.7358176758432
-61.33 -93.6950432715806
-129 77.2877965566457
-130.8 -188.766310637793
41.37 26.7617842015629
-79.88 -28.2662982970826
49.23 83.0233867747658
142.5 85.3439671293293
144.2 92.3541119344646
22.43 8.50179288332993
-44.97 -31.2722016252415
-139.3 -268.977463126319
-148.1 -168.84745331146
-115 -308.745575400641
16.4 20.2858196888833
-9.391 -10.7203529925303
-91.1 -70.8378378995894
-108.3 -205.247429136804
-56.34 -1.78135978216303
6.959 -6.50479834235744
-101.9 -106.190946408992
-27.22 -8.4710418389353
-134.1 -112.28954216317
-53.08 -63.7595291930107
-37.59 -100.818740763256
-125.4 -46.2523289494142
-74.93 -85.1699705613134
-68.85 -82.926043294389
-51.83 -67.2872183752973
77.11 27.9154622638743
0.4838 23.2385156262965
-19.98 2.54293448498555
-41.55 -20.0156560836844
126.3 108.535040866526
-84.18 -81.7251106969754
-144.7 -128.261012102676
108.7 92.5409861901706
-40.25 -56.4673738103739
6.24 141.721801152368
-120.9 -91.8041302539451
-70.77 -120.323093536247
-130.6 -117.23497337038
48.03 48.3171841173662
-3.648 -5.78949443785548
-124.8 -95.4850189193583
49.41 0.209802905282269
112.1 170.28910309887
157.8 162.820494932093
-40.62 -113.244262151856
93.76 161.71953935737
-80.64 -120.414854925101
18.13 19.0641628003274
83.56 67.1515873169203
-112.1 -62.2829002313745
56.98 85.1023570519699
-29.88 -13.8404402900334
-130.1 -86.374550511903
-35.11 17.6377872011828
-84.03 -166.854491042559
-92.58 -49.9452298858203
-27.49 18.3656545376061
72.39 77.8019225016691
19.13 12.4368848086651
-99.84 -176.40984764072
-101.2 -181.303697999287
-15.65 -0.184057451931078
-150 -5004.14044096899
16.77 12.8244116022266
-137.6 -139.371632835254
140.6 166.665508978179
-86.32 -379.319131183648
-142 -134.446549699893
6.157 19.89844939105
122.1 139.554251402736
-146.3 -263.790452789151
-125.6 -229.695597205239
-141.1 -133.860309547797
93.01 72.9250615742534
86.37 111.166635966696
79.74 152.844194009366
-101.2 -139.967345616483
-30.25 -179.069843100834
21.74 0.46433895243981
-135.8 -110.601774797016
47.79 20.6642924962604
-0.5271 11.9478099577929
-74.93 -18.6513437369939
-137.7 -537.643120392629
60.31 -4.65414792348479
-127.8 -53.8111746372131
51.51 26.2238745191986
69.12 83.3049106604088
-12.16 25.1537296103684
-13.08 25.6004681352573
125 126.571165353309
96.89 128.559469349801
-63.52 -113.911151608054
126.3 105.832132420493
-80.62 -93.4250520341141
-31.46 340.407622060872
66.4 38.7895933042401
-36.47 -28.2858237986253
-47.57 38.9293077748729
110.8 90.7548099070474
-29.29 -14.4698420383185
125.8 96.9864542718613
-38.71 -56.5901161107434
71.87 122.006607668291
106.3 102.383777061323
-80.78 -46.7477077887975
46.62 47.2515881245702
20.07 35.7235761071547
134.6 141.607974720236
-141.1 -178.495093624962
-52.01 -20.1108633026318
-9.066 -20.3287241075335
-131.1 -164.737536098039
72.6 51.4415576864652
-73.11 -94.9459606616757
-144 -133.095819774637
50.65 18.1866445899327
62.33 97.3444886047697
-61.08 -91.863369843018
-10.26 14.8406945095771
20.9 63.4222865250187
154.5 142.893157475377
-32.06 39.8377503864118
-69.91 -43.7091968553036
-45.41 -26.234277163772
-62.88 -6.69865320438082
23.6 -37.5731004331256
-134.3 -216.837843533417
120.3 143.00284065011
-108.3 -84.292816570331
14.36 19.4276866796071
140.4 153.35649987987
-131 -115.21288485204
81.96 92.1262407942972
87.82 88.4516020148655
-42.4 -104.751795783405
89.19 64.7090577834405
74.57 81.2465237255511
56.33 50.5606477733135
61.12 40.5724972837824
49.08 44.0632390470514
49.87 51.5936492199776
-20.98 -36.1186268656343
-40.13 -26.4184561404689
21.57 66.2960091263791
97.06 56.3307695749538
-123.4 -205.798434234996
141.8 225.730397683837
-0.8265 14.9561900113927
75.39 199.520412655312
46.65 44.4151261096034
134.4 159.205737738219
-86.17 -63.4887267023276
68.93 105.564498692324
-24.46 -0.73598761424445
111.3 118.554473790245
-76.52 -11.6093902621397
-72.75 -91.3499561479321
24.13 68.241443774301
137.9 219.449035376471
120 83.1447924458774
64.27 86.1321438081322
132.3 139.28816668324
-91.51 -248.501452328656
22.74 72.2881435491671
118.9 97.2561622464049
51.31 -10.0030267950398
85.78 109.907781285123
16.21 70.4706967429285
35.73 47.4909777232082
-132.1 -139.520797084291
77.48 50.6578999408622
-60.99 -14.039408007991
-111.9 -134.077005699639
113.4 86.8942678001386
10.17 16.1211471833447
-52.83 -31.3026606023688
76.27 -8.12375664956058
52.7 49.0272988562763
51 87.0655030360681
-32.74 -36.0390705626406
3.439 -48.0562848738344
64.74 98.6212387713867
142.3 99.5903246324705
-141.7 -189.167100670476
125.5 117.821467115991
20.56 24.0018742139389
-139.4 -149.460690948376
-152 -169.848434375964
-14.75 -13.1353433862411
34.92 6.39683214855141
31.71 77.027402907344
95.59 0.367384610573278
93.86 56.6091418932092
10.77 60.2632237480172
61.25 90.1144575349365
-12.51 1103.82394233775
139.5 162.189267662944
123.5 190.748364210333
-139.4 -94.9280117431564
-151.8 -122.078614607036
132.1 167.435269484204
-132.9 -96.2979524168616
15.71 -2.62692776838358
154.6 104.384904380019
-132.5 -155.23300767898
-112.1 -157.033668490756
-45.41 -21.7396974975126
-149.5 -143.564477891432
-100.2 -176.748682992735
89.38 109.155874519107
-46.93 -39.7473305864819
139.4 166.220337112167
111.6 187.300268783868
46.28 32.3505320102731
-54.91 -16.8853408464542
-36.9 -206.836582020405
80.78 124.792237705685
-28.36 -57.8473494058393
144.3 116.307474759799
34.66 78.2328423937969
-65.53 17.0323393005641
-113 -281.51130957399
67.03 18.576291773533
-59.68 -22.631416934047
46.34 38.9003020940555
-18.41 13.4466078052493
118.7 126.804771634225
-66.08 -108.519092961066
-144 -335.733161385591
67.83 60.5666203848055
-61.89 -89.8665343686211
-69.53 -56.3487935975009
-38.43 -40.4318325708133
100.6 89.8250294152627
27.54 -91.9376731898178
77.58 44.6187496682996
157.7 215.702328960996
-20.74 -139.54303334076
-142.4 -140.140591253252
-23.26 22.0705189706955
120.1 134.507619769366
-146.1 -82.6078203628224
104.9 46.2330610353284
-30.84 -96.0140811853521
90.2 139.767922496515
25.76 -13.0442737518378
-82.14 -79.3458876957768
136.5 187.759010615701
-15.11 35.8968494353338
-25.84 -64.5717514849513
-141.7 -100.884809395393
-153.4 -181.274569380556
5.667 57.7802565719849
-156.7 -133.574935624054
19.08 -77.0111821630124
110.9 43.1246705326089
-49.62 -43.8754437052479
-8.48 -10854.6161080081
-57.98 -64.9348616734834
75.59 58.7044014999315
-119.2 -312.736688256695
-12.97 24.3792864595683
-144 -151.020941363873
154 171.576133209597
56.02 118.566525223163
-44.47 -16.0335171589275
-78.84 -136.917638209614
93.01 130.651913596347
-95.48 -140.353853628981
-138.7 -195.584705685906
156.6 127.891647424743
53.3 226.300939086304
43.27 44.1283456623551
74.21 -4.47265270523216
-99.09 -127.818652149975
76.48 52.3761758488241
24.66 4.72256716751372
55.45 53.6400060972829
-7.668 -112.439684299187
-36.04 -52.0564496211128
-36.8 -26.9645555954494
-145.1 -124.264666068967
76.2 69.7027150792676
89.28 81.399187516141
17.69 33.3805053545612
26.9 -2.00927029243579
-81.68 -78.7605561662901
-155 -101.179817511828
38.6 64.4124329288905
-45.32 -58.3744824713678
-8.983 19.199381338424
-138.5 -162.502035849925
76.44 79.0955810044493
91.32 181.929808985982
8.141 -2.80728993658287
-131.3 -97.8607190803017
-103.7 -53.5917918990756
-30.44 -27.3328763488758
138.7 194.223960447251
-29.16 0.730323336763736
117.7 87.5499996881733
148.4 97.187223523567
126.3 102.571788577032
126.1 145.95127896765
-79.26 -105.591086619298
-2.45 -5.42806523920621
93.74 -109.541682522204
-133.6 -266.93417595321
-62.05 -47.8690837306755
-80 -38.2979243034389
-77.62 -14.6397366526862
-58.84 -28.4799883123483
70.3 101.330612057366
77.75 84.3750811658436
-27.93 2.43405229877349
-108.9 -99.8909932790668
103.3 112.449812057922
-43.97 -54.2516631719275
84.63 143.279561768476
-16.2 -6.94581879682997
39.64 66.0464946487537
63.12 12.5743277372447
-91.51 -72.8645541979628
28.68 24.5806676839061
116.6 118.337517110901
34.01 69.3420362920042
-118.6 -137.706521570519
-117.6 -79.0157050399548
67.84 58.0763465083462
-9.401 -26.1702931088676
-81.71 -35.1482008268554
-17.08 -32.4070672721076
139.3 127.479050778695
-40.89 -50.9478631048123
-104.8 -152.943984305955
-7.804 -26.1902416494657
31.82 10.4873124696089
-100.8 49.0438491117877
-151.2 -235.603104382334
71.04 110.577729594711
-144.4 115.274030514487
-33.99 1.1836107377783
43.04 39.9820328245733
41.92 21.7574867044725
126.6 119.21874949298
-0.9718 26.2570801819873
-93.17 -103.447756855765
-50.08 -56.7015949571172
125.8 168.647145809464
-94.23 -147.621335555061
-44.97 -35.5427198715959
-112.7 -254.220197242375
15.63 3.79888064345331
-114.3 -135.263495717776
4.264 3.77475054507676
94.63 156.756821993827
-62.39 -71.8399196334124
-18.1 41.756903897607
-59.36 -47.9094846217878
106.6 67.8300243998521
-48.58 -140.889568941574
62.72 71.5446644976716
-119.6 -132.482746025913
112 107.951374905685
-132.3 -206.625591140066
-125.7 -150.862325785184
-95.27 -90.2437511560169
-91.34 -170.882649873137
112.3 209.899718910421
-103.5 -63.9008961968139
60.51 115.267293106765
-70.29 -114.65312760925
-95.23 -245.59849882578
-125.7 -130.095693190404
-64.47 -62.9676401739053
92.65 31.2786091252774
74.99 115.560497785803
100.9 126.350166817564
-140.5 -117.001294835273
133.4 99.412090736795
9.405 105.680307994101
-75.94 -36.5890491677367
10.81 4.3985771884926
48.18 37.4898758905274
24.61 -14.4933678143058
-106.3 -87.4496183470479
-12.87 45.2036788497788
-75.53 -66.1751716445299
-6.8 -21.917257331329
98.93 97.7757146085091
-81.88 -53.623026887581
-149.8 -124.667359832257
-100.5 -100.357118878523
112 138.424325671021
-89 -135.299184591741
-63.07 -46.3231289759035
64.9 46.3244671121749
-118.6 -111.735091517359
157 105.152127503358
-2.19 -33.2640789755585
-23.8 -105.58613913828
-86.75 -26.3700908839842
45.19 37.1286959649079
20.73 5.56041677204046
92.5 33.7849173792161
-92.28 -135.106503557036
28.56 29.4618556492903
95.22 129.80090868825
-62.82 -87.9433939138391
-91.28 -148.552403924945
-68.88 -101.666304217272
95.64 70.8354091577561
98.51 122.466101589993
-35.24 -16.0923430064586
158.7 204.459525952028
-28.23 89.0570630735877
-97.03 -145.611786113832
-74.55 -64.3643548112586
-49.56 22.6768229474983
73.37 92.3515290014568
63.55 149.686928901567
36.37 -14.1772032214246
-98.89 -171.43562371873
33.14 76.4427779715212
-21.51 -38.0782482927543
56.28 80.8821760596446
40.58 30.6520709304547
-75.68 -43.1752508250455
-24.92 84.9411538360905
11.47 -11.4813226037863
-95.48 -194.632748835675
-128.9 -169.636730557909
82.7 134.192550315913
40.29 54.2501664360772
-18.88 -22.579022668167
118.4 130.107464129844
-25.72 -26.963907041298
-142.1 -157.223612616434
-97.82 -67.3561148544138
70.51 86.5399169331023
-35.74 -28.5130092840601
-27.1 -74.317857902289
-84.52 -126.033892099828
107 124.100468175053
-134 -110.621827983408
34.17 75.3022122370018
-28.42 49.9203126162728
-125.8 -181.620430804836
-80.06 -73.6192957159281
-41.98 14.1900621023634
30.12 32.6403868072626
51.33 7.8490175908314
9.023 -44.0133669160443
81.47 29.718317062594
-26.2 -20.2218835066095
-84.96 -260.821262915694
-76.14 -118.505189991952
-95.25 -67.8603150589772
54.35 -28.7676867057737
-121.2 -108.473554756892
72.43 85.3812477803655
-82.62 -122.728710166914
-158.6 -94.1252957465238
-59.61 -16.9134259907967
33.26 89.8201978727638
-43.51 -16.3270385074232
-43.75 195.391811131187
-22.38 -11.8250563861212
-104.1 -74.6740336562763
51.4 -14.3684471653556
66.17 83.2307564398849
-154.6 -128.359566830474
100.6 68.5803710932797
32.69 29.3309016999946
85.71 108.718899944461
-20.81 -65.2777827162858
52.19 78.8959739720265
101.7 118.569506965471
17.74 -20.600935441217
130.6 91.547443478596
147 128.688026904516
-110.6 -154.503299330075
-6.973 45.6409574217914
-142.1 -102.469356037313
17.74 27.0838101338038
134.5 98.6417004063138
-50.84 -31.9084649555335
147.1 101.843488165157
71.28 75.0320075247931
-118.8 -49.196272958828
-136.5 -294.87298901301
25.4 34.5055185883946
-54.29 -53.5570264329017
-117.1 -141.500193028999
73.81 50.4623949361893
-108.1 -90.4867696402446
58.52 -0.647325963822716
-55.3 -46.8799280261147
-102.3 -94.4855854647128
-101.1 -139.644454815979
2.883 -74.4104289003321
107.2 65.0572398715463
-102.5 -125.419083253097
-20.11 -22.7938214622667
90.53 131.544875481723
-60.41 -59.4121928278931
-129.6 -137.000387100912
154.3 220.981016860499
-135.2 -189.386452394551
87.48 94.4955281773677
152.4 146.423428205251
-157.7 -129.19321793639
70.16 160.044396115302
-65.94 -25.9247564927808
101.3 119.441876142534
118.7 194.930024286995
-0.4921 116.089653860798
67.87 116.842555625842
60.5 16.1523937624863
-97.13 -80.6451351643999
129.9 317.890414847035
6.956 7.59831532021387
-59.76 -85.6807308321886
23.19 87.333020701516
-67.71 28.7711058705886
103.9 111.665859662897
17.36 5.3682823248112
68.13 199.64072310279
-28.9 -414.33199098464
23.01 8.22892998369839
-26.44 -118.174710814679
-14.39 -26.5620456526232
-64.58 608.178992184436
80.66 52.4527988594094
93.26 128.309454584336
-111.9 -186.653620105873
45.44 162.619498254887
3.855 26.9343011555507
-93.81 -191.264076256792
-124.2 -103.363924222807
133.4 190.136793079479
75.47 95.3429607323874
-39.57 16.0910080660737
137.2 200.429739817272
27.96 73.4236447519599
118.1 84.0392050950264
75.81 75.3032475469233
-102.2 -95.892388739917
-30.81 -56.1344813095636
-83.78 -74.7731459721932
121 151.890188227192
-11.24 -15.6661760404619
77.09 73.8759264936761
149.8 244.061846815223
76.34 85.3837106920533
33.38 142.217756181659
-80.05 -64.9575611104732
-157.1 -220.485278296691
22.57 69.7684329458496
96.55 75.9509939756229
-112.3 -161.532865753326
79.72 285.306728358078
22.94 57.9475201903276
-92.09 -34.8228111695189
48.66 117.870245564376
-50.26 -11.6743941423222
-65.63 -69.4627765315246
-118.3 -108.215800681548
-99.52 -44.2728235777796
146.7 86.4493338915709
-81.25 -42.7603352067864
-99.58 -77.5944839927302
81.34 92.6485891159314
-88.04 -69.8206812853887
-126.2 -128.525951169594
-81.71 -35.8190583309625
-76.56 -35.9289559377289
136.3 120.008880264311
132.4 162.836979900152
109.1 135.031857810939
-143.5 -112.361989400844
119.6 96.6621281953768
-78.06 -104.009655967383
-11.47 -62.3245533503884
98.61 112.707558693436
-8.171 -62.6328381609106
3.164 8.17985295369065
2.926 26.9033849430848
45.82 41.8047789010903
-138.3 -235.356925792451
76.17 110.786842184556
158.5 127.012233868002
122.9 149.405824310157
-117.6 -73.6831483384279
51.88 131.786975260831
63.73 1.87776598847114
-30.97 -61.7538865529694
80.27 85.8253737620093
8.999 1.47905408549717
51.5 99.6211092820745
23.42 54.9434752792819
-40.12 -21.6851460731698
-110.4 -97.5491919590038
-67.33 -85.5409798244294
51.62 74.1060483435036
-103.5 -197.834081333773
5.765 38.3163846651887
116.1 176.204542889283
29.96 53.7462954994495
-9.162 29.6419234870742
-134.4 -177.415142116091
67.75 -82.2368944527911
-67.08 -93.8557641086338
17.46 40.6500237726599
87.96 93.1626382644515
-103.2 -86.6254324915499
-36.28 0.872209059649999
-70.83 2.70887647416743
-129.5 -177.408459814526
-49.59 -90.3638004735527
123.2 154.388774132383
42.54 71.0185457796628
-143.7 -188.497475627373
-2.995 -9.67096008156359
-128.3 -158.913474417593
56.67 57.026097464457
-56.22 -87.3056899777928
30.59 54.818482380421
142.5 223.797301264598
-95.85 -57.2754225200301
64.45 80.1801987911567
-18.2 -11.8328942219535
-119 -110.43107981862
90.87 82.3068624025487
-29.2 -90.274058963578
43.73 83.1599931933887
78.8 73.2888563452355
159 196.57975312912
35.37 37.5089561206993
58.19 64.6231476318789
-69.32 -92.540110855873
-64.46 -74.0602678989083
54.46 73.0228691365901
3.315 4.31639625199948
-70.44 -100.549796772361
122.9 174.865614110272
57.66 70.7088856182995
-53.53 -85.1564228174028
23.99 35.1786122678588
-18.75 -60.7651209304528
-121.3 -222.846623684732
14.52 40.2635981877918
-61.96 30.6201278317376
-17.31 -0.168789578041313
-1.821 54.5097267394387
-20.94 -30.1859238224641
0.6604 -7.67325299720676
-6.122 -30.4156167954486
-18.47 -71.8725870501121
141.1 150.355825769081
120.4 120.932876005662
-147.1 -158.494239174323
-123.9 -137.494921465453
99.11 151.855847319988
125.8 144.194690776588
-15.18 -23.3463934705134
-37.32 -53.8061400845367
92.6 135.864302664624
-52.95 -142.360097542757
8.897 -17.0202677349948
-41.59 0.917398919391886
-115.4 -1703.28554083293
-40.56 16.6188062350319
-57.5 -103.936816804388
155 91.1427837930636
67.5 76.427629401493
-42.18 -157.613249956196
-41.89 -25.6273312471547
51.57 97.0419401664976
-40.52 -3.69211115747046
66.22 147.732540685181
-78.75 -39.5743929934212
-39.35 -47.575856476162
-96.63 26.2452076072697
-3.181 -22.2480098048988
-112.2 -114.890284042742
34.28 92.7070575811782
23.63 -1.59475486084639
-15.56 4.11393765948711
-79.02 -42.2880144624839
-108.8 -124.882665010886
107.9 87.3831600704103
-55.31 42.3164701412534
85.6 43.2457214794977
0.2579 23.1772017351529
-105.4 -97.9986207694742
-13.54 49.0314789166909
11.38 27.3347604171503
75.37 13.1661809431379
21.18 -8.07614203094431
-87.2 -79.4243586762753
-122.4 -117.239528601788
44 -12.5168352304089
-44.04 -22.6946254583509
59.63 -41.9316687740441
-5.16 -13.8953989055798
-153.6 -155.83525091308
-92.99 -42.3113361090267
-105.3 -126.75983575437
50.15 48.9828339628995
121.1 109.305879189649
-30.8 41.3793053567841
-45.83 -35.0106006541851
-52.8 -58.0346627894877
-87.04 -124.687041601824
-130.3 -139.374606730346
-129.5 -148.037187637621
50.6 47.3205859056026
-55.57 -39.8190214683733
-147.5 -75.1007741333195
52.28 -6.33144446454518
17.73 8.20548625601246
-91.96 -20.491845617611
-118.2 -35.0418459302876
46.22 107.996078813148
99.18 127.944433641235
-159.8 -176.761484829041
18.88 33.3229430504097
125.6 159.475934184602
87.41 82.0840145751602
125.3 127.626061871961
78.12 24.4689983263401
36.81 61.9229249776576
-133.5 -220.503941629572
-118.3 -219.273970314889
125.3 159.820126411201
51.09 169.364881817756
3.795 3.07474981851708
104.5 69.5988395473847
78.98 65.4563707117013
-29.63 -35.3417837996392
-7.57 -46.7034435655905
62.99 -20.9317186002093
146.4 126.913921366486
23.18 -47.2058256208419
-27.12 -42.3275085535907
79.76 165.510736085551
4.22 93.8284437083957
-2.656 -79.9632990183617
37.94 65.1796416430165
104.5 102.176351754584
16.45 6.15736585132295
84.16 82.8100897970876
24.34 -49.7385727663986
46.59 37.5611704109697
96.93 127.480477957011
-99.94 -83.6970386721732
-22.59 -20.3244672580796
0.1716 3.48740749618716
140.9 126.248495277825
-86.37 -85.3654017773072
-26.48 -5.66700227377092
-148.5 -117.104964071063
83.51 -1.80642410175146
-115.8 -168.233739621145
-34.7 -103.466247412845
-35.44 -25.9303496557386
-147.6 -154.501708548669
-68.33 -8.29897319525574
115.3 118.330447237545
148.8 153.718229224656
96.56 109.846473019937
87.13 106.380518274903
116.3 88.8062141226284
-97.87 -131.897054002492
119.7 199.1799276413
-158.3 -120.955328713141
-116.1 -63.4442881186033
-28.69 -38.0818323828334
40.04 42.4462495591086
-116 -93.2029703471327
16.8 55.5657655822426
79.17 61.6621551525514
-93.6 -66.7421771342213
-37.74 -49.2641733821363
-67.8 -46.0929415681139
-136.5 -83.9482719264482
-10.24 -12.2167544000661
-32.62 -50.1335969789931
-7.698 16.8749890266291
-94.76 -92.5229924854671
-152.2 -137.277279006458
73.57 99.665889172988
-147.2 -129.242491028253
-104.9 -228.64318068777
105.4 80.8676395073337
-13.24 -35.6532357457775
-115.2 -84.8084542117409
-135.4 -215.129133919359
-142.9 -51.7267415328377
-141.6 -196.303458729275
-75.72 -66.6123746990551
-95.01 -127.137656079716
-36.38 25.4386764858163
-57.61 -76.6464004029063
-109.1 -198.190632781609
96.84 90.0222946235864
-49.57 -13.2171763462081
-27.92 -65.7240004708694
-24.37 -0.61754613098438
-131.1 -141.447519791299
-85.46 -96.7482695202684
-70.92 -17.1169269990392
-143.7 -104.854456128759
77.8 199.420404662396
-121.6 -135.952480537191
100.4 188.457668291515
-90.06 -118.002571431239
-75.14 -154.836208466069
154 117.217320931152
50.35 68.7111068151476
31.88 -14.994275804271
-36.6 -92.8568586379665
78.08 87.9098316497278
-80.98 -33.830353924338
91.14 133.457236570185
2.372 -6.78254901237926
156 204.542116992238
-88.49 -98.2226720496594
-88.24 -66.203819754425
13.52 -1.4029974652071
-139.5 -112.369249364067
-118.8 -123.949563065729
-129.9 -92.7440868545802
-33.9 -54.0535873758525
-3.793 -56.0263192798412
-17.19 -36.5273000278681
-75.74 -84.0461805552302
159.6 169.708833481446
-92.59 -58.2680557274836
-130.3 -148.451549492302
-26.73 -42.0080036606819
81.6 67.6494442847089
97.89 97.2726227231399
34.65 70.2376776423072
-134.2 -187.360622922972
-52.98 -39.1499410542571
-59.28 -45.9191452232526
103.4 42.2721684481129
81.11 90.5590095030886
44.96 89.9666666331287
-143.4 -289.098185712443
122.4 91.7044021116814
145.6 88.6231622859921
-62.51 -102.535583736645
125.4 145.761052532638
-61.03 -41.0773057588432
-46.94 -46.5577311252299
-18.32 -53.5702437481899
-33.41 -56.7456438140146
-76.25 -101.62330490056
121.8 99.8414220106402
-159.2 -152.558865019011
138.9 101.665312627905
66.46 77.9368989281829
26.03 70.4869251613004
75.24 147.927220394847
159.5 111.021574179635
-152 -108.781166651975
-146.5 -225.315314642301
105.3 80.7889798657078
-70.78 -158.675498049948
-13.26 5.80961891679698
110.4 85.3839585362051
-123.9 -97.1823985095571
-57.05 -48.778616220884
-37.51 -29.0149404633435
8.5 25.053256633945
-140.8 -95.7916084905393
-128.3 -102.746511051833
-32.14 -25.2006490302915
-106.7 -116.661602885564
124.7 1433.58905408478
-81.76 -98.6896591549429
-129.1 -129.929386713406
-72.32 -57.1399930774304
-111.8 -246.461881177696
-96.68 -48.44844765849
141 141.337457640879
24.17 15.4783777861131
29.81 -21.8975055345968
-24.83 -104.898947483355
80.7 22.6196396676076
-61.75 -28.1389398885486
156.2 128.087396131027
-7.06 13.7779210427079
-100.5 -100.49618256863
-84.35 -88.371531989327
68.73 143.610258828373
107.5 91.719635905435
-105.4 -165.571270730957
-118.8 -171.116006213953
-145.6 -247.751087841621
-133.9 -173.75920840191
-39.14 -138.920957574805
8.349 -53.1154534951289
35.32 22.1718631950383
-2.901 -18.8524520449815
-77.87 -15.0852873354559
18.65 76.4570025031785
58.67 52.5945842700079
-153.9 -215.504156995835
152.7 159.590979050641
-79.29 -96.0961845283611
-111.6 -70.8784001289917
23.75 38.0945779534719
-11.1 -5.48065365825085
5.421 12.6524397144614
97.32 105.196356994364
159.9 208.695193643653
-136.7 -108.230098605463
156.5 154.947911922412
117.2 100.47020991547
27.42 40.3322645701456
35.18 -3.01352304822898
-23.84 -6.03665242749861
-65.52 -42.2117355841059
-142.3 -156.481729359756
-127.1 -185.75152653548
82.04 108.656154915177
149 118.714987162654
36.98 57.3502969001105
44.54 56.2384745345877
34.32 44.8338049350254
34.51 51.1408546606951
-146.7 -148.085314475986
48.63 75.9751448719278
49.78 -52.2545941708409
91.5 47.7346500191913
-138.5 -118.51529082229
105.4 32.5919194306013
-69.25 -50.5412468631151
-17.4 24.0928100503058
-135.6 -152.190122671406
115.9 124.361314369227
-16.11 17.2980157228644
-102.8 -143.373398251208
82.38 20.3039066224602
-103.5 -465.276772439707
70.5 8.97859022862283
-115.3 -169.431572095608
13.63 -13.279220085147
74.58 48.8004070306594
5.524 -53.8765639349521
116 140.057380266902
-4.636 0.128108510813163
126.2 170.77029944888
-33.33 -26.3528955847628
83.45 108.22701795265
-100.3 -86.8591463528439
109.9 88.5148393624903
155.4 144.438299580015
-159.9 -214.232533688542
-75.25 -106.991384535288
-24.6 13.6686591860028
5.388 14.3237369795461
-129.5 -132.668342039179
-120.5 -171.721572427817
-121.8 -156.910898319578
21.52 78.9081756099034
-155.8 -155.61520805683
-33.73 -83.8176925737354
-65.04 -98.7598956302089
-112.9 -122.684350497832
-118.6 -262.201064980568
-27.64 -19.8445145158141
36.02 28.6894959799026
-100.3 -119.189121481646
-132.8 -129.714604190331
-53.67 -41.4505642808749
135.7 221.887493441485
25.26 5.01574606240636
-68.42 -112.694257393412
138.2 93.2513754943431
-81.44 -107.160894577449
-22.4 -14.762121787287
-38.71 -6.52753640046716
134.8 136.67740307807
-53.78 -4.93043086890759
-54.04 -6.73140117298412
-121.2 -134.418667206985
-75.95 -85.5074230236283
-115.5 -227.66324803535
151.7 140.386670163001
105.7 98.6778270507137
50.79 109.925839647686
-65.9 -4.6805158362104
-13.73 43.5613565670258
6.885 47.513916639377
4.573 37.4555677865796
-34.24 -84.3913500581991
6.066 57.6876954011111
70.96 124.109531286054
-113.8 -159.691566250169
1.355 33.7667237189681
-19.71 68.6465803508025
-108.4 -135.626846763521
143.3 128.704388677683
-47.08 -28.6822055422524
31.7 5.76484714346037
2.22 1.41650635945628
-99.57 -294.572561563078
-35.2 -44.0641269818966
-31.94 -6.04077632756458
127.1 107.740989856036
-87.2 -67.7918190491005
-84.4 1.83524634596924
-20.06 -80.9520230499486
-157.9 -142.602382071657
-68.21 -40.3672521810093
-111.2 -133.889989539883
-138.2 -1162.86665578735
-81.5 -234.55579818375
77.51 72.3410943305501
88.79 51.1875925477926
-117.7 -40.7381658238156
-156.8 -138.090030134885
-15.53 -21.2026448056901
94.79 52.6874493593255
-22.12 -35.3807326020916
44.05 52.7156261547867
31.08 50.8881112504903
95.94 73.201750499608
-63.21 -89.0977845106668
128.6 52.1749727426491
-98.49 -66.9894774908749
157.1 156.424304209758
112.6 -4.27989117598996
-74.72 15.5635659987042
155.7 149.592435364883
-128 -163.493413486726
93.66 147.095698612324
-72.69 -78.2816492993966
-30.4 -35.4977872650509
27.42 5.95559509195965
-142 -154.616804286784
133.8 152.967719354634
-114.6 -133.773738546034
55.69 52.2752086634065
81.85 93.351422778204
94.34 164.660998666045
-55.03 -44.2365844015646
-89.88 -36.2016477510987
119.4 161.156740532319
138 135.743021862215
69.65 183.54142667573
132.4 133.639808689455
35.06 -2.72788487597449
124.4 227.69444075429
-94.81 -55.91621030759
5.498 60.1255423996502
-132.9 -225.764541322876
-76.29 -131.745126295012
-91.19 -134.719298239605
142.8 106.023401788434
33.85 37.9715917275444
71.32 37.4601927153929
-154.2 -216.08272465224
-67.89 -155.61981331703
-111.1 216.098576223844
-110.7 -134.665197987424
112.5 138.016990362577
81.41 49.8097247840827
118.6 117.144301507492
-157.5 -240.753064155391
129.1 171.225506205718
-41.32 -20.0433487379878
-34.89 -43.0131078973942
-129.1 -53.4032037873056
-67.71 -48.7779459822253
-66.11 -71.3646674575569
73.81 160.262845665062
-125 -172.82363688281
150.1 117.400890806772
-34.37 -8.56621011091228
109.8 126.90530072381
136.5 113.265681975445
49.07 59.4865391170251
-3.118 -49.2999771135072
148.2 169.655568917553
-34.51 -16.5192730721861
-50.56 -64.4960866551443
-74.42 -55.7196027988277
45.1 9.15990598860462
46.65 71.895727176125
-149.6 -1960.77057588012
158.6 199.32963874809
-34.96 -40.8511708486059
5.137 -11.3207876441791
99.3 46.8274160569607
22.05 65.0077938572196
-91.42 -78.1907012830094
-47.07 -24.9514632934473
-28.32 -48.7099980764438
121.5 185.148221828456
-41.3 -8.57494799413178
106.2 89.6354052567766
-115.6 -94.7448432731523
-101.6 -284.507859383326
39.28 76.9460608877363
117.5 128.599659529752
68.36 40.2920485512531
-3.085 -9.52612525428033
146.4 140.451452921378
117.8 131.50692144045
35.04 54.0208805212762
-112.4 -63.9047858841847
-158 -146.428854647546
-38.65 -31.8087870590963
-21.73 -49.6683998194815
-40.72 -109.824304720658
51.62 81.6711911196031
-55.29 -13.0251028881369
-61.74 98.5820986834479
109.7 60.3581331144223
21.34 59.7613214930942
-146.9 -82.4965085511226
-45.32 -17.7824723101703
115 92.9149798008286
-155 -176.848520287062
149 164.393824612081
123.1 142.397539708766
-82.35 -131.782100746068
-142.9 -117.945417376651
63.58 62.8688759128387
122.9 96.5503261978502
81.75 72.4695874897156
122.3 102.708172747638
-41.19 -48.8899199997614
-137.3 -281.952872308706
-27.87 -68.3268900143756
43.56 -10.8108709112854
-158.2 -121.578609820292
56.2 99.7718143874011
77.69 119.867940558531
-35.31 -25.4702095198544
-38.36 -42.4033820414681
-66.02 -85.5146799886818
147.1 143.747166313428
-69.73 -96.6633350521553
-58.67 -44.5803056958615
-82.37 -79.7519238888717
-145.5 -77.8179762664122
10.85 66.3466633639822
-96.35 -117.105270782297
-93.46 -62.1895142897414
-79.02 -21.5110623183933
101.5 88.2099613882579
-11.7 -24.0997149984475
-114.8 -137.492434287141
-115.7 -209.096378179732
-145.9 -266.986616185499
125.8 168.363355503677
99.77 64.8654388628781
-99.63 -127.34205263333
-24.8 -26.8292833205799
-66.14 -92.3010907956794
-107.7 -56.6260262620596
5.317 -33.4512040105425
-93.26 -122.406810755288
4.485 -39.5195275318874
19.89 5.62679946962358
13.91 -36.5825368767897
-62.29 -111.397588287935
62.55 68.6630739871313
61.64 61.5169700133243
-132.2 -217.519979734966
59.78 60.3893352173313
-139.4 -207.234757899617
49.34 52.5303921519713
-157.6 -190.367475429047
-103 -84.6826087480959
137.2 152.921716812104
140.1 46.3730860878943
-40.16 -37.7288655122221
-136.1 -124.635384380059
134.4 128.113195071268
-127 -156.384536299123
-96.83 -184.923771818989
-84.44 -70.3770421463364
-72.05 -69.9833721550416
43.95 64.9082682196988
22.96 27.2690630821269
-133.5 -147.26279729804
80.34 98.6116992336586
-50.99 -21.0196934276764
-125.3 -120.159061443738
156.3 144.348488850001
120.6 160.628516457084
30.04 49.2733163494348
-48.58 -211.39910461187
-122.8 -154.243029622403
46.55 35.1266753266017
111.2 120.32383979162
-78.58 -66.5316904036988
77.69 52.224175774485
-100.6 -122.223430892025
-105.5 -83.6481901422877
-36.75 39.6586464901525
-52.1 -131.900487795103
-44.73 -58.895558384404
-54.05 -34.7847527257611
-78.19 -96.126724078026
-147.9 -279.259303577494
-27.5 -54.5804895793223
-116.2 -217.443692186854
-122.7 -137.625809241853
-155.3 -220.485690623981
120.5 79.0212674844837
0.4421 0.0109939425438839
9.702 27.1566394859482
-115.9 -109.712721119418
45.98 38.8742714865979
72.63 185.645640182398
66.96 107.952314726101
116.2 181.993313740304
-150.1 -232.565749084788
-92.29 -100.641774010196
118.2 144.725187696856
-155 -124.308833923804
55.27 136.982639724775
54.2 20.1156825144826
-155.7 -147.942799499045
-6.738 17.5787476706781
80.72 33.6187559297766
55.58 53.7145276936719
143.8 169.385560333623
152.8 114.562340034435
-158.6 -145.310318695402
63.45 56.4986906416629
120 173.713528180749
-141.4 -146.182376655434
27.51 13.6469016571565
30.7 22.731944822974
-115.2 -184.12916595751
129.9 113.8573644356
-149.8 -203.372028877312
-157.8 -301.182973932325
91.01 77.2237990994989
-153.4 -184.800569462028
149.2 135.871378125533
-37.06 -75.2226979226356
-91.21 37.3349500441014
29.81 32.3004125878446
-73.75 -102.145984457149
-130.3 -150.912321010782
113.8 113.714764466017
-15.55 -60.1836492171089
-101.8 -63.5989601535299
73.5 122.972481555556
3.362 -22.2949355786463
-147 -195.338627209427
-89.64 -36.2316099539032
-150 -157.071002484352
-91.72 -202.217898563206
-86.95 -147.534647187348
-111.8 -224.69484293587
15.94 17.1203111085813
0.6827 80.6875061456659
105.1 112.099349917431
137.6 172.390650940158
-32.96 -129.178933632751
-141.4 -132.194760522566
-65.27 -25.3294238517546
6.454 -53.336040646605
156.4 106.892750718183
27.16 39.648753949617
-21.35 1.32829699816991
-2.895 39.6946715671327
4.16 47.9377025261146
-12.69 -8.33746483166336
-76.3 -80.1305240683937
-115.7 -175.17957185164
-107.1 -9.97253109002555
-101.2 -52.9463523254034
-54.83 -14.8498308251216
7.138 15.1933523999121
-45.67 -33.4567468118763
-70.45 -75.0494259753673
-45.95 -65.0339137022539
-85.75 7.8478796474359
21.11 23.8743151029811
100.2 54.9797779422719
78.56 82.8436510268252
-117 -130.846861869966
-73.77 -151.73687903567
-95.88 -306.69950083921
-107.4 -136.13149299001
-71.96 -95.1131416673818
-72.51 -9.08641693089674
149.7 155.234491180646
-159.1 -184.548988379785
94.66 112.425059655368
-113.8 -271.573793965344
80.84 78.0270700008678
-0.4605 -8.71893065985569
-138.3 -676.983484096819
-143.8 -210.777996392895
95.22 77.7786684475527
23.19 35.7121035335715
-36.46 57.8449430495167
0.6771 44.646420474956
-17.55 -48.2570071256688
53.49 0.804823289154555
110.5 91.0339626076052
-50.35 -29.6778035446347
-150.5 -227.96264178774
40.39 18.0761988664372
-91.02 -127.740252846112
-61.27 366.319317773192
-149.9 -108.621505482833
48.23 54.4135020985629
55.5 72.5735795537629
151.5 192.971142558033
87.54 110.616362092979
57.73 100.471048509932
-75.38 -87.5018820915896
-82 -72.3606923288898
-19.27 3.10744084086612
70.04 23.4628633817323
-40.82 -241.600502813031
-111.1 -113.758079855935
100 114.326479425395
73.46 106.421713230941
-83.57 -69.6971015728745
-60.4 -55.3060999666441
91.23 120.140329785236
-128.3 -135.223486852717
-93.37 -97.8908324618883
-130.1 -192.936070587967
-149.6 -193.130105668284
-25.78 2.50217892398513
113.8 189.504028568579
130.2 125.334072262356
-152.1 -131.877163574276
-21.39 -9.03110059069792
111.6 54.8316365288221
103.5 125.108299640827
-32.4 -130.801112276842
36.63 23.3615259822487
-128.6 -255.157559853649
76.22 57.723408300793
45.17 6.83592134734392
59.25 57.9836010842392
112 50.9757894812263
-131.1 -211.185483067155
-98.54 -785.563950745983
24.06 20.7630675277569
-33.93 7.3183323499281
96.6 138.131020539922
87.03 132.255355680414
-6.972 -11.6846464928993
138.3 134.016390583075
-133.6 -239.302930809029
-23.66 -58.0004977821887
124 146.214969275105
-116.4 -135.527525534647
21.07 93.2766908196077
3.049 35.3431014644737
-45.33 -38.8557443042397
4.508 50.1672655099909
39.47 -14.2501456264516
41.95 -3.91654508175092
-24.17 -23.0013499177905
-144.5 -188.729764305904
55.87 125.984955307395
-85.82 -72.7405153388856
-103.5 -132.421041926466
-109.6 -157.142311799666
-5.765 -24.3086194997522
137.5 128.748781570757
67.23 -207.441630119039
-33.35 -0.216617219278859
-67.69 -64.4713606775184
-85.21 -104.025220766259
39.38 60.9032521409149
-111.9 -48.442490588649
63.65 62.4059474485568
42.98 68.1217747289955
-91.41 -99.8058743831414
13.39 4.49371733269658
-75.92 -114.787496362012
-65.84 12.706541281155
-47.31 -105.601550540363
-121.6 -178.335097325408
79.35 105.847373918578
27.86 -4.65980216245114
-57.27 -58.5410408082293
-45.96 -31.5985858057027
107.5 86.5813085617461
-51.97 -74.5780800928952
-113.6 -111.367320864756
-93.14 -77.863630272004
-47.6 -9.72980000800692
-45.66 -84.9225022398837
53.49 116.375971525702
117.1 75.8092126377374
