20.7 -125.542504
3.346 -8.54719999999995
21.54 25.598805
0.6823 -17.8340539999999
-28.62 -5.48731
-4.488 16.909765
-26.83 -38.3620499999999
25.46 20.774463
-18.6 -121.066736
15.75 34.477195
-25.47 -33.00785
-3.518 -9.17817499999995
3.933 19.44938
-12.61 -2.88501499999993
-19.46 -18.5780149999999
-5.849 -28.4479705
14.1 -7.06509
-14.57 -27.90599
-18.29 -22.653955
24.54 20.76459
18.91 27.756182
-13.55 -27.798491
-12.75 -12.218945
-6.375 -13.479213
20.5 5.081635
-9.632 -55.48117
11.66 29.86024
12.5 22.30413
-4.084 9.29983000000002
9.482 18.338672
-29.36 5.39706000000002
-24.09 -10.05337
-14.64 -9.6704705
25.55 29.674815
-6.972 -9.51714000000002
20.25 11.688555
-16.71 -11.223967
-23.18 -39.86028
9.848 41.914075
13.34 9.26348550000002
27.77 51.089709
7.489 14.5854025000001
-20.95 -32.3416125
-0.363 -25.773524
19.97 13.27533982
-15.5 -38.1062399999999
24.48 54.9324050000001
5.971 9.08038600000005
26.03 16.70038
-16.73 -11.6324113
-15.55 -15.773645
-24.09 -50.425845
-7.463 -13.04241
-11.68 -30.4518191
16.68 31.9464465
25.01 9.87880500000005
-17.62 -24.061216
-0.644 -35.95651
-3.069 -27.442275
18.1 29.3311850000001
-20.2 -43.2801435
-4.254 14.9288164
0.4632 -22.209158
-1.493 -1.26422499999995
-0.7102 -7.62824149999993
10.43 36.2872760000001
16.21 33.31217965
20.77 34.125795
-13.38 2.67358800000005
4.043 -4.99904999999993
10.27 7.11094500000007
28.61 29.99144
19.11 30.362848
9.113 -15.569259
-14.28 -13.9653599999999
-14.4 -10.93157
16.31 23.793241
14.38 26.7159450000001
1.97 0.582444999999977
-25.35 -34.57417
7.303 -3.96500649999995
21.03 48.85229
-0.6635 -0.104764999999932
-5.025 -43.269503
24.48 43.6616695
19.96 7.83948900000002
-22.48 -24.504792
-27.69 -50.81767
-1.647 -24.026975
-23.95 -61.6272849999999
-18.21 -15.1752389999999
-25.81 -9.83003499999993
10.49 5.42038450000005
-3.207 -33.8755645
-18.7 -7.28287499999995
-20.84 -65.6559689999999
-16.77 20.456335
2.956 -2.70520869999995
25.84 68.38998
-3.754 -46.5640199999999
-0.03632 9.03965000000005
16.36 11.7519250000001
-6.388 -12.886275
-8.896 -15.2422609999999
25.99 40.138696
20.1 30.6198900000001
2.284 21.2813131500001
14.97 3.60605
-11.64 -17.6177449999999
0.2798 22.18833
28.53 56.746575
4.754 -18.1441909999999
11.33 18.934815
20.33 18.3840412
-19.5 -34.8040305
-16.71 -27.0796899999999
28.72 20.5987485
-6.248 -18.696627
-18.08 -1.58815499999998
-14.77 -45.2569311
-18.79 -2.64177299999995
-14.99 4.35824500000007
19.25 30.9556500000001
11.81 14.928255
-4.017 1.216035
27.06 3.30488000000002
3.328 -52.2279549999999
5.999 7.66669100000005
-13.88 -19.544175
-10.02 -87.26237
11.88 -1.4929015
-25 -40.932605
11.96 10.07948
8.497 -16.3956975
23.15 4.92094000000002
1.361 -4.06165999999995
-4.906 81.881853
-25.25 -44.869755
-13.71 -29.68524
20.11 47.755686
-9.255 -7.63146999999995
8.943 0.445754999999977
29.96 61.721413
-11.04 22.425615
21.37 12.5134788
28.99 35.03804
8.07 -21.5144179999999
-15.24 -22.5953199999999
-17.14 -29.9614
11.75 46.403628
-8.146 36.135135
18.78 33.6055219
-25.81 -18.571275
8.448 -1.65733499999995
6.991 26.0735805
-17.35 14.7287305
-15.82 -43.688035
-2.709 4.00768000000005
-2.758 -8.12784249999998
-0.3429 -20.831785
26.17 34.808725
-1.16 -15.3581249999999
-8.3 -3.57690299999993
-23.02 -27.024265
-17.53 -8.49618799999995
1.1 -2.190815
5.399 -0.4490465
-18.12 -36.1324789999999
14.7 18.379572
26.02 41.8217575
13.6 48.3350955
10.13 -0.312289999999977
11.62 9.37110999999998
-0.04763 -13.54729
22.12 7.09102800000002
-18.21 -3.59627500000002
-1.368 -7.71917500000002
21.46 28.33468
10.62 32.5858950000001
-20.2 -28.813485
18.32 35.3940380000001
20.12 46.8851270000001
27.01 45.70345
-19.04 -47.828415
-11.73 -31.51756
-9.773 0.803492500000046
22.04 18.21599
0.3689 -45.97632
-20.88 -74.275375
9.165 -21.0249485
25.94 29.4118415000001
4.045 17.18106665
-7.928 -20.0473349999999
29.27 7.03056100000002
-22.48 -9.16007999999995
24.34 43.702926
8.131 0.989040000000045
8.277 84.3791716
18.27 31.730943
3.512 13.6221825
20.88 13.1604345
12.01 -2.9565617
12.95 8.45487800000007
23.16 23.00136
-22.84 -32.1601539999999
19.93 15.6771
-0.397 -2.17148500000002
14.61 29.77835
-17.54 -1.80482649999998
-21.95 -70.286945
1.701 19.1479385
-12.01 -18.9747099999999
15.16 18.9049000000001
-24.66 65.037201
-7.517 -13.51613
-25.8 -30.2388049999999
11.59 18.8422000000001
3.325 -14.7836899999999
14.43 39.70041
-9.1 -25.179446
-29.03 -58.50333
3.606 -19.22985
20.6 14.5495185000001
-24.26 68.187417
26.45 34.07756
-2.826 -32.34998
-0.3718 10.1928390000001
7.297 63.241515
-0.08172 -2.79951999999993
-23.86 -58.374357
-14.46 -7.91777499999996
-2.709 1.91621899999998
25.03 55.187183
13.24 16.06446
22.44 -9.49529500000002
2.732 4.71692000000005
-11.1 -57.159398
0.8955 34.21158
27.64 45.1536793000001
15.95 43.64213355
-12.66 -68.884105
-24.86 -63.8944849999999
19.95 49.547288
-28.87 -11.2018449999999
-24.3 -37.14975
20.71 70.140346
1.833 22.14513
-11.14 -3.584309
5.176 -3.41777499999995
22.06 37.239845
1.898 -15.58649
-2.531 25.076185
-13.33 -21.1618739999999
15.11 -4.20842499999993
-18.57 -17.6781764999999
-10.03 -7.79074899999998
19.08 44.769035
12.56 18.22947
-13.96 -15.85302
-24.82 -32.2432549999999
-11.84 0.268785000000022
-21.14 -27.521134
-9.13 20.2073630000001
20.51 30.2989050000001
9.17 -5.94787599999998
-25.72 187.55052
1.97 22.94364
-19.64 -32.289597
-28.52 -16.1341699999999
-9.649 -2.845725
4.999 -52.915561
-20.42 -27.5190049999999
25.9 50.0871045
11.81 -21.2302855
-25.62 -33.07271
25.88 61.9104205
-22.72 28.720933
-10.29 -27.4607525
23.36 32.4472
14.09 34.5854806
24.37 24.3421585000001
-10.4 -30.63889
-23.36 -30.85146
-2.227 7.21668499999998
26.23 18.35826
-23.66 -21.248154
-28.82 -35.3171345
-22.95 -13.3628875
21.98 -11.18011
-24.73 -9.7739
-16.81 -56.30158
-14.71 12.6109700000001
-26.4 -24.889695
25.96 34.353085
12.23 21.567854
17.97 24.712739
-16.5 7.871155
29.76 36.790772
-24.93 -17.217254
-2.494 16.1783850000001
-28.58 -8.15908900000002
-2.335 7.47729569999998
-12.87 -0.678415000000023
-8.155 -27.088605
-2.781 25.140533
-21.13 -32.66958
15.78 32.31679
29.88 17.299215
-0.8447 -25.3510424999999
-16.92 -16.7865299999999
18.27 39.2610895
-0.1539 16.862345
0.1112 5.23117499999998
8.062 12.6830000000001
29.5 25.131518
-12.78 -28.17796
-5.122 -13.74941
6.306 8.90060700000005
-6.725 -0.275709999999954
26.11 40.80395
29.81 21.128235
22.77 57.0279250000001
-23.02 -44.134168
-4.694 -10.657781
28.85 28.0626
-23.97 -4.98568399999998
16.25 2.85482500000004
8.669 11.88048
-1.496 -12.2414085
-25.33 -28.33549
8.681 -3.23899199999995
1.528 -26.1665199999999
-27.39 -56.5657999999999
23.04 40.4530985
22.42 25.4628600000001
3.016 10.419475
-5.361 -17.409546
29.53 10.5009370000001
13.95 3.38228999999998
22.74 43.866235
-8.556 -43.5003099999999
-22.31 -55.3326349999999
17.52 43.17471
27.51 17.895561
2.951 19.8676740000001
-22.65 -41.6498525
12.61 35.4368000000001
-5.11 3.28962000000005
-1.045 15.50004
18.07 28.339558
-17.07 66.3136660000001
29.45 50.3025180000001
16.51 35.770796
29.55 49.926485
4.942 2.87789999999998
-17.68 18.39134
-3.976 -26.380795
23.23 51.524175
26.07 38.55431
-7.652 -4.24294600000002
-20.02 8.14944000000007
-20.73 -54.361667
-3.378 0.379420000000001
13.59 -4.56734499999995
-15.58 -25.139605
-26.31 -4.72137099999995
-19.14 -0.708514999999976
29.19 31.6872350000001
-7.209 -15.677795
-24.28 -28.4942299999999
22.86 -1.83900299999995
-12.61 -27.02753
-29.67 -43.3582
-13.46 -12.9669425
25.14 18.233805
-2.048 4.6392152
-24.51 -27.536325
8.695 11.27859
-18.5 4.18338000000005
9.895 -3.75698699999998
-6.406 -10.224189
-11.25 -16.09469
5.297 7.335505
6.653 1.99260000000002
22.83 24.50354
-1.236 3.97086770000007
4.219 9.12525499999998
6.986 -40.400655
6.157 -5.745905
-26.04 -51.3498178
11.81 8.16013200000005
6.058 3.51083720000002
2.71 -31.107905
-22.56 15.485085
0.8374 -9.027565
-29.92 -51.000144
-6.255 -75.164566
-15.6 16.57338
-18.73 -35.8082522
21.08 17.979385
7.582 -23.000985
-20.92 -60.386615
-15.4 -25.88825
7.158 71.444955
8.059 2.88443000000007
-15.51 -15.358225
4.227 -7.21892999999993
25.83 45.2773025000001
-20.01 -2.07243999999995
19.06 13.55182
27.07 -0.088965
-17.37 30.049895
-29.35 -53.85144
6.336 -4.62516399999993
-0.8167 -11.371625
21.64 35.6725
-13.89 -32.1169065
-27.73 -53.667615
-7.964 -25.944155
13.32 18.9918030000001
29.08 6.78262650000002
-2.261 -2.54037029999995
16.07 37.07236568
-4.353 13.375735
18.84 22.342295
-19.9 -30.952795
-16.38 -27.511319
21.68 6.51514500000002
-2.037 -26.835615
-29.94 -54.188555
-18.36 -35.4686979999999
13.63 -5.86984079999995
16.81 21.5533490000001
-16.13 -40.137355
-16.19 -53.825122
-28.22 -39.94426
29.75 5.00760000000005
-22.54 -26.282123
-5.279 -14.315385
29.2 34.293858
13.81 -0.572259000000023
-18.97 -14.7642
-0.2912 -30.3008775
-12.27 -1.55879499999993
12.37 12.63288
-25.79 91.7085900000001
13.17 22.929381
3.651 26.3842
15.61 18.538465
-0.7642 -15.291766
13.12 -6.76457999999998
-4.786 -3.69387999999995
-5.953 15.73669
-14.13 -28.868815
-1.249 10.65812795
20.92 31.68815
5.453 61.8710450000001
-25.75 91.149587
-0.6337 2.30920499999998
17.76 35.6659510000001
-3.399 -29.42312
26.6 65.6054
15.08 48.544915
21.07 52.622766
17.45 48.736015
-12.91 -22.3371549999999
-27.04 -41.0204249999999
6.815 7.58519000000002
13.56 33.6276850000001
-6.765 7.94047200000005
-14.06 -17.8717499999999
21.97 42.79781
21.96 54.581458
-19.99 11.876958
-18.73 -32.218606
20.63 37.778435
-6.791 -41.794
2.427 -24.9968674999999
5.745 19.80718
22.94 30.46027
3.373 4.48776500000007
1.998 -7.8071
8.167 1.149712
-7.45 -17.5865095
27.78 -74.133322
16.05 7.61477500000005
-6.373 10.532016
-25.18 25.649665
1.722 -27.3726549999999
-13.46 -38.4194599999999
-21.23 -28.029875
-28.39 -27.52768
-5.538 -35.196855
11.45 22.76059
-20.74 -27.6463
-23.55 -12.120504
20.78 6.14146500000002
-2.848 24.899097
0.2827 22.596075
-7.017 3.34230500000007
-29.26 -40.569545
-0.03135 -33.7024734999999
8.068 -11.4659789999999
15.05 12.6180450000001
15.45 47.295405
29.3 -0.0429299999999317
0.3113 1.24064000000005
17.73 33.743585
14.84 42.97105
5.342 -5.59673
-11.92 -57.341863
-2.294 25.7435715
-12.07 9.67352999999998
-11.51 -6.32579499999995
-4.536 -38.284345
23.17 19.7120050000001
-13.53 -51.5809
-29.61 -30.08811
-22.03 -51.36769
-17.94 -45.952535
12.06 17.609675
-22.26 -31.7851249999999
4.845 31.399835
-19.83 -27.371025
12.44 26.982318
-13.49 -13.47156
-13.77 -28.956565
26.39 59.58406
27.77 67.090298
-13.38 -19.2246876
4.771 7.106205
-0.4194 -8.04199849999998
-12.21 -5.76142499999995
-12.48 -44.06055
18.05 57.4313512500001
-19.88 -0.140274999999932
8.823 13.044795
-4.136 -7.34631499999993
0.1731 -5.30686549999993
25.85 6.46090300000007
-4.358 -5.6915125
3.176 -6.65750599999998
-11.5 -12.60555
19.78 12.1619010000001
29.03 52.2549075
11.5 23.749285
-21.22 -20.912665
27.25 59.44555
-3.989 -22.198504
-11.07 -1.88953599999993
-18.11 -43.566595
8.25 -0.730409999999954
28.36 43.85427
24.99 23.194885
14.33 22.719085
-8.735 -22.691179
3.556 -2.37086499999996
-2.821 -3.37639999999998
-14.11 -25.971255
-16.68 -32.3229449999999
0.8565 8.026465
13.65 8.50312500000005
11.41 -14.706735
4.509 42.176137
-19.62 -10.4451089499999
-7.104 -23.7411299999999
-10.21 -0.200874999999955
7.665 5.38677000000002
-6.843 -12.8749
-10.21 -27.4422533
-26.51 -37.4165249999999
-10.66 12.520245
6.521 8.441533
19.53 20.7194
23.6 53.7285240000001
27.32 41.038315
-4.984 11.93195
22.99 26.08264
-2.907 -33.333724
-9.979 68.5787005
16.64 39.5734415
20.01 31.38622
-14.58 -25.862645
-10.73 -13.3647199999999
12.07 16.681727
-19.54 8.2610435
-19.57 -53.9828255
7.264 19.5813650000001
-13.24 -5.381281
9.922 -33.828425
-14.7 -18.47611
11.96 27.288436
15.18 39.873695
-15.26 -4.107245
-25.28 -9.12243999999993
11.49 -0.403980000000001
-6.278 10.6548245000001
-13.51 10.10144
21.55 25.6386129000001
-24.73 -20.263931
-5.003 3.32692500000007
-6.66 -26.115705
9.483 4.757275
-17.22 -55.716925
0.7801 -0.657953999999932
14.67 17.6084330000001
-25.73 -29.9542649999999
-1.738 -34.047164
12.43 15.59879
-6.82 -18.3743449999999
26.95 46.4146137
14.97 9.42313850000002
2.504 -4.41122999999995
2.595 -6.72503722000002
-9.32 -58.154355
13.45 2.861925
-25.01 -33.002725
-14.04 -17.005312
10.04 15.5767676500001
-10.86 -77.486954
-6.112 -7.94421500000002
-0.1916 -31.46043
0.616 -12.88114
-2.62 -1.358795
4.933 17.74825552
16.8 51.79936
-17.45 5.84666000000005
4.981 8.11080000000002
27.48 4.68131500000002
-11.57 -26.1798549999999
22.51 38.22076
-21.33 -28.16536
29.47 51.275879
2.769 5.1668
10.67 5.77791000000005
1.72 -2.25317499999993
8.87 22.581721
19.62 20.046055
-2.477 17.6525200000001
2.918 5.11188600000007
-5.378 -10.85712
-27.59 -14.8043075
-7.107 -47.844245
16.72 30.5479600000001
-22.95 -20.0775649999999
2.627 10.5042715
-29.86 -17.2750892
27.41 190.96885
1.695 12.51352
18.71 51.387395
-17.76 -34.6127299999999
-25.77 -68.214205
3.233 -38.4666004999999
27.79 -54.17331
-12.34 -11.4243699999999
18.07 47.29381
-1.245 -11.16477395
19.6 16.87857
15.43 19.84635
-18.65 1.17527499999998
26.9 5.01863999999998
24.56 17.162155
-21.81 -57.2716749999999
-5.442 -15.660223
4.265 -28.3042775
27.55 30.3641550000001
23.66 6.03035
2.666 -9.85446299999993
28.5 10.0519590000001
-11.77 -13.49139
15.69 17.746507
15.33 5.49528000000007
6.79 6.68542000000005
-19.03 -61.445445
1.892 -5.18016100000002
-19.16 -35.5412174
-17.98 -14.9810575
-22.37 -26.34517
-14.43 22.167026
25.77 40.8536820000001
20.79 15.2437850000001
16.86 14.619009
-29.83 -44.69127
-3.988 4.12226110000005
9.185 28.380225
25.69 54.211183
15.66 26.86992
9.316 -12.304925
-19.51 -19.55361
-7.147 -16.90774
-25.34 -22.2878789999999
14.46 19.259495
25.56 47.1893355
-29.24 -38.116875
-18.34 -39.729555
-17.29 -62.366144
-19.18 -51.63833
-7.329 -27.11941
-21.66 -27.783898
6.106 13.08184
29.49 -16.713385
-4.614 -0.799794999999931
-11.35 -27.552685
16.82 42.631065
15.81 24.099045
10.6 -0.919259999999931
4.316 10.97046
-23.86 -46.309656
3.695 8.16271999999998
-23.7 -54.21859
21.56 31.805335
29.92 19.966893
6.108 18.589053
21.35 29.95124
-4.857 -16.308585
2.406 1.60918809999998
1.103 -42.7679993
11.5 12.72841
25.34 6.66157500000007
13.84 80.487477
16.72 11.52847
-1.535 4.77976999999998
4.663 51.0117155000001
13.23 10.2617
21.27 64.07487
-2.675 -37.354468
29.12 34.118954
-8.673 -21.158386
1.929 -7.05543499999995
10.08 17.233475
2.252 -5.98738000000002
16.04 16.370975
4.225 25.715215
-14.79 -7.92043949999993
13.75 8.65018499999998
-3.752 -14.149329
-16.72 2.44181
-2.143 21.774045
3.69 -14.542023
-1.672 6.04027500000007
-2.953 27.9823925
-12.12 -13.191001
-1.374 7.65227999999998
27.84 57.144545
-11.46 -16.177285
-12.75 27.065665
17.68 13.46243
5.681 -29.712701
9.786 31.589515
27.24 34.635056
-11.5 -69.1744655
-27.72 -56.764695
-12.2 -11.895935
12.5 42.796084
-26.55 -17.451295
24.18 -10.533795
-28.09 -58.453588
20.13 30.7527980000001
1.132 6.62256999999998
28.42 -3.45183499999993
13.46 21.54498525
-6.343 -11.404295
13.49 9.81024499999998
11.33 23.49516
17.04 -15.653055
23.65 17.143265
13.58 24.0393420000001
-29.35 -33.063225
-0.2139 8.59586000000004
17.1 33.056812
-29.78 -20.62586
-26.89 -24.562394
-29 -44.114145
5.245 21.21929
-21.64 -48.5715549999999
-18.73 -18.26554
15.44 34.7662365
-6.038 -35.9380558
-1.315 7.25277500000005
-23.76 -14.70928
-15.88 -36.132426
15.62 9.03841000000002
27.27 14.4183830000001
14.91 40.3029598
21.22 36.1735350000001
12.41 -15.5159396
-20.94 -17.428895
-15.85 -29.4754347
-19.86 -37.8486999999999
-22.92 -31.8999904999999
19.89 8.52828250000005
5.497 -3.95042849999993
-20.43 -108.89973
-8.318 -0.0886749999999545
8.879 6.38238544999998
-10.37 -28.451179
4.745 -3.28308999999998
-14.63 -114.709635
-13.09 -50.156974
-25.52 -44.5929749999999
20.72 13.648245
3.738 -12.811686
0.3365 11.10632
-8.53 120.860609
27.6 32.53134
20.85 43.269265
12.37 4.09107
24.31 5.3413989
15.62 12.427075
-8.025 8.99023999999998
7.532 -17.2818149999999
-15.24 0.470925720000068
7.689 19.991728
-0.6919 13.21611
-5.959 1.66022500000002
7.598 8.93012000000002
8.741 1.41839000000007
29.63 64.1380850000001
14.04 50.752855
23.51 2.71313800000002
15.41 11.573605
-28.2 -53.469935
29.72 68.7854395000001
29.57 51.239994
-23.12 -26.913015
23.85 43.657235
26.28 66.839785
-5.253 -22.7066099999999
-11.62 7.65114900000005
4.423 -7.23122100000002
-27.14 -45.9148749999999
16.24 36.716461
-26.92 -13.239505
-12.59 -20.176768
-8.127 -7.65320999999996
18.58 42.21232
3.408 4.36785999999998
9.142 19.2289972
-18.57 -12.0429485
21.72 7.98535000000002
-20.59 -40.803955
-12.58 -28.89455
-13.11 -32.9319449999999
12.35 46.047423
-24.59 -46.426475
-4.279 12.0330165000001
-17.37 -14.3168139999999
-1.429 1.70657
-16.54 -11.34071
-12.84 -61.9614021999999
-24.21 -4.64217499999993
-26.25 -45.2921023999999
17.33 7.91980500000007
0.5238 -16.115875
-15.82 -83.18797
-8.883 -25.908212
-0.7642 9.751307
7.283 16.28401
-26.25 -59.29323
-5.473 -6.01801300000002
22.44 35.53352
-2.06 -23.27733
18.51 45.290544
20.32 27.363725
-17.51 -17.87799
13.55 49.77093
-29.33 -20.982835
-21.64 -13.9269749999999
7.516 -6.68606439999998
-6.013 -5.96203499999998
21.35 25.896565
-19.6 -6.11005000000002
-11.15 -22.4013904999999
23.56 31.77137
4.739 22.00541
-7.687 -20.22619
26.01 23.485965
-26.79 -45.89102
-20.09 -13.9671269999999
7.215 -14.3009899999999
21.99 17.868685
12.25 34.39181
6.806 37.1866770000001
28.02 41.224465
-1.648 6.92003499999998
-15.78 -44.9123449999999
-7.344 15.3516550000001
-4.341 -6.51343499999993
-18.83 -63.383735
15.82 5.45500980000005
-9.225 21.04524
8.485 17.43965
25.89 -1.06522999999993
-13.74 -14.4818509999999
17.86 17.48175
1.865 18.148075
-5.915 -11.752205
-3.05 -28.339167
16.26 13.795955
-21.68 10.8023300000001
-26.02 -34.54322
-18.2 -32.169495
-19.37 -8.64271259999995
-13.38 15.951808
-11.52 -34.718175
19.85 6.20592999999998
10.71 -2.61076699999998
-4.809 -50.8542779999999
-14.94 -6.86963899999995
15.68 -11.892655
3.423 34.78017
5.086 17.996925
-20.94 -15.468783
8.215 38.555515
-20.27 -15.51821
-23.38 -1.293721
-25.5 -18.9501399999999
-4.652 2.62771850000005
17.74 0.753954
-23.38 -20.457225
3.334 -126.002534
12.95 -0.659934999999978
20.85 8.77784500000007
5.547 14.46374
-9.423 11.519717
-20.98 -44.7350595
-20.75 -30.32839
-13.08 -0.842444999999954
-23.51 -13.8207999999999
20.87 8.31649450000007
-0.6706 2.51145800000005
-18.23 -65.382948
-28.06 -58.243915
22.64 14.904995
6.806 17.161065
-18.99 -26.4539999999999
3.846 8.48063500000002
-10.57 0.971886300000023
-26.77 -10.148528
16.73 10.643059
-0.4884 -1.97117999999998
-15.07 -10.790979
-17.46 -22.7026665
-26.19 -15.4863069999999
-11.27 -33.287945
-29.01 -43.042725
-15.4 -47.929075
-5.021 -26.15125
13.33 -0.0821199999999322
-16.49 -62.43394
-17.8 -50.201043
-5.119 -85.1374273
28.83 35.712754
7.975 -22.0601789999999
11.79 -4.46465620000002
-20.24 -25.376105
10.17 -0.946464000000023
29.11 45.1324841
10.05 7.50179500000002
-3.972 46.46207775
13.27 17.34111
13.83 12.4540000000001
11.06 -21.795196
18.76 9.50786000000002
12.21 24.86188
28.89 39.6426000000001
16.68 25.1418755
15.09 24.4501100000001
25.57 51.455025
11.12 -1.29304099999995
-21.07 -32.3650735
-22.63 -51.1175
-0.2177 -13.437415
25.6 36.3884450000001
-5.43 -14.6197
-29.72 -39.00122
-15.13 -59.72414
-9.075 -17.656654
21.12 32.152674
28.91 -30.172815
-23.3 -42.472955
-15.69 -30.106254
-29.24 -4.24424999999998
-18.45 -64.9933949999999
15.14 36.7695950000001
5.011 -19.524154
1.184 -0.342334999999955
-1.281 -5.01564499999993
13.81 25.2173550000001
-6.072 8.07019500000007
-3.253 11.1147525000001
-13.34 -39.074301
3.617 -18.985672
18.17 98.1213890000001
3.865 14.1346
-28.56 -8.59113
-4.799 -37.90288
15.95 15.6715265000001
-0.7015 1.30133999999998
11.69 -17.4657899999999
-25.33 -52.541705
3.067 24.39972
-4.254 -10.095545
-22.94 -114.6216125
3.995 55.3079212
-7.832 -28.206091
-0.01856 3.45354999999998
9.258 21.30912
24.32 25.426046
27.4 12.12646
12.38 49.68076
-4.022 -0.821391500000023
16.48 19.691875
-15.45 -43.31998
18.05 54.2870950000001
22.98 73.7559650000001
8.781 -47.638415
18.18 25.941545
2.605 14.635445
-13.79 -18.352255
-15.62 -11.5501934999999
0.4772 -48.666794
-6.757 -11.1686599999999
-17.77 -29.53538
3.977 48.6438515
-8.109 0.475731000000023
15.88 -14.0264235
23.04 68.05574
3.595 3.227235
-22.59 -1.05937500000002
-25.49 -56.1734899999999
8.588 11.102791
-1.466 -6.37527999999998
7.972 10.9834450000001
-5.408 9.99763500000007
-21.97 -1.99637
11.21 71.345335
-10.66 11.36220208
10.41 14.458055
-1.607 -2.08498350000002
-15 -12.91657
13.93 12.16567
-27.59 -51.15233
6.689 22.69671
7.12 52.383692
3.502 -12.7548639
17.49 11.3369815
-13.45 175.7226255
-25.62 -100.139844
-16.14 -13.5805510649999
6.284 -3.25848
-15.72 7.783705
-4.896 9.70703100000005
10.65 -13.691805
-17.15 -5.63123899999998
12.44 19.007292
17.08 52.397659
26.31 38.625629
11.15 49.712929
-2.697 -1.97864499999995
-19.07 -51.16876
-11.45 -34.661497
0.7239 -4.17296899999993
14.27 2.02517500000004
2.895 9.74651500000004
-15.48 -33.318805
-28.72 -34.020679
-20.3 -25.4949274999999
10.38 10.717295
-12.87 -14.5861199999999
-18.13 -23.0885349999999
-10.48 -11.246615
-2.678 23.262855
6.57 -7.13338999999993
2.477 22.84482473
-7.638 -29.6039149999999
-13.31 -28.439253
17.14 60.67677
29.13 29.40478
-15.56 -24.600287
-22.73 -31.55833
0.6018 7.34509749999998
-6.399 2.39879200000005
-24.17 -30.40942
-28.36 -54.66088
-18.56 -4.78543500000002
-1.897 9.83455
11.96 -5.16196999999998
-8.415 -21.2288244999999
-22.6 -36.88804
-23.07 5.8614685
14.69 26.1755450000001
28.27 28.547837
-21.2 -32.819818
-13.59 -45.146131
2.602 -22.53683
-5.978 -30.675511
20.44 13.41544
9.472 27.548661
14.62 3.54407000000007
11.83 -5.65878799999996
-1.068 16.9772665
15.44 -10.2696049999999
-12.68 -18.0136254999999
1.178 -3.67399199999993
-5.446 -7.42581499999995
3.057 0.153655000000023
16.66 37.763771
-29.31 -9.37541
4.636 -30.35958305
-17.31 4.96019999999998
1.775 10.739965
-24.45 -19.25891
-6.628 -52.234756
-2.707 6.99900249999998
-29.32 -36.160547
-6.586 5.75753500000007
-20.26 -25.3733959999999
8.204 -0.177863000000023
15.81 10.50627
-22.03 14.527753
9.402 1.89719000000005
-24.02 8.87458115000005
10.69 -2.22088999999995
24.23 22.60631
13.43 -0.437025999999955
-11.02 10.223145
27.16 32.84161
-15.9 -41.26686
27.75 36.611179
19.16 -10.5199695
-9.193 -16.25082
11.16 35.0726775000001
26.82 -24.915435
6.862 2.05604000000007
18.45 67.01355
3.491 30.1852555
-11.83 -58.725314
-2.866 -3.223267
19.22 -0.761557000000022
14.93 16.2156650000001
-19.25 -17.391402
5.162 -14.636811
-7.046 -3.07479999999993
13.98 -30.800788
-19.83 -22.6618353999999
7.774 -11.873781
0.4088 -34.901985
-0.4543 8.351205
27.8 44.038905
2.944 -25.710795
4.719 16.5767045
-9.005 -19.010589
3.398 5.74011500000007
-11.22 -27.59767
10.29 -14.3309039999999
-27.17 3.57872399999998
27.16 52.398081
26.81 31.22353
-20.78 -16.703865
3.248 9.42843000000002
-9.683 -35.5212899999999
10.57 20.76259
6.935 12.419951
-1.985 0.97362
-5.924 46.50354
17.43 9.26853999999998
1.502 -43.525783
16.63 46.0509100000001
20.86 -22.7593525
-3.286 -30.05256
25.89 26.309115
-12.35 -8.38718999999998
4.719 11.38189
6.267 -0.861304999999977
26.98 74.8369750000001
19.15 33.832535
10.27 10.3474160000001
-19.06 -8.79053499999993
-14.53 -25.9382125
-29.87 -62.0523491
-16.9 -43.135237
-20.82 -15.4796475
8.702 9.42539500000005
20.19 10.928381272
3.869 -10.75693
-16.33 -0.0309499999999319
26.07 27.96135
-22.45 -10.8252194
-20.47 -23.842465
1.636 -22.684731
-14.77 29.815808
8.543 -2.34737499999995
16.67 -21.6100349999999
12.2 -2.78373999999993
-18.78 4.95141450000007
23.32 5.413025
0.4374 9.955905
-0.8268 -17.3577699999999
-15.41 -38.343055
25.28 -7.465239
19.39 66.545492
-26.85 -17.4124215
-25.62 -20.19767
3.627 -5.56665750000002
8.482 31.1208600000001
-27.73 -61.2868409999999
17.91 31.81038
-1.909 22.49857
3.208 -6.93731999999998
-27.99 -17.843492
-14.24 -20.493265
-12.86 -21.773025
-0.7271 -22.6500804999999
0.6905 -14.036225
-23.7 -14.81082
29.48 23.1916050000001
-18.11 -35.03798
6.032 55.467808
-12.83 -46.5946349999999
0.5319 -9.94221999999995
14.87 28.56551
10.33 33.955151
-20.5 -22.73291
-5.307 -13.23591
-0.1564 5.27937000000007
20.66 64.884873
1.346 8.64354000000007
18.63 11.543104
-12.26 -17.3342695
3.547 17.110806
4.877 46.706718
29.25 29.6972200000001
-11.93 -22.158555
23.22 -18.080725
-18.44 -17.945315
28.3 51.0827150000001
7.558 45.641
12.45 25.6208505
27.27 36.95962
15.37 -15.333385
17.85 -24.064036
-9.99 -12.5948049999999
-27.38 -39.5198799999999
21.44 63.9076685
-3.986 -23.069956
7.134 28.3303710000001
11.46 -0.724554999999932
-22.83 37.200804
-13.67 -34.1640045
18.05 7.88769000000007
-16.22 -32.4776749999999
-27.64 -19.825788
5.078 2.80624
12.29 22.896751
28.99 26.280129
12.26 29.711289
-27.17 -8.60492500000002
-20.22 -18.51855
-0.9832 -9.303956
-24.72 -43.38409
7.527 4.86267000000005
16.4 13.0677
-29.43 16.7703240000001
-5.627 -17.196389
22.53 -15.1584649999999
-22.92 -18.38491
-27.53 -22.95482
-6.731 -11.37803
-15.58 -49.029875
-15.02 -37.2284099999999
-15 6.042205
-29.12 -41.689525
-19.63 -10.499515
-26.34 -75.698125
-16.06 -15.151522
16.09 4.63656550000005
6.094 13.57815
0.1254 -26.6004338
-12.47 -3.22069899999993
-20.49 -37.439175
-19.77 -38.822125
8.688 20.639758
28.15 51.09736
16.85 -5.39578
-14.78 -29.952228
24.37 34.0185195
22.46 32.188538
9.6 -4.68190499999998
2.46 -10.1273679
-14.47 4.16767500000002
22.02 50.6253842
-15.86 -35.9995
4.875 0.0351780000000228
-26.68 -43.945606
-26.18 -43.086063
-4.313 1.93238500000002
3.259 14.9214
1.366 -6.06174499999995
4.936 4.93200000000002
8.573 -2.03385499999993
25.57 12.918178
-6.019 -15.5310225
-14.98 -47.291155
1.992 42.117345
20.94 -59.2232264
-1.513 -9.884485
-13.59 40.61053
-13.13 16.3642945000001
-7.984 32.45058
-17.56 -21.808585
18.04 25.181335
2.011 0.783559999999977
2.024 -8.51856499999998
2.441 31.29622
0.6576 13.3572890000001
-17.51 26.4169330000001
15.19 18.831286
29.69 59.9168245
-4.468 -18.355245
29.52 25.0625665000001
-23.58 -57.0151465
29.05 24.101815
-17.31 23.340015
-19.36 -4.78048399999998
29.5 64.4126905
13.29 -0.721503500000023
24.66 31.400585
-11.22 -18.319605
-18.03 -33.366846
5.267 1.15602500000007
-27.73 -26.996885
9.583 -18.1133275
-6.822 -19.982116
-12.1 -13.7202499999999
-17.06 19.351903
5.97 5.21485000000007
25.7 51.392119
-21.37 -32.049985
-24.6 -20.4021999999999
3.63 18.2575410000001
-10.54 20.280255
8.322 39.91743
-21.07 -11.050729
12.72 18.7487886
-20.78 -26.558535
19.45 47.4133640000001
-27.58 -51.6370344999999
-21.47 -20.3559649999999
1.341 20.22411
-25.91 -20.58486
-1.299 10.99749
-5.044 -16.07746
-3.497 3.00035000000002
4.801 5.89288748000007
7.379 13.66331
9.387 10.086869
-16.6 -44.2474085
6.322 30.9908400000001
-4.339 2.34995500000007
4.006 2.27028850000007
-5.9 3.52385100000002
17.5 2.44132999999998
-18.36 4.08537499999998
29.54 47.7193899
5.552 -6.396579
-14.92 -26.8901799999999
-22.19 -63.0466715
-19.11 -2.66096
23.95 41.561615
-2.244 -15.733743
7.276 18.10529
2.612 12.2356875
-27.17 -29.0770615
-28.94 -59.12232
21.01 40.24812
-24.71 -28.864155
-20.46 -66.8233949999999
12.48 29.01598
-26.62 23.569115
9.953 -10.69308
9.181 -9.46811999999998
-29.54 -38.993475
9.031 14.591705
-17.78 -23.945203
-19.68 -51.24994
-7.578 -26.09839
9.899 49.779837
0.09324 -10.516694
25.83 18.64755
0.7266 -2.09704399999998
22.25 14.868705
23.25 -5.44859999999998
-4.501 -23.649002
-1.471 58.989123
6.195 0.772505500000023
-4.214 -16.613725
-8.192 -24.87449
3.533 -6.632044
-9.702 -30.528476
-5.4 -19.181493
-10.2 -18.642815
17.46 50.830848
-12.88 19.972165
1.608 13.690819
-9.873 -22.8719394999999
6.556 4.85801500000002
5.447 25.7713720000001
-16.24 -44.671163
25.96 42.459695
-17.11 -11.105171
-4.622 -7.68794000000002
-12.14 -29.0077725
20.61 40.1614325000001
-29.41 -23.15701
28.88 22.2117860000001
21.91 12.7402220000001
26 56.6769915
-9.573 -5.77374199999998
22.76 41.81073
-22.41 -19.993355
-9.028 1.66416000000002
2.516 12.9579
-14.55 -29.594689
25.44 7.03671499999998
-28.87 -7.34903499999995
-12.94 -40.08128
12.36 25.08526
-20.18 -52.382843
29.14 50.606185
-16.33 -4.39522599999995
18.12 28.7979445
-16.78 -17.636021
8.166 -3.92832649999993
-29.85 -50.3907915
-3.681 12.4854700000001
3.974 -18.09926
10.95 39.684442
-26.2 -41.700165
20.05 45.9767500000001
3.155 7.95422999999998
-21.51 -34.779705
-1.077 -11.978523
-5.103 -4.04726300000002
-5.661 -5.51638150000002
17.16 23.681907
10.14 10.4158000000001
14.59 20.2061850000001
-12.86 -45.0843195
24.13 8.65769049999998
11.79 13.5285850000001
-11.44 13.598827
-14.12 -16.8910749999999
10.32 21.875065
-8.403 -5.80283500000002
-28.8 -9.09521649999998
-16.34 10.74888
17.41 32.677889
18.41 15.0028905
25.65 -5.73565000000002
-24.13 -0.321605
21.62 31.48425
6.267 13.268475
18.03 24.248514
-28.4 -44.69149
8.33 4.14665500000007
29.22 16.521302
-1.299 -7.07044349999998
-10.47 11.9909045
-10.44 -2.147275
19.35 7.36392500000005
-4.003 42.8039655
11.61 13.94129
29.5 32.913872
-15.95 -38.63405
-26.8 -11.34203
-27.1 -39.33435
16.32 -1.62922899999993
1.988 -5.199435
-12.58 -24.170256
-0.6586 -27.049071
-23.8 -20.606601
29.93 37.422482
20.04 -7.988545
26.05 79.3923650000001
-19.56 -14.3298215
-25.48 -23.5726209999999
-12.36 -27.235972
-14.23 -3.19757199999993
25.7 24.7468900000001
-0.8711 -19.353105
14.68 8.40703149999998
-4.486 -12.362005
15.84 -7.350669
-1.645 -6.96126000000002
-16.4 -22.7013199999999
-18.41 -2.27530299999993
19.52 44.5696755
-24.32 -5.23038999999995
-6.783 -18.4393992
-17.18 -16.489675
-15.36 -21.552945
-7.392 0.118144999999977
-0.6678 42.8520731
7.844 17.466885
-17.19 -9.2039795
-3.641 -8.30504499999996
-13.59 -31.7568439999999
-10.95 -46.104325
19.13 -5.59201000000002
-5.512 28.327769
18.02 7.97964000000002
-13.26 -5.30465999999993
16.59 59.0025064
-14.25 -29.2541509999999
-9.466 101.480315
25.6 45.75521
-18.9 -46.780005
-5.465 -20.1665799999999
-10.42 -1.14566500000002
12.9 9.28190500000002
12.38 32.21154
-20.32 -10.309895
-4.558 5.67036900000002
-12.18 -36.80506
-15.64 -41.7331105
21.3 -14.762168
-13.13 -25.344955
-3.923 -1.00934000000002
4.637 42.2991240000001
-24.72 -48.436036
15.77 -0.0551500000000229
7.752 7.27286999999998
-26.78 -20.436079
11.93 -2.09222999999998
29.48 16.510115
-4.594 2.66024000000005
13.23 30.2863910000001
1.216 2.92503000000002
-9.552 4.13334999999998
-22.95 -55.943549
15.69 13.04274
-29.35 -31.96515
-4.873 0.290079000000068
1.121 -25.5359814999999
-12.33 -29.2660762
-8.933 3.19399
-19.74 -28.055725
-7.011 -12.569421
19.13 12.07296
29.9 53.784785
-25.41 -66.9368549999999
17.11 56.88175
-3.629 -8.97736999999993
4.275 -27.739205
28.59 32.914335
23.71 24.1296200000001
8.563 -9.7964995
10.72 15.755745
23.25 58.523771
22.06 -26.0202
3.854 37.22495
-10.99 -33.2905935
8.693 57.562795
-16.98 -0.681225000000022
21.28 46.688274
-25.33 -12.698741
-9.889 -30.7943664999999
-23.19 -43.63406
29.22 -122.75885
14.43 25.002145
-1.858 -11.293735
17.77 54.83457
-14.99 -18.473285
0.2921 -0.0965749999999543
4.807 20.315395
-14.92 -17.8626264999999
-2.096 8.50021
26.95 36.3152
-1.57 13.8360595
16.92 -1.42657999999998
29.06 49.16886
-12.12 -16.671785
9.52 22.81585
26.3 57.143955
-4.783 -3.81057908
-22.92 -23.045277
-13.44 -22.44864
29.12 45.76499
-13.16 -32.52744
-5.985 -12.415425
-7.7 -32.873938
0.7116 -30.09781
-21.74 -43.93028
25.23 25.93585
-17.63 -20.036865
11.04 1.71243200000002
-3.236 6.11092000000007
-8.007 -28.433095
-12 -21.8598919999999
3.36 -89.241875
-12.25 2.59482500000005
26.68 7.72093500000002
13.43 14.277006
-19.93 19.6616975000001
20.4 58.0677350000001
27.18 38.6669200000001
20.75 9.89392
13.13 -0.433353499999977
1.294 2.31961
-14.33 -5.49729799999995
-12.32 -32.149295
-10.79 9.77280750000002
-2.896 -22.5353499999999
27.92 36.4425513
-12.71 -13.7038830999999
-9.026 -27.1593266
17.96 32.73987
-21.76 -31.174195
2.945 2.85115999999998
21.19 50.5242550000001
-9.34 -43.705119
21.31 39.3412800000001
-29.01 -22.056935
-11.67 4.15932500000005
-27.28 -102.871772
19.63 8.60025
6.226 10.4030845
-13.5 -33.12555
-17.95 -18.65205
21.27 77.654723
-20.12 -38.7125225
-1.887 -8.571701
-5.111 -14.791987
7.356 35.637455
-28.5 9.89783500000002
-5.528 -2.12563100000002
11.25 -15.026714
16.33 61.738226
14.8 -5.75584499999998
-5.865 -55.36087
-19.9 -17.66008
-22.36 21.654895
15.23 4.36137500000002
-13.86 -28.82003
13.08 24.6404090000001
6.391 -2.28851000000002
-20.35 -17.5697035
0.9141 15.120645
-9.946 -5.57964999999993
-13.6 -17.9712725
-2.573 -12.9908635
-25.66 -28.05041
-9.423 11.239875
-29.01 -13.8493
8.684 17.9354000000001
-9.596 -11.491899
17.08 3.77923000000002
17.62 22.3372355
23.35 65.73159
18.55 37.982498
-0.4285 16.88693
-21.23 -1.328845
-9.001 -28.76245
13.06 18.7163418000001
-22.77 -6.74895499999998
14.37 7.80423999999998
-11.27 17.799265
-13.88 -15.069895
-23.5 -72.222831
5.977 9.84932299999998
2.617 16.4243600000001
-22.34 -6.46511999999993
-28.1 -9.65435
-19.88 -13.2381249999999
-16.51 -1.8519465
-17.94 -44.582115
19.39 33.948745
2.158 29.299645
-29.01 -35.875905
-7.987 -45.763165
-1.118 -26.1321099999999
-4.901 -5.84404
-1.322 -5.47772
-27.92 -60.1750749999999
-13.59 -65.017648
-0.461 -18.602184
14.09 38.860063
-27.63 5.15477500000002
22.53 47.2656985
-21.4 -44.9456099999999
10.76 34.36065
-22.31 -25.8235
10.13 5.1121465
-16.94 -13.39204
-13.42 -14.9775551
-14.09 -33.4915625
-0.4898 4.47544000000007
-4.92 -5.90627499999998
8.892 24.173515
-22.18 -38.6489
-20.12 -51.1877069999999
18.63 22.980445
-21.3 -44.529
-23.4 -6.89391100000002
3.718 33.520125
-25.17 -44.17065
19.6 -5.19973000000002
6.558 14.43537
0.8842 6.94615000000007
11.76 18.978975
-16.37 -52.57804
-7.862 -57.2366078
-7.573 -22.327225
22.01 -0.62481
-26.03 -16.7140834999999
13.27 27.1327
7.561 5.81784499999998
18.7 60.994981
11.74 -7.62999199999993
-12.66 -19.455355
-12.4 -2.34429
21.17 27.295645
13.6 -8.82322999999998
23.84 21.629355
-10.49 -26.624291
-15.27 -18.1394965
-11.51 -7.82939000000002
-18.87 4.86515000000005
20.49 17.729337
-28.3 -51.637604
-10.93 -23.58025
-12.63 -11.13575
13.85 2.86655500000005
18.38 18.666234
-16.84 -19.1659399999999
2.291 -5.98354900000002
-20.05 11.3396300000001
7.752 2.0258456
24.66 1.68185500000005
3.453 5.84976149999998
-20.61 -23.8136
25.2 -16.45864
-1.414 -1.05022860000002
-8.393 -11.5348244999999
4.132 21.614365
20.74 59.34635
13.53 71.359845
14.9 10.3256900000001
-6.106 -9.87837799999998
27.15 29.6938250000001
15.95 43.483975
-2.961 -15.767405
0.5806 1.57935310000002
-23.31 -43.360425
19.88 45.183305
27.4 59.349525
-21.09 59.578975
-1.025 -5.44199
-19.33 -5.524385
-0.5827 -4.45969
16.61 -13.611125
25.47 61.012855
-2.678 1.52745899999998
1.578 4.507156
22.73 38.921455
-25.25 -29.217688
-27.06 4.07163100000007
11.9 10.531545
7.171 -5.49472649999995
12.33 3.42961999999998
-7.942 -10.8374295
-28.38 0.992661000000046
14.71 19.66437
-22.12 -44.971075
-15.77 -13.239335
-2.124 8.490753
1.101 41.6673785000001
-24.35 -18.506125
-7.222 -24.748975
-13.39 -21.2479219999999
-25.28 -238.35718
-4.358 -25.5016
-26.31 -31.7637399999999
-22.95 -2.69684500000002
29.97 40.4979
27.77 36.8002425
-0.01001 -18.471992
-7.057 -26.69177
23.42 28.9168250000001
-18.09 -23.100495
11.74 53.073685
-15.3 -26.8478668
23.24 4.33663799999998
10.99 -33.70919
1.307 6.141515
-9.434 -35.447666
25.81 31.9376200000001
-18.59 -4.54859850000002
18.66 59.0759665000001
-6.231 -27.5779
-12.56 -3.36993050000002
-4.787 19.7012850000001
-18.5 -21.0991049999999
12.07 1.64430500000007
-12.33 -0.876485000000023
-23.43 -30.1966335
29.95 11.5378235
12.56 2.57577400000002
23.41 31.77493
-17.36 -34.0292995
-15.91 -2.53797
15.77 22.707797
15.96 33.166587
-0.506 -5.306345
-11.76 1.18598000000002
9.852 25.182305
16.28 60.469434
-25.84 -46.7337
-19 -5.30709500000002
-21.79 -15.5504045
26.08 37.4735365
-6.24 -6.07415000000002
17.78 34.6713
25.67 46.34257
4.798 7.23894800000005
-24.52 -58.864545
-16.12 -3.19665999999993
-29.08 -26.213262
14.72 -2.77117999999995
12.53 -6.50440999999998
17.5 8.72344
0.8042 -3.53991549999998
-14.42 -32.35181
-0.2641 -18.272185
-28.93 -25.7004349999999
20.46 18.8596200000001
22.42 6.55263200000007
-11.44 -22.284705
4.404 15.107429
-29.13 -3.933785
-20.71 -25.2830549999999
11.1 -6.25156599999996
22.65 -5.39868999999998
-9.29 -44.06363
13.93 17.680662
21.68 33.9627630000001
-22.35 -22.562655
11.06 2.82525700000002
-22.09 -23.089947
-17.62 -28.71329
-27.72 -33.38031845
29.18 39.910535
-11.02 -25.666105
29.38 16.95792
-19.34 -2.51192299999995
17.45 24.86358
-13 -23.1223449999999
-15.53 11.54994505
-26.84 -17.97414
20.74 24.083935
0.02199 -0.148165000000023
29.92 36.30146
-2.8 -29.401695
-25.07 -27.30542
-21.71 -40.4400795
-27.61 -44.252105
16.85 11.9624050000001
-2.663 43.6625350000001
6.842 9.58396499999998
-11.43 8.809714
-11.15 -10.1059049999999
-24.57 -55.333518
5.155 8.64019100000002
-12.95 -6.53732999999995
9.382 -20.469685
28.76 14.77918
27.26 10.304612
2.487 20.52517
0.393 -23.156768
-28.44 -22.3502349999999
15.09 10.4956150000001
21.86 18.304165
-15.77 -16.7371199999999
-7.169 -0.660429999999977
-16.49 -30.717855
-8.379 -0.3415865
-25.6 -73.719065
-25.73 -1.783435
-13.64 -7.17874
-27.76 -34.20436
-26.65 -54.255687
21.75 19.47009
-20.44 -44.69002
8.894 -9.75242199999993
-17.77 -21.6528674999999
21.03 44.2441800000001
29.29 28.374461
-9.487 -26.43605
7.336 34.9589971000001
-2.638 12.258368
-13 -12.3758969999999
27.2 16.6840000000001
-29.5 -40.077404
19.31 18.184405
-5.784 -3.85256999999995
-12.26 -16.10814
-18.73 -38.5443789999999
-22.78 1.25819702000005
26.23 1.59737499999998
-18.59 -34.9547299999999
7.3 -7.34532299999993
-23.32 -15.1968049999999
-11.23 -33.6570499999999
29.7 24.222735
-9.829 -29.6127049999999
13.46 -10.4380399999999
15.17 -18.5522649999999
28.16 38.6522730000001
-8.3 -21.299435
-14.65 -6.10693999999993
-5.808 5.81919000000005
8.934 27.2044550000001
21.39 53.305087
27.69 50.6956750000001
11.6 -5.705505
-18.67 -27.6397895
3.569 -1.626664
-26.95 -40.61398
-18.27 -19.7609365
-7.696 -3.27224499999993
-5.751 -5.94772649999993
-10.67 23.631985
23.66 23.081411
16.89 15.0420115
-7.846 -19.84848
-10.28 -45.0058376
16.46 36.6664070000001
-26.99 -21.2372039999999
24.79 28.991679
20.22 23.69765
-19.91 -6.18627949999996
-1.986 -6.57596
21.57 13.115784
2.205 25.733285
28.2 8.82254600000007
-26.93 -12.57686
8.201 2.02671200000007
14.49 15.5637115
-12.43 -9.58676049999993
2.539 -1.51911949999995
24.25 3.15869500000002
-0.8975 -18.436217
15.94 -11.46723
-23.94 -30.682745
-16.41 -42.320407
-27.97 -10.5342819999999
-4.835 -17.104199
19.16 28.145185
24.96 11.09727
-23.7 -69.748085
18.73 -6.12361499999993
21.2 -7.45905399999995
16.5 -3.37829960000002
-15.27 -51.95
-21.59 -48.824865
-17.12 -51.93106
10.97 12.49053
-16.28 -10.8380297
6.71 -5.95992499999995
19.25 36.08783
-4.235 -32.2810729999999
-1.014 -11.718627
10.98 3.70133000000002
-22.64 -56.798305
-19.17 -23.5630225
2.071 21.6522060000001
-0.007247 14.40734
-25.72 -23.0506169999999
25.97 12.8933700000001
-8.658 -24.810395
-23.42 -7.81285000000002
-17.57 -12.989675
20.63 51.633964
-19.44 -34.9814199999999
21.12 29.437508
4.367 -31.78426
-6.261 -18.9138
-7.85 -29.6173499999999
26.63 31.978875
22.36 18.7171930000001
23.47 22.7950845
-22.74 -11.614675
-19.84 -19.151896
-8.406 -0.254839999999978
-2.145 -7.66511399999995
-23.81 -41.6545249999999
-20.39 -35.07044
-16.24 -11.03576
3.371 3.67821500000005
-9.122 -13.65321
-15.3 -17.3302669999999
-17.54 -42.536131
-23.74 -40.9246149999999
-14.44 -19.288665
14.22 27.2516455000001
0.6281 -14.546445
29.14 48.454225
-15.04 -5.15541000000002
-1.674 2.69116500000002
-25.7 -34.3913699999999
25.64 41.4435250000001
-0.9066 13.24527
-13.67 -4.708536
21.37 30.231105
-24.57 -28.400016
1.316 18.560015
15.43 83.725626
-14.14 -33.994394
8.072 -3.37139499999995
-10.26 -35.6587885
1.637 -2.09548780000002
19.4 7.27292500000002
5.204 -13.17973
-3.07 -25.368065
-26.2 -30.694645
-28.11 -20.0526659999999
21.19 48.893663
-17.47 -12.32383
-5.432 3.65518500000005
24.49 29.00257
-19.94 -18.382595
-4.12 5.70512500000002
28.26 35.26759
-13.67 -13.440067
-14.17 3.06545500000002
-21.12 -53.5928549999999
9.399 21.1363550000001
-13.12 -24.405916
-2.178 -5.36736999999995
3.338 6.22905500000007
24.61 33.139601
-3.226 -20.483195
-0.2682 -27.2527249999999
23.82 8.39646000000007
-11.04 12.030058
-16.31 4.62461799999998
5.542 -10.783975
10.44 22.223114
26.69 18.95591
11.84 16.621425
-14.97 -25.4668389999999
-28.75 -39.9276305
-27.43 -76.2588299999999
2.522 -19.6484167999999
14.84 27.2743250000001
-8.593 -18.19031
-24.54 -34.2379049999999
-2.268 30.261064
25.2 33.3861430500001
-25.36 -28.2630799999999
16.1 20.701445
-10.59 -24.421095
16.18 36.91543
15.73 8.85127250000005
-28.51 -44.2273049999999
-24.27 -31.2128549999999
29.02 24.8299550000001
-8.371 31.76935
-19.27 -39.51923
3.491 -13.9665
29.78 72.7051250000001
-21.52 8.06079000000005
-13.41 -3.85069199999993
-10.35 -9.20828499999993
-3.119 -0.437941999999932
1.434 13.7693425
24.56 16.496035
-11.83 -18.2755799999999
9.573 11.2514850000001
-2.968 -37.522585
-21.23 -17.8213895
16.1 68.6029755
17.52 19.037165
-11.2 -39.9207449999999
3.973 -13.37176
18.26 11.5907045
-19.22 -50.710422
-18.05 -11.84496
-4.645 0.0864650000000458
-5.136 -11.174713
-6.49 5.4158155
-16.63 -29.3423899999999
-7.167 -11.8911049999999
10.4 89.030258
28.96 33.869273
-0.05103 -11.091919
18.24 11.3520415000001
13.38 29.230178
-1.777 -11.230683
11.9 20.4815750000001
7.937 8.92262
-3.806 -29.2722141
18.2 22.8626400000001
11.78 27.074955
-12.59 -35.6102
-16.96 -52.842154
-17.61 -49.35526
28 -21.0458965
12.1 18.497371
17.62 16.68953
-6.475 5.639775
-18.86 -72.679012
24.87 42.7051865
3.325 7.13355000000005
-3.06 1.00547499999998
-10.46 -22.44444
10.11 5.00754000000002
-12.05 17.1497655
16.94 23.39695
22.06 34.014735
29.7 13.61067
17.52 31.39554
-2.524 -9.32005500000002
-27.45 -8.78046499999995
22.62 -11.42151
5.258 7.15864700000002
9.09 6.34102500000007
-4.976 0.48904
-6.272 22.778512
19.9 -0.241529999999931
-6.815 -36.6553099999999
-28.47 1.00411500000002
22.73 17.322722
-12.44 -7.67883999999995
8.951 -8.17349399999993
23.6 7.548949
-6.254 -25.2314739999999
-9.058 -14.982769
12.91 20.59323
-2.621 -26.27162
-7.818 -26.1662
9.598 16.701355
25.7 42.1386000000001
-3.943 18.3865105
-14.77 1.40470999999998
-0.6201 -11.688503
-15.18 -27.851965
19.47 24.1364
-14.52 -38.34766
-13.55 -11.6094
-13.1 28.246415
-9.319 -38.11495
-12.17 -13.5202426999999
23.96 43.813015
10.92 25.964375
5.559 2.31387000000007
5.336 39.4061985
-18.95 -45.36655
-0.3887 3.79788999999998
9.342 -16.9693919999999
11.27 -8.22502
-13.11 -24.1119125
4.41 7.34795500000005
-27.87 -53.573078
10.79 -21.78388
-13.09 -53.21863
8.103 1.520535
-7.545 -8.68283000000002
-7.902 -34.836561
-25.44 115.35971
15.26 22.487825
0.9402 4.027565
0.9354 -24.6939899999999
-27.41 -47.9694849999999
24.09 22.945059
-18.14 -20.73465
0.7605 11.36765
-26.4 1.69456500000005
8.705 226.886766
24.8 51.19227
1.915 3.06913549999998
-2.542 12.0738840000001
12.22 -14.180125
26.53 12.48602
22.33 21.441865
-26.36 -6.12611999999993
15.04 31.8101
19.92 44.70873
16.75 -2.30428500000002
27.72 28.357055
-3.787 -5.09549999999998
10.57 -6.29768200000002
-16.8 -19.910715
9.935 1.28376000000002
-0.2468 15.00527
24.05 55.25525
-5.764 9.35943499999998
-18.36 -17.9970975
-6.827 -65.6302594999999
16.21 46.350695
-16.69 -26.58954
21.98 -0.441179999999977
-23.55 4.23173
-20.33 -53.019233
-5.188 -27.55525
24.02 20.024145
4.909 11.6962040000001
4.648 -21.1993845
22 26.164435
-26.96 -7.59167000000002
-17.3 -32.67779
-20.52 -42.507559
18.29 19.8882045
0.5753 17.5509300000001
3.957 161.931115
-14.2 -20.5454999999999
8.099 15.1148820000001
-25.73 -13.0530049999999
-1.204 -7.75870000000002
11.32 -6.48035699999998
-13.53 73.906235
-0.3834 -8.25003000000002
5.728 7.581031
-7.133 -4.460086
-4.018 0.753715000000023
-27.33 -31.448057
-28.53 -18.25014
-13.78 16.513535
12.08 -18.001975
18.32 8.86289500000007
-8.435 -75.3153399999999
15 4.43394499999998
-13.45 -23.079165
-12.99 -16.821571
5.491 15.609975
-11.16 -14.196873
-10.31 -37.753595
2.433 4.00788900000007
11.57 37.234798
-6.57 14.3416069250001
23.35 60.74284
14.09 5.434685
-4.201 0.786998000000068
1.163 18.4427470000001
-12.47 -32.216295
0.745 -37.348445
5.785 1.98307000000002
-10.41 -31.30503
-23.21 -57.15242
29.38 9.818019
4.737 28.89571
28.49 6.21069350000007
-3.462 10.126105
-13.93 -52.9407779999999
6.2 6.42605000000007
-20.58 -24.50421
8.114 23.40756
-6.359 14.38779
-15.26 10.643307
5.9 -5.64066000000002
-1.091 7.73241500000005
-21.84 -28.1642455
15.57 20.39654
-25.46 -1.83183049999995
19.41 42.32298
-29.19 -21.5233949999999
-10.56 -19.452112
-6.257 0.257490000000001
21.49 18.976325
7.124 2.47181
-1.511 28.236485
-10.33 -16.6715595
24.73 20.895485
1.381 15.509305
1.504 -0.120053999999932
25.82 34.065673
3.839 -2.00911499999995
25.43 39.586545
-13.09 1.62515600000002
12.27 13.3662750000001
17.64 51.4239115
23.14 39.2332550000001
-18.69 -8.14569249999998
-17.49 11.794121
-4.762 2.617345
28.55 -15.0430329999999
-25.3 -6.59293499999993
-4.421 -6.87921749999995
-0.4022 0.266710000000068
-4.954 1.67057500000007
-7.556 -35.796954
-22.97 -40.6656735
-12.71 -37.885331
3.23 -36.1505899999999
-19.48 -32.45262
14.58 3.45798499999998
-6.275 -34.0823699999999
-15.82 -11.6919099999999
9.228 8.01664699999998
19.55 20.965445
-21.35 13.973056
-25.08 -10.75959
1.164 -6.30540499999995
8.475 8.69842800000007
-11.33 -23.1763049999999
28.28 42.50064
-22.74 -28.166645
20.34 13.949685
28.66 22.654738
-13.53 -46.529815
-25.58 -36.35653
6.22 -13.937765
-2.204 -59.241226
5.215 2.23943000000002
21.86 7.50300399999998
8.327 11.7386051
4.761 21.89707
-16.71 -11.8034449999999
20.62 25.3881123
22.32 55.28303
-6.47 -8.25594699999995
4.543 18.1304
-3.605 7.88360600000005
12.27 32.73446
-25.16 -42.3872429999999
0.5237 -0.571494999999977
-2.833 -12.121015
-0.9975 -49.220468
-12.1 -18.5113099999999
3.368 0.948229999999977
7.467 14.48037
11.34 6.2038265
15.03 11.6925750000001
-18.82 -4.98687000000002
-21.96 -18.634513
8.251 -7.57808499999993
-14.62 -7.98800849999998
2.84 13.6393250000001
10.63 15.7187970000001
20.56 15.1923375000001
14.76 33.37525
-10.7 6.21317500000007
-5.29 -9.65080300000002
7.765 11.478805
0.432 -11.5779199999999
-3.878 -0.691684999999954
-3.545 -30.555955
-9.074 -23.750225
25.59 7.53634500000005
-3.073 -15.5671049999999
-11.09 -24.11012345
-21.4 14.66279
11 18.433855
24.13 59.620153
-4.587 -19.547805
0.5802 -20.037265
-17.1 6.73882149999998
21.54 33.2148
24.7 16.436961
12.2 44.3205900000001
-23.78 -14.793525
28.97 1.5889595
23.7 70.113199
29.97 10.445844
-6.9 -3.86196499999998
10.69 40.1689300000001
12.09 11.015555
-12.23 -17.295
7.035 17.58434
-3.796 11.051985
29.63 11.9262025
-15.77 -11.566835
17.65 5.881955
13.79 -161.137955
18.37 30.2528950000001
13.61 28.83744
-27.96 -23.4416835
-2.952 -23.675685
0.5725 -5.13841149999998
-27.47 -67.8311005
-11.67 -59.580655
11.77 17.654604
-11.01 -5.93943500000002
9.181 49.410755
-28.05 -24.633303
3.714 30.0016330000001
29.2 38.5408700000001
-21.09 -4.79276399999998
-2.428 -3.83284500000002
-3.529 -29.641747
29.59 65.187454
15.3 26.2100950000001
-4.512 7.47067500000005
1.226 3.13828500000007
-10.63 -10.76504
-0.2794 -32.78628
21.58 22.3042900000001
-6.542 -10.746155
1.728 6.45065500000002
16.11 5.99040000000007
-5.712 -21.632089
-21.89 -28.912645
26.37 38.221025
-9.842 -22.42612255
-16.23 -21.092866
-19.3 -82.096208
3.566 8.99846999999998
15.85 -6.4593
-6.697 -25.065
21.41 9.49904500000002
2.793 4.11065900000005
-16.6 -35.49118
4.153 -9.82833750000002
-26.48 -29.92781
23.88 62.658979
-25.53 -36.021673
-14.02 -41.56538
-5.861 196.435315
16.87 -13.121082
20.14 16.95932
26.31 -10.435935
25.11 5.17988300000002
-22.58 -62.787246
-14.06 7.519375
14.09 0.666689999999977
20 7.16412850000007
-18.53 -18.301785
3.183 10.853145
-26.63 -51.71725
7.955 7.559742
-1.101 -30.31354
3.392 12.9624239
21.14 65.696286
-3.959 -28.9067445
-26.05 -90.893715
21.92 21.312015
-10.56 -7.18892999999996
-4.308 -4.07762999999996
1.388 2.18062999999998
10.09 39.40401
26.01 23.1485790000001
-14.59 -62.14258
-5.51 -14.071625
16.67 33.7369
-23.8 -56.55392
4.009 -10.5553235
-24.62 -45.60082
11.97 23.411305
28.8 61.873292
25.36 66.448165
0.8979 41.1381470000001
-9.845 -8.45067499999993
26.43 22.2761957
-20.92 -1.41319799999998
-28.1 -43.734707
-18.96 -13.7158605
11.59 33.3681200000001
-28.71 -53.36002
29.93 71.481555
-9.897 -24.96691
-28.35 -30.299145
-28.45 -53.0691245
-7.791 -16.33775
-23.92 -21.3143084999999
-12.96 -13.614275
23.58 45.6970725
20.47 29.277495
-25.59 -60.73839
28.36 23.998567
-3.482 -11.7789349999999
-12.82 -121.447055
-16.64 -22.7621465
-1.905 7.28528000000007
-6.526 -8.85437299999993
-27.32 -31.86222
4.557 4.05502500000002
-16.06 -4.136195
26.69 50.81069
8.493 -6.685784
10.54 -4.78561000000002
17.21 7.50466050000005
15.77 24.02583
-12.62 3.31441500000007
-20.65 -7.903485
14.87 30.997205
16.71 16.53229
-20.74 -52.48681495
28.41 41.7294400000001
-29.48 -8.2162775
-4.616 -16.8502091499999
-0.6 31.7386815
20.63 -8.56025950000002
-26.81 -39.741102
29.07 18.73211
25.08 44.975206
-2.76 1.16842
-18.99 -43.9570539999999
-13.67 -32.5158044999999
-5.674 -8.44264300000002
3.09 17.123776
-29.16 -35.08929
-3.911 6.95227500000007
-27.62 14.162234
-1.768 -9.847685
1.344 8.08088
-23.65 -33.20016
27.92 44.823045
-12.12 -42.95912
-1.408 -23.850964
-6.923 6.08702499999998
0.03388 5.90715499999998
11.52 5.93246500000002
8.569 39.1577350000001
-25.02 -15.1538549999999
19.82 44.0645950000001
-10.16 -1.67833500000002
11.53 -6.0761
-12.35 -14.332765
-12.32 -12.988077
-25.52 -64.771296
-20.05 -28.467667
2.251 4.19990000000002
26.19 30.717
-6.014 -15.07896
26.16 26.944705
26.45 1.21986500000002
-4.34 8.252835
-11.99 35.486975
-4.541 5.90796499999998
-14.73 -24.13894
21.16 23.20317
25.39 -19.644605
12.66 8.49868500000007
-15.68 -9.32144300000002
12.1 10.66686
-12.96 -42.739317
3.874 -22.3902899999999
1.551 -46.25747
15.93 12.5587150000001
-22.5 -18.824395
4.039 -29.1236249999999
27.23 36.684815
19.68 -6.57201949999998
-23.4 -45.259865
17.1 30.6968800000001
22.5 12.1410975
20.38 62.1935550000001
-21.55 -45.527615
-1.774 5.79769000000007
-5.492 -36.678655
6.384 33.132205
-25.75 -8.76430099999998
16.67 43.2254700000001
-12.75 -17.04747
-3.795 9.66660500000002
9.066 13.655645
23.59 38.56546
-3.143 -6.81806
7.351 -9.35679499999998
27.78 -0.485925
-5.441 -8.00029999999998
20.57 14.494518
9.23 10.4697850000001
-3.854 -31.0953735
-8.228 -9.56729599999998
6.324 10.406875
13.69 -154.06438
-1.67 197.44637
-12.72 -80.762547
-2.189 -8.06006999999996
-27.91 -49.4338236999999
13.51 36.857849
4.747 -6.03741799999998
-11.49 40.1024165000001
17.63 56.858687
9.561 17.202815
-17.77 -30.2238544999999
7.03 16.9068642000001
-0.4677 27.49187776
26.28 43.71027
14.75 38.5135555
-15.12 -13.9505965
-17.3 -8.06011499999998
27.49 73.954335
16.48 14.769925
14.18 28.469822
24.35 37.5148795
2.145 -20.016295
11.97 30.41802
-7.929 -12.219239
14.35 56.234553
-12.1 -5.72185999999993
-1.306 -13.384355
23.97 20.790985
2.637 -22.929635
1.575 -8.95318100000002
17.18 3.68268000000007
12.17 12.3871525000001
18.45 -3.51372999999993
-25.67 -22.999675
11.68 16.2774550000001
-10.58 43.22591
-27.92 -38.151895
-6.907 17.318195
-25.72 -64.4838765
-28.54 -56.590314
12.38 36.2241425
-11.41 1.71894750000005
26.69 37.45798
-3.36 -9.27058499999998
1.386 -42.1043694999999
-10.76 -3.68981699999993
22.39 22.134635
-7.996 -10.460127
10.24 22.727735
-21.87 -42.236825
-11.04 -22.09893
-2.251 13.146185
-17.39 -21.725225
-23.68 5.53771500000005
-29.46 16.294964
-13.46 -49.0549
-27.07 -22.18178
9.198 -8.75577499999998
6.928 17.418382
-11.41 -12.9418799999999
-15.93 3.28305700000007
18.93 4.51699200000002
-27.79 -9.72607399999993
-5.259 -11.6382
-13.22 4.6793
-25.63 -64.4471649999999
21.71 90.80373
8.15 32.9181582
22.25 -3.505223
3.592 32.19575
1.415 -21.544675
-11.96 -13.532456
20.69 122.85475
-0.2261 14.03852
24.68 72.606301
17.11 -9.42118699999998
7.574 30.192554
26.99 21.8801150000001
29.35 67.129425
-8.367 -11.506591
-7.89 -26.9341479999999
-0.3417 24.622196
22.9 12.07176
-22.05 -19.46094
-21.65 -14.9385299999999
16.76 24.0751450000001
-18.32 47.34763
-9.146 -3.94157000000002
-3.267 -4.37259499999995
10.78 1.76736500000002
-16.13 -24.098615
2.216 3.47515000000007
23.07 -2.28689999999998
28.14 22.46249
-15.81 5.53668000000007
8.908 22.6894735
10.33 7.211468
29.38 70.8174500000001
11.03 11.0004218
24.97 29.090452
-16.94 -29.2214605
13.01 13.3786050000001
18.77 46.223246
29.31 63.147915
-9.158 -9.98623999999998
-13.17 -73.2961085
16.36 29.136262
7.099 13.779275
-20.57 -39.1032349999999
13.79 -22.28181
-2.927 -16.12955
19.12 64.198436
-25.46 -13.5556169499999
0.3269 2.822915
29.27 -22.3011
2.978 13.2819535
17.57 45.7745607000001
-11.62 -9.9978577
-4.057 -20.467562
-1.359 -25.6743535
16.06 10.662164
22.78 28.647605
-26.01 -26.49308
-2.936 -9.716109
19.26 41.311085
16.13 14.43102
29.55 37.0950950000001
-6.387 -27.11257
19.78 13.40885
-21.25 -27.825935
-12.31 -18.544038
-7.432 -56.3601335
12.08 42.659175
-18.24 -0.198085499999977
17.54 9.69647400000007
4.479 23.22692
-25.97 -60.62629
2.733 27.9778025
-0.2235 0.858479999999977
11.8 4.65393000000002
8.817 8.83512499999998
23.64 81.03816535
-14.77 24.954995
10.65 -26.8950649999999
-0.05354 18.015645
-16.77 -2.375805
22.93 34.701075
6.43 -8.06799830000002
-4.573 -24.2932437499999
-28.59 38.5140922000001
-26.51 -50.488834
1.194 1.90144599999998
26.05 61.925023
14.26 36.0260455
29.77 19.91995
-10.21 -11.0974545
-10.84 -18.5461499999999
13.9 29.36761
-19.62 -43.1995699999999
-0.3893 16.072935
-19.7 -40.8217889999999
-18.49 -47.17114
15.44 39.908465
-13.82 -16.93705
-12.64 -8.31257299999995
2.879 -10.644927
13.7 -0.505998999999954
-7.34 -4.15952849999998
18 27.885176
26.74 35.209414
22.72 13.3951050000001
14.66 2.38940500000005
-22.42 -25.9343214999999
11.17 4.20962
8.805 -3.520721
-22.39 -54.504393
25.89 23.1997950000001
-18.37 -16.127045
16.39 8.64074299999998
-12.73 13.954272
19.64 13.3635
8.123 21.7997650000001
-6.33 101.60586
26.13 15.432327
-1.449 -11.323537
-7.015 258.97751
0.1713 28.94379
7.389 -17.95355
-29.36 10.0964785
13.68 -20.99321
19.64 44.22752
16.01 2.94017950000005
0.6531 4.52899900000005
-2.131 -31.19098
-11.01 2.36882500000007
14.13 15.02409
-1.487 6.37011499999998
5.198 30.52574
-14.49 -5.61545199999995
26.85 25.2716800000001
28.93 45.2459545
21.87 27.447368
-25.12 -21.135815
-15.08 -12.6146885
-10.73 -17.2875619999999
12.95 9.21416600000007
9.748 17.62923
0.9035 16.493571
6.354 -10.399005
-12.84 -13.378085
8.789 12.11938095
-8.647 -38.4436089999999
26.23 50.290395
-0.8089 14.791233
25.51 38.2440962
-17.82 -26.064876
28.56 47.0774485
-8.333 -4.94571999999993
27 8.10277500000007
-28.65 -60.149877
27.36 18.4357
-14.35 -34.5419699999999
-7.457 -19.7747
4.515 -10.66974
24.62 40.239605
-9.419 -28.2986215
19.69 35.0661505
-29.58 -37.5174349999999
-2.07 3.45112500000007
-25.89 -24.8631909999999
-24.99 0.00156100000002279
-1.274 -16.82325
-3.419 21.326325
-5.815 -13.044695
-12.21 -31.3725
14.69 -3.71651499999998
-17.83 -54.3229959999999
-1.676 -13.828585
-29.53 -41.161845
2.237 4.97669500000004
-19.05 -6.41924499999993
1.294 -0.294365
-26.42 -52.151807
18.21 30.2596
-11.69 -21.0522552
28.57 35.538955
-27.37 -45.84119
-26.04 -44.0435799999999
25.5 58.8211200000001
21.2 32.4985235000001
26.92 94.167385
25.17 -4.45662000000002
-3.23 -7.43400500000002
14.44 48.8264635
-4.372 -18.57925
-13.75 -26.1587
18.63 8.582081
8.46 13.067015
25.3 64.378097
-6.768 8.65318999999998
16.43 11.85254
29.78 72.3415950000001
-0.3372 -11.244225
-23.83 -5.05557500000002
-4.781 2.993116
9.84 28.7996040000001
-19.13 11.87282
4.016 -1.68773058
-13.38 2.504825
-8.99 -19.436256
4.253 5.15047500000007
10.83 0.491917499999977
-8.116 -21.205772
20.86 25.8371
7.748 28.362565
24.13 34.036499
17.61 22.0623700000001
19.18 -8.50011000000002
-12.09 -22.687375
29.95 0.643940000000069
1.429 -30.12661
12.62 14.872585
-8.09 -19.78966
13.81 18.5993210000001
4.601 14.4530130000001
8.356 10.489995
15.32 -3.21203399999995
-11.96 -17.05553
3.941 11.654029
-12.79 -28.4742109999999
9.655 3.15752000000007
-18.74 -17.880468
-22.7 -7.50755199999998
17.78 34.76019
-26.03 -38.14465
26.22 46.7520050000001
-22.79 2.83762275
-27.78 -44.3062749999999
-15.77 -29.893642
23.12 35.2028650000001
7.816 22.212337
23.71 16.44026
24.15 18.919255
-17.45 -28.38163
11.48 18.375758
-23.14 1.24966850000007
-23.66 -36.8556028
-15.19 -84.922779
-8.093 -22.101332
-20.4 -37.877542
-9.295 -1.02805019999998
-1.313 11.1453105
-15.64 -43.241976
0.2791 6.54800500000005
19.9 27.284484
-12.95 -22.220585
25.93 40.92491
13.26 19.87025
-17.16 -43.3393134999999
-9.235 -29.471444
16.09 23.192685
17.84 45.7873500000001
-2.116 -42.49388
-25.68 -40.623201
29.31 34.599615
7.997 15.63463
-4.748 8.73051000000005
9.168 10.75213
-1.107 6.83264499999998
25.28 31.9166060000001
-21.63 -29.360919
13.81 75.6817555
12.01 20.2404550000001
-0.4701 -22.3908599999999
15.34 11.0105585000001
-18.99 -20.8159299999999
-9.159 -25.017775
-26.07 -27.02825
-3.524 -0.00363049999997722
11.44 23.333842
0.5617 -12.557915
14.6 20.3837400000001
-13.51 -41.5690215
8.791 0.811316000000023
11.56 2.84269500000002
-16.13 -12.695175
-28 -41.011515
20.61 25.88155
25.77 16.05614
1.351 7.60390900000002
-8.821 -11.18815
21.47 23.9655450000001
-13.8 -7.61327499999998
-18.95 -19.779505
11.85 9.76341000000002
-8.45 -24.4960799999999
5.016 21.747735
-15.99 -27.488635
-0.6923 23.9625645
2.976 -25.45228
-29.33 -6.18958999999995
18.39 33.20667
17.27 15.491195
10.65 23.474328
1.343 -3.65020299999995
26.63 58.6067575
1.474 3.33936700000005
-22.5 -23.640061
-0.5017 -24.07662
10.04 18.36806
-9.961 -62.4612055
19.6 42.92005
1.935 2.54865000000007
16.49 26.115515
11.09 -22.95627
15.25 2.43246600000002
-0.5521 -24.31246
-14.06 -37.2963534999999
-8.42 6.17381500000007
-20.84 -36.2989481999999
-9.659 -10.898355
29.26 21.148997
-1.369 24.04083
13.99 27.3789634255
24.29 64.603103
18.41 -5.34284499999998
-18.12 -21.7753015
24.52 10.922176
-13.24 -22.573725
10.92 2.27574999999998
14.48 7.993657
-6.524 8.76701500000005
-20.52 -19.5699249999999
-9.216 11.31649
1.451 -1.36505500000002
-23.41 -26.054185
24.39 60.001912
-21.68 -16.7584999999999
-25.17 -52.7106949999999
-25.28 -40.331515
-24.24 -30.02203
25.51 -3.167115
18.76 48.0909150000001
-25.81 -57.620474
26.9 37.74761
-26.05 -43.29029
-13.18 -19.806526
23.66 29.04422
22.4 31.59141
-10.36 -30.2741449999999
17.92 11.646956
3.012 7.345685
22.25 20.156635
13.08 7.29198100000002
8.553 -30.7343355
-8.215 -16.25046
23.92 23.129453
-12.55 7.12023250000005
-21.98 -2.4199775
-20.34 -24.333862
14.34 9.44285999999998
18.64 24.258494
5.264 24.234445
-15.72 -4.951263
29 37.1057350000001
-16.56 0.206588499999977
9.176 -2.09305499999995
15.75 45.20269
10.85 26.7343250000001
29.31 52.100347
-0.2047 12.1835650000001
-6.871 -5.47000000000002
28.52 69.81119
17.62 35.83909
20.78 314.276113
21.54 26.4390189
-4.54 12.4228795000001
-28 -39.9631799999999
-26.1 -4.14740599999998
-18.39 -8.07177499999993
15.12 24.664029
-24.67 -27.8149515
-25.59 -77.125404
-3.718 8.01354000000002
6.529 -8.23844499999993
-11.27 -23.124315
7.472 24.40379
-23.26 -27.46683
-9.045 -17.444926
9.729 -15.0729849999999
19.63 33.66795
-16.89 -16.180263
-18.21 -30.365255
-11.02 -28.07568
-28.39 -98.14861
11.95 -18.2682
-17.06 -31.80681
-5.072 -3.38677299999995
-20.79 -42.8666019999999
3.485 41.594295
9.028 12.19061
18.53 62.303721
20.03 43.678859
5.311 16.933334
-7.714 -52.921775
-2.927 -18.23124
-24.38 -15.5423349999999
-7.01 -43.337772
-29.39 -22.680135
10.31 4.92904500000007
-14.94 4.87842500000005
-11.01 3.06574500000002
-13.64 -1.49884
20.61 39.965485
-0.3034 7.24126000000004
0.4043 -1.17606999999995
16.24 43.9482915000001
-26.87 -0.827234999999978
8.804 6.67078000000002
-28.47 -46.4105075
-22.44 -34.838287
-13.85 -44.963278
17.94 19.698785
-1.851 -3.261255
-19.4 -3.09856
13.76 -28.44352
28.02 35.4097925000001
-16.72 -30.9748049999999
-22.99 -10.767056
5.809 -5.61920549999993
12.9 7.91264400000007
17.42 30.1744900000001
7.252 6.21390500000004
23.74 58.2055720000001
26.76 43.957955
-14.45 -32.727725
29.96 34.86415
-16.48 0.876131350000023
26.42 51.377075
27.6 27.9441
2.729 -25.5562445
6.306 16.45201
24.15 35.93391
-27.96 -44.67048
-3.402 18.795789
1.227 6.916305
-0.4906 -4.86240499999993
-17.2 -38.855127
-22.71 14.8172575
-26.49 -9.66802849999995
-14.22 -29.0191699999999
-22.07 13.16247175
-11.25 -3.90782
29.63 12.4598700000001
-22.73 -26.53908
-4.676 -5.3861575
2.084 -7.92442499999993
0.06189 -3.35725799999993
-19.26 -59.761705
-8.628 -28.343565
10.23 -5.50129999999995
20.9 43.141038
-13.79 -39.3609249999999
26.93 9.60180999999998
-12.19 -10.6725035
28.73 33.5926800000001
6.339 105.600335
28.12 23.532545
-2.086 -14.7452239999999
6.623 42.144909
-1.876 10.64501
-27.71 -46.995695
-15.17 -24.356605
-11.31 -3.54470999999998
5.412 12.24851
7.274 -22.027565
13.18 1.09397500000007
-27.09 81.958605
-8.428 -25.6203459
-24.56 -28.88875
-8.094 14.047444
-1.666 0.685661000000045
19.98 -6.10612249999995
-21.65 -49.43175
29.68 24.93559
8.773 -13.288425
16.98 9.31135000000002
13.68 0.117550000000068
13.67 11.47097
-6.225 -12.835875
-23.32 -26.130945
-28.27 -44.943705
-20.06 -59.4998
-6.311 9.16629500000002
11.08 -11.3799255
7.136 3.22640000000005
-14.27 8.70395500000005
-4.426 -7.93213999999995
13.03 10.607003
-0.05096 -0.498402999999977
-13.16 -48.7277247
13.15 5.97158200000002
16.11 7.37974900000002
-5.27 -1.61698999999995
22.06 32.582073
-5.414 9.50970000000002
14.04 18.3780985
1.137 -19.524805
14.23 -1.35500500000002
-21.38 -47.283096
18.24 27.9578470000001
-6.179 -24.17349
24.25 88.4348340000001
-21.98 -9.321595
18.62 58.7632215
-8.893 -34.5397469999999
-25.87 -7.80244099999995
11.54 17.7787050000001
-5.707 -12.5017599999999
-24.83 -56.663215
23.38 37.75621
-25.83 -8.6909
-7.778 29.5795950000001
22.39 46.5053805
-2.362 23.24486
15.47 33.014234
-25.33 -24.184095
-11.97 -18.433655
-15.62 -10.8743355
-22.53 -13.60687
20.33 35.881107
-24.27 -64.0475899999999
2.125 -11.129565
-6.17 -13.025589
-22.94 -42.42037
10.03 6.017365
-12.41 16.663445
26.1 2.50353299999998
0.609 2.84073999999998
22.19 102.75478
-13.86 -39.412375
-16.48 -57.1049549999999
-6.508 1.27217500000007
25.15 3.48187800000007
2.113 -15.9236549999999
-4.043 -11.240455
-15.85 -10.0367049999999
25.84 48.708165
-3.896 -0.891675500000023
10.09 -24.2629639999999
2.428 -13.350822
24.85 52.4791266
-19.59 3.69701700000002
-15.89 -23.948035
16.21 19.50019
-14.85 -22.665565
-22.59 -53.407105
10.81 29.341995
7.9 18.425181
-1.554 1.75139500000002
7.499 14.02157
-10.96 -53.1371149999999
-28.19 -3.14592499999998
21.51 33.1096950000001
3.08 -14.4020813
1.086 14.08297
-16.28 2.42047500000005
-5.094 -5.64203599999995
-10.12 -3.18600000000002
-11.74 -5.59491499999995
20.17 3.98812500000004
-4.638 -6.264045
14.25 -0.910180000000022
15.95 -0.283604999999931
-7.738 8.06729050000007
9.555 6.0511755
13.83 104.54809
14.39 17.1475700000001
23.69 57.6143890000001
16.96 32.9415650000001
-10.71 -18.216488
-11.18 -33.4540449999999
-15.93 -1.38937499999995
0.696 8.22903349999998
11.58 11.391292
-22.8 -12.629361
-1.79 -17.42705
-0.6817 -21.7177699999999
13.41 4.08736
-12.57 -15.442425
21.33 22.818915
-25.62 -15.531565
13.94 11.70115
21.52 -31.249695
4.371 -14.4770319999999
5.945 17.3228695000001
-16.29 -14.640285
17.11 39.951775
-1.197 15.982888
7.289 -24.447615
-27.21 -58.539644
18.65 36.448905
-15.24 -11.70722
0.4897 11.864227
-12.33 1.65067500000002
17.88 0.00980595000006834
-0.2835 20.535745
9.597 -8.24070409999993
21.04 36.4413300000001
-2.932 -34.572674
-0.03274 -1.868362
-10.01 -17.3149949999999
-12.88 -28.8621
2.172 -2.52446
-26.57 -15.298655
20.86 68.150919
-4.555 26.8711070000001
24.94 51.72547
-22.69 -8.67838500000002
3.2 15.20972
-27.63 -16.8412199999999
-2.08 2.96307
17.41 14.89912
-7.832 9.19629499999998
27.68 1.22674800000007
13.84 28.647755
19.23 7.88742500000004
24.09 72.71513
12.35 42.46861125
16.53 20.7253080000001
-8.079 -27.7327284999999
8.149 27.62993
-14.2 -51.7853949999999
29.74 19.1877905
19.41 -3.66671399999998
-8.044 -6.2229495
-10.6 10.811699
21.53 45.1874770000001
26.73 21.105565
17.95 39.938375
-25.08 -51.579425
23.47 60.776825
-1.212 -7.929329
28.27 17.04318
13.89 13.23698
20.96 10.3131505
-2.995 0.0377749999999777
-10.25 -14.115945
-9.747 -26.3892049999999
-10.14 -14.342825
-1.369 23.455555
-28.69 -7.79809499999995
5.587 2.64982999999998
5.574 7.31731999999998
-0.2646 10.9901950000001
-16.84 -8.32906669999998
2.287 12.030853
0.5822 -22.554562
-4.419 8.85831700000005
-11.79 -24.75344
1.217 18.9873
-16.95 -30.7121219999999
28.29 58.55175
-27.1 -61.061335
2.27 22.7108383
-3.374 -6.56037
-4.741 6.31054
28.4 30.052475
-14.67 -35.15902
-15 -24.51364
10.77 20.856985
9.411 24.8775725
18.97 33.1640600000001
21.39 9.06504374999998
-21.25 -11.10887
27.12 19.16199
-9.233 -30.55277
25.75 15.720976
-3.047 -28.198905
20.54 45.01032
0.9548 -5.50912499999993
-7.744 -22.636985
-0.7433 -10.7547365
22.75 20.224625
-15.92 -39.63389
13.69 19.081075
18.91 -3.203425
13.61 -2.93951499999998
-4.419 -29.2498709999999
-13.98 -9.69805600000002
5.802 11.7909125
-0.5708 5.83277000000002
4.073 -27.9055599999999
25.35 29.736655
26.96 49.3068150000001
-10.58 -7.011975
-12.7 -31.278817
11.11 41.453679
3.816 14.3909200000001
26.15 35.46559
15.58 41.51662
-9.535 -14.4407569999999
12.83 34.73214
-19.79 -33.551735
24.25 57.2270780000001
20.9 79.819743
4.508 0.773418000000046
-20.75 -23.2797849999999
-10.09 -21.4632165
11.17 1.79661140000005
28.99 16.1320750000001
25.12 58.9373315
-1.481 32.2329431
-14.76 -14.036845
25.4 41.52471
1.568 -35.2442533
12.79 15.256115
12.04 34.686615
10.79 11.19195
-9.19 1.76979000000005
-6.561 38.7363925
29.26 19.8346675
-29.24 -47.582855
0.01761 -37.66625
15.11 36.571665
-15.11 -25.7269675
-22.43 -16.9599352349999
14.72 18.3414290000001
-3.593 7.55579
8.44 0.092435
24.65 33.59564
-24.59 -22.05191
-9.984 -17.696012
25.3 36.390258
11.51 21.825605
22.55 1.13930000000002
-1.796 -11.550258
-3.87 -29.0613269999999
26.1 47.9925
26.5 18.13834
-13.52 -16.57906
-5.8 24.45391
25.34 14.3131475
15.53 24.6787000000001
17.45 36.54474
-26.11 -19.26606
-11.7 -29.788545
-4.039 3.83051800000005
-6.017 7.74761699999998
-18.28 -5.87331999999995
-0.4525 -0.2317365
-19.8 -20.006794
-19 -58.686819
-10.24 -41.588
-12.31 -4.97278349999995
5.257 9.1195225
13.5 13.399175
19.35 7.50266999999998
-20.17 -10.079115
21.42 12.16963
-5.592 9.94347500000005
8.635 -18.7750349999999
10.79 86.5742605000001
2.683 3.71296900000007
-14.84 -17.804195
16.53 65.512268
18.37 29.7516180000001
-24.54 -12.081925
-5.796 -12.727495
-9.409 -1.61545499999995
-10.63 -7.72886499999998
-25.24 -19.52876
26.76 38.322073
-29.45 -48.756608
-23.79 -11.98993
8.926 23.656245
-14.84 -70.8462299999999
-12.06 -16.8907815
28.95 51.706987
1.297 -14.5795649999999
14.92 17.814695
6.776 -7.94858399999998
-8.666 -4.97218799999993
-21.4 -8.48060249999998
-7.019 -3.73998100000002
0.1416 12.2773450000001
-5.578 -9.40668
-16.5 -15.4590399999999
10.02 12.281313
14.8 51.508691
-29.22 -23.66361
13.28 19.9774510000001
0.02115 22.49186
-1.091 10.062
-18.58 -42.993015
4.318 1.89191
3.298 -2.05271499999998
16.21 25.2759655
28.55 6.83688
-9.889 -18.36977
15.05 0.953339999999978
15.78 52.5311813
-11.76 -11.054807
-6.689 3.54184000000007
12.79 3.75180450000005
-22.55 -60.131605
19.67 19.00124
25.09 8.22275500000007
-24.54 -45.30698
-26.62 -41.67986
-27.6 -37.0213649999999
27.14 28.307935
15.33 3.44516795999998
-3.887 -10.131295
16.39 34.50007
-0.09986 51.42504658
-10.09 -11.2000099999999
6.326 9.15332500000002
1.258 27.7182050000001
15.58 31.563718
10.99 26.11387
12.52 -24.272215
-8.533 -71.714305
10.63 13.14076
-15.48 -2.37533999999995
7.057 29.2395350000001
17.2 9.16206550000007
19.54 21.81916614
-14.13 -13.86035
16.85 11.259957
9.164 14.6375850000001
15.06 4.58775200000002
14.47 30.5553720000001
13.25 -0.819509999999931
-19.93 -14.1791149999999
-3.957 -59.189659
17.56 -10.1968849999999
1.118 10.58899
10.14 3.25150800000007
-7.715 4.51553
-1.045 -22.565665
19.86 41.820693
-12.28 -12.74178
-17.23 -40.36943
-19.66 -40.6024579999999
19.21 51.412835
-27.2 -18.910975
-10.61 8.73204500000007
-7.719 -7.99547600000002
-27.96 -40.750316
26.26 27.1806
-9.054 7.716031
1.204 1.24429500000002
-1.663 -6.49796599999996
-23.8 -35.9906599999999
20.94 34.70788
-27.74 -7.30573999999995
12.65 4.234007
-29.34 227.770851
0.7986 2.407019
2 15.8982350000001
15.1 44.4882825
-2.204 -14.641048
-11.14 -26.99766
22.9 61.93071
9.633 14.391445
