-146.6 -133.898168223688
113.3 80.0391732096198
32.44 -18.371749871732
48.93 39.1698494307992
107.2 137.65705973277
-65.87 -71.1543656803808
90.38 74.5426331460577
-87.54 -27.6191627587657
-159.6 -269.840106396806
127.1 145.078634320931
27.5 -3.27396017688503
-60.65 -48.081910817037
135.9 201.487527912777
29.89 -23.3326469945619
106.3 90.726162372652
105.3 101.926662267558
-34.35 -34.8856784326031
43.68 78.776636611541
141.4 179.080975263248
22.99 60.2859701698718
29.5 11.7801190670209
79.48 147.321061445362
-31.34 22.1485037442071
30.74 61.9703466023105
-4.669 -15.7545531255615
-59.52 -79.1888186533816
77.93 71.091602991892
25.69 17.6811025319694
138.3 155.113678992746
-49.11 -6.06066121305003
-40.09 -58.7395510190749
90 68.1557211316605
73.89 49.3869410767721
-115.5 -102.47275434016
-91 178.7735850181
79.82 95.7382473453308
90.26 96.5344273370269
44.01 18.8695366187405
82.05 31.1660849980079
-45.76 -41.7064405802262
19.14 40.4305047564607
-130.8 -125.943586795656
-137.3 -198.405550886293
145 130.316400085398
81.8 146.620208409163
-121.3 -65.548242810714
-134.5 -192.106405191424
46.7 98.0724605330063
88.35 -57.8286851145431
-40.98 -23.9795694568694
-9.488 21.4848257943798
80.14 79.847053071703
-24.15 -18.3528363029471
-157.1 -210.044550948907
3.518 -1.72740930620719
30.66 -36.7470192354411
-123.1 -92.518626113704
94.66 87.0331405970031
85.33 76.5064161515503
143.6 78.9012563138917
-74.19 -109.539230172091
-81.61 -160.92257635432
-81.77 -140.054007470076
102.8 69.0829770329631
95.71 135.733476425986
-132.7 -182.349258260114
-21.09 -58.6199066301571
-69.32 -53.931704498394
-25.32 7.86117501734914
-51.22 -61.6748331623685
-29.93 -49.924792032693
-101.9 -51.5227229104288
130.4 124.768754078497
-73.89 -33.9652329396045
39.5 68.2259877441231
-50.95 -54.7157921964976
-80.76 -127.532305672337
61.84 69.293891931792
10.33 -65.3584067940328
-31.93 -3.07092625394448
-97.25 -120.43129147535
87.64 73.8592721057876
115.7 241.580506352309
16.73 -2.96168976979142
-58.9 -75.1650187259483
32.9 49.2429001775609
109.6 136.814289900677
-90.81 -81.9060130706668
123.5 148.403347826686
-144.6 -52.9448796375763
-118 -73.2782447306155
-46.9 -51.5211659851805
-37.2 -70.778869271716
-134.9 -139.649027853069
55.52 82.5486930076537
18.79 27.9031262207476
-31.33 -31.839773869478
141.9 192.169536316797
-38.47 -2.80526958275141
-158.3 -145.132148253552
-84.78 -76.42166209674
-98.55 -136.15584400951
-93.93 -104.88560707007
-55.64 -118.278844712361
-118.6 -84.8406348725974
-16.79 -71.7724050300547
123 111.174211233208
29.65 43.4714150324487
-24.94 7.08089804233553
34.73 16.3709118340412
28.96 54.4206002527852
-125.3 -115.502956229246
-93.44 -109.335748407195
-114.7 -116.688950627759
123.7 118.653964590705
50.4 33.4580590622788
-4.679 -817.670291142419
-133.1 -130.945056758409
9.609 0.539499971514829
-67.53 -44.0062565427613
-58.14 -50.1703519353359
-11.87 -1.09732510097835
-123.4 -182.497168337311
131.8 139.883589640598
87.82 57.8721984810068
-25.79 -36.9189936984112
5.536 12.8341375673586
138.3 128.85177475999
-71.77 -102.335810905558
31.12 15.8732369794195
-88.6 -127.831935704179
92.54 75.3795411559424
0.8787 8.06782560241202
-139.7 -138.176148970532
24.59 54.6313797072364
-87.98 -131.042326502802
-39.04 -47.014772825462
113.7 67.7948055107423
-126.7 -185.595085917771
-130.3 -137.586194071894
111.9 174.951871676777
-87.35 87.5332091219934
123.1 131.072656921801
-108 -125.813787289154
139.9 201.631181066032
-21.48 145.882621408403
-38.05 -12.4933058187143
-3.945 19.1139388875874
16.18 28.6285315420379
-149.9 -157.103946977068
-115.3 -167.29575076675
-29.72 -22.9285700335684
140.8 177.77243518896
6.471 -59.153927579772
77.64 71.6600779945902
-39.19 -36.7614827565139
140.4 121.507671201318
-45.77 -37.728920345179
-4.266 -42.1385133567015
-69.94 -46.9965975311441
-158.3 -246.929973609809
90.46 109.923472524417
23.91 51.0884319867567
23.87 -8.68302691614689
140.3 155.471899620741
21.39 58.552557838758
20.1 33.4749017669753
117.2 103.494302191262
-58.64 -32.2918464154117
48.28 58.1989221403877
64.04 71.8394336414195
80.99 57.8068216233586
-96.06 -54.1585187968645
29.09 52.2951277610712
114.5 83.3832843784398
128.3 171.085671361646
-3.457 -37.5455143727064
41.39 31.6715618023791
-93.02 -79.8809357387718
-63.17 -57.4342178412698
139.9 160.111760056585
-80.87 -67.5737700175691
-27.58 0.931933505293394
49.7 81.3180390858446
80.81 216.391458526808
9.488 -61.3692959063587
43.38 1.80925761139391
82.62 76.9310476042996
36.4 27.1459964895656
27.25 -118.613627597472
27.19 25.7373692776782
64.13 72.5221205758361
99.58 158.383634497069
110.6 110.092477048974
-28.78 11.6645796774223
-95.2 485.761995865236
8.317 6.99804947858493
2.358 12.6990608198823
-118.3 -150.10804326246
-23.47 -16.4467433246724
-90.99 -112.113002739772
2.077 -26.9981635112303
-155.7 -208.377515551432
-130.9 -191.908888560131
-78.95 63.2953824015232
47.17 41.9627816535799
17.49 25.5158449943867
36.75 44.0052920909164
67.79 90.0748277019369
106.5 118.17151497585
-28.36 1.21506074681267
-90.06 -100.794413319865
-121.6 -124.785401241853
-138.5 -104.693179070628
48.02 90.6883296196798
-29.24 -38.3568723695628
13.94 -7.9929597579408
-57.42 -155.88762781647
-93.68 -61.7617085043491
-154.8 -196.462996916101
24.83 23.0796143758996
29.17 85.1253316430814
17.74 -8.96070481736861
-153.3 -131.156078498452
82.27 35.1187378131469
-152.5 55.8950266393547
22.92 38.1791217962672
-103.6 -104.037059264329
138.1 181.502458197836
20.56 139.713748632213
132.9 185.98243545669
4.654 49.5409660930251
-9.223 -23.4134479904111
157.1 218.594919646897
4.928 64.7084831439407
-0.9361 8.72470643591254
-55.27 -63.352788203466
-4.865 18.1251637738166
-100.6 -56.3665737865803
-135.2 -128.217463629078
-72.42 -29.0274280487651
77.53 90.1474592072665
-152.4 -134.265607829245
-109.4 -108.973459445408
-33.2 -45.1948302263875
129.9 36.5997574191068
123.2 124.353718183086
-33.25 9.61176650266049
-71.4 -100.133488050671
33.79 47.0787511416908
-16.44 -27.9111150607601
-122.9 -130.61312826737
97.58 49.4954368608616
11.64 -0.625271093840426
-83.41 -83.0386830851012
112.1 58.0400264285088
-90.64 -83.4595409749323
61.67 24.5201507992691
121.3 152.176647270545
42.65 67.4213035816215
-70.58 -34.4080496708838
95.5 106.005837812432
-138.2 77.0264247584265
45.23 48.1348994583505
6.012 59.5544303550834
-86.54 -98.891289717529
-7.07 -12.5128677529847
-22.32 -33.4338166852656
79.62 68.2939976000493
112.3 98.6678956719624
152.8 115.278350734932
71.19 54.8049084474235
-154.1 -155.857185620174
34.35 16.2359480798177
40.65 97.1658202544315
-138.7 -119.822463864792
-15.7 -24.5244371778642
128.7 114.450602502809
106.1 183.053946165151
27.22 60.634479858748
147 177.796209584297
-129.6 -62.0942105027963
-157.4 -125.495718030344
21.54 89.1725822357888
73.07 202.101295654981
150.9 175.626086933406
0.4515 34.7352410695694
-1.723 -32.2987457942197
138.1 120.103125132653
-105.1 -99.9114681888219
46.9 31.6761816962188
-82.18 -104.375649738307
145 200.439641592896
145 126.110269541095
50.59 54.2178601674344
58.44 109.686594600679
67.9 98.2919165396689
-47.6 -133.519212294088
8.191 20.1295009079176
38.76 89.980104180988
-88 -81.6818171290919
143 167.401006748643
64.84 132.41287594478
50.1 35.6182977854467
13.8 23.0052748551653
99.86 71.1588535238402
-62.6 -22.7184444602319
-127.9 -133.967585890229
-34.3 -26.9615495907193
26.66 8.85155441263393
104.2 91.4000906557076
105.2 144.821190310448
106 91.3585432522237
29.11 79.6510395057606
6.063 -9.37041015094447
-14.23 -26.5395599198106
-39.47 -63.2670303460556
-101.2 -131.598036238438
98.26 93.8004217021372
-111.5 -73.7198600047218
-38.78 32.727239015096
-71.38 -138.49587013206
67.36 69.8053241397472
80.28 102.240426600773
47.47 94.9575371614229
31.25 10.1112357583489
38.36 53.9013207747871
-41.23 197.767083073855
-25.18 -42.1493768977189
-64.26 -71.0273954504667
148.7 145.321895976095
80.56 96.224675211234
10.91 94.3711968695402
48.58 63.790246909706
-123.2 -84.2363164008212
-93.58 -68.8703426908907
1.286 27.5228156856589
115.6 166.35842532986
-40.75 -54.4807562377838
85.58 62.8826843077862
-152.2 -161.407834406139
123.8 133.365271100835
12.75 57.1507842180994
46.41 30.2110467534972
-143 -150.234050087494
24.86 27.1009328024342
-11.84 7.0867554101044
-35.39 -10.4465676252806
-110.9 -99.630021451412
65.32 29.290781065934
-99.79 -83.7041122260285
-37.1 -72.3789666385365
157 160.376886195949
96.95 100.535727316635
143.1 157.651510888271
-37.15 -32.3010693093973
-21.76 38.6581071532677
-13.75 -10.2277248940091
156.9 200.274428520475
-159.5 -159.335079802513
-155.9 -123.81697526482
110.5 108.454083793053
-100.1 7.15523348622959
-141.9 -28.4670104506926
-9.013 -39.6628705814597
-41.71 -4.69718812024633
-28.44 -15.3810790450403
19.29 93.7826988516917
79.34 89.2376703224601
-142.1 -247.790360284906
-78.78 -64.8271096223554
-143.1 -107.176013888919
-100.1 -81.7448916618663
-10.28 -253.839606526285
-30.33 -14.8163626114882
-68.35 -268.780048385285
29.58 38.9082711552253
-9.821 2.47032039679665
-106.8 -170.948994429144
-55.16 -103.102489328033
-8.567 9.60832810999833
-104.6 -63.6599279571292
88.52 166.078823401907
-93.11 -100.168267748106
146.4 156.010547644029
-117.4 -66.9565477921221
-83.66 -83.9353095750522
-75.32 -29.8057050562825
60.36 105.819908772666
74.65 12.8869978726313
-29.8 -50.7523383544456
-90.46 -139.777503436361
105.3 139.451114254641
-27.22 -24.079053081061
-100.5 -146.882508070249
108.6 82.5829174391741
-111.1 -143.413137109991
149 166.775703909994
6.432 12.9380970763776
113.7 207.342797839844
-132.8 -174.394422233627
141.7 157.396514845824
140.2 149.818584071536
-79.24 -85.0310241542058
-115.8 -77.2116804975408
-7.137 40.5060426942293
30.08 11.5740909013188
-54.05 -30.4404522039129
-59.98 112.050160808124
-61.2 -59.5277017248289
-70.74 -54.596281377791
-96.17 -213.216454956054
-100.8 -17.0228498294564
-143.2 -151.168202440732
-94.48 -91.9168653232805
-151.1 -142.717766894964
2.57 46.2237848794182
-4.65 -11.543723076771
140 118.363821502012
94.58 75.1505271884414
108.5 67.821071954419
62.94 50.8633268447856
20 22.6640952118621
117.8 99.0684510477295
139.9 146.325297116563
-70.69 -47.8139836138795
131.4 111.774561119967
-89.37 -169.161182989839
145.9 145.841566412145
66.12 84.2280036236616
74.88 89.2190508960324
-62.61 35.4074328464339
-10.52 -51.1188589516321
29.84 34.2028333003509
63.57 101.275010881072
66.19 109.91028497262
40.47 42.2068839340418
24.39 -1.72651871992421
131.4 142.426607208125
-159.8 -167.885573546263
12.52 27.2620056600216
-109.5 -114.212801502739
50.5 102.653933399376
-101.3 -96.502540906067
-17.27 -93.7275777284717
98.04 110.507663325637
-93.97 -58.4005483851762
11.24 21.4334095418507
-156.9 -184.725595913908
73.57 60.8936774197068
51.64 47.0518399133073
-83.04 -64.6828868168316
-58.98 -91.8601665588762
-80.43 -96.2365362010369
-151.5 -83.8822136657937
-25.12 -38.9514260834001
46.08 44.1804031757388
82.86 96.1904536583414
-158.2 -246.822354770912
65.29 132.375833814394
-115.1 -118.591833886704
142.4 214.767228461899
17.87 72.5913600117183
14.81 76.0568912298006
23.11 108.60224136624
20.63 47.2313408299308
-100.6 91.9083699492843
-109.5 -76.8714104743909
26.06 20.3038563538607
75.45 132.168710936615
143.1 -144.965300212159
40.74 44.1661604899402
94.05 135.748304041366
5.947 17.4015016782447
-151.4 -160.184210557096
25.71 45.6646034350172
-58.37 -61.8039762975292
158.8 125.422736004339
-139.1 -113.891041855369
-64.85 -85.6436109050885
101.6 87.6910609861003
-93.29 -65.9862369026394
-59.78 -0.802790650563542
-117 -127.929220053519
-119 -135.861736830246
-85.78 -75.0024662120035
-109.1 -110.732141916618
124.5 104.231059056292
78.02 83.88969352613
35.37 56.6445801436286
-82.83 -54.6104610056221
92.64 118.38482587114
52.38 1.96276457230441
-77.7 -62.5059806209475
-17.09 3.38422411760467
-11.46 -61.9207736710351
-125.7 -182.28700536027
39.75 34.4143234123127
-142.3 -163.046970762612
139.2 196.754731084162
117.5 125.704748500145
-114.6 -92.1753346472769
-76.11 -81.3156556336426
-62.12 -59.8753199225854
-60.71 5.38313954957153
-79.3 -154.716302308237
157 238.060031647563
-159.2 -134.515983939766
110 105.739152264972
-41.22 -909.631147196028
-6.016 -32.0229845789238
21.27 23.7669835057754
-126.3 -192.829150050465
107.4 134.364454161768
2.764 -17.5265173535837
-98.34 -104.843779146919
-119.8 -149.599305676418
-76.57 -37.7234426252351
151.3 162.401494255258
154.2 141.364677739529
-90.76 -33.4626885427169
10.14 119.464664250811
-1.588 39.7103434125354
48.18 18.7293735070256
26.23 47.2074526117752
78.32 67.8852823170072
77.05 -711.060659543558
-110 -126.24064969101
44.08 54.2028615427243
136.7 168.856984587695
76.26 50.6794469832195
-159.9 -238.067410933463
12.31 3.59216316862539
74.85 91.2667874085497
130.9 71.9496418362694
143.9 137.302158210587
80.45 71.1809372633486
-36.74 -9.87776995066801
97.47 48.0728198441365
128.1 180.579406100187
-6.688 -20.8493433898939
-30.56 -32.494801532951
-47.19 70.7036818844191
37.02 23.6206022300278
26.01 110.581470071866
-44.15 100.049539917134
50.57 31.7280266705685
20.48 30.7339307271588
141.5 145.997199074478
-13.31 6.16261218431226
5.716 24.3607084322535
-51.48 -49.5430938661944
-24.24 -41.2102395368991
34.04 38.7887887423293
-157.2 -277.206441669856
0.4573 -1.18192768705671
-127.1 -107.319944947217
126.3 147.293637578421
-142.2 -207.062311779608
-78.9 -43.2839850736421
-110.8 -294.531942835297
84.87 80.5793881627896
-40.55 -3.47049960266071
-109.5 -138.795530292182
-69.12 -129.03589247782
13.35 18.9344764084731
74.62 78.2954808508871
72.04 -47.0736502691526
-142.2 -132.199886193704
65.98 57.4909264340537
30.53 10.1497172376148
37.05 31.1916707947195
150 187.825292010113
20.59 38.6574572485661
122.1 203.113711129113
-123.8 -125.570465456977
-19.4 -37.2614607136585
-101 -89.05948010288
43.56 69.0157913528316
-55.13 -90.8967290712659
52.59 -0.676200147904082
124.3 112.249371383365
130.5 103.917698927703
-34.6 -55.955641813403
-88.84 -89.8233344578774
81.04 83.3589257498759
42.89 60.5284640083633
-63.36 -44.6115593858811
-66.89 -85.3133186925576
44.3 76.2082035713542
63.48 83.79426433538
149.6 195.25512510118
110.5 84.9700973606271
-73.9 -98.3935448665072
-116.5 -186.832796154976
-79.84 -72.9294915424102
-50.14 -8.13251406430934
-102.9 -72.5260615181669
49.07 64.6733853547014
103.7 86.2778259935617
78.61 90.415306979519
-60.46 -15.1460684448007
122.9 198.884445857451
127.8 143.758732422345
-59.18 -42.2211215659244
-112.7 -145.07284510668
39.94 44.1028920266914
12.05 22.2800830368071
-22.83 -61.405847625779
-17.25 -56.4933891318597
101.5 154.747275609941
17.48 146.66114967759
34.25 59.0931303943232
124.9 98.9813851971744
-134.9 -136.24776542489
92.59 112.345294753184
80.72 43.3542977259985
63.08 47.7908198856568
86.88 123.413024847042
-85.92 -124.443570721916
44.53 11.0663603910385
-60.15 9.99024728944585
-53.14 -33.0922649289304
7.535 -29.5939498306325
-92.75 -107.932658649014
-22.31 25.2678949172317
-34.38 -48.0463884332984
31.89 28.7101169467964
11.08 2.05884377034538
-128.3 -141.902865682093
109 115.744830989157
-70.48 -71.7782698826643
-104.3 -20.0115362270685
-60.96 -66.5912697953725
-83.25 -67.4794907964723
138.1 185.998845852351
152.8 94.5135840233244
140.4 133.607629564262
148.5 137.415410386543
-93.65 -163.602770750955
133.3 145.56914873866
-130.2 -109.881150870249
-94.57 -113.80276643282
-83.74 -152.81961383178
-91.47 -112.272327968275
-31.95 -18.2264749582043
-119.3 -61.0870632921272
14.72 27.5992472601734
-28.48 -30.5595318494652
127.9 113.765457814261
-47.98 -57.8019773636817
-41.59 -80.4245610346792
-89.98 516.310277771824
132.1 140.6642259607
105.7 158.829173259443
33.56 34.4041582264834
92.15 81.8678696479514
137.8 225.289059956277
34.05 42.2965407624495
-68.81 -69.4542602885989
5.09 -4.11402456809675
121.1 71.9446808133441
81.29 79.425078028598
42.97 28.8258397965934
-100.1 -61.8585842152646
-60.21 -99.1936499603086
16.41 31.2323648756823
-99.18 -77.9937988479159
-86.79 -143.587287671937
-43.44 -61.6240141686422
-111.7 -103.457350244216
90.96 97.643543573643
108.2 63.5661592257925
-29.18 -3.6744731372452
67.65 107.256094133511
-78.53 -114.110078485589
-100 -132.131141354954
-137.3 -138.077225234322
-145.1 -183.449586898766
-16.58 -240.129340538868
57.68 46.2653670798723
128.1 126.282356914651
131.6 149.697973235123
12.94 18.2774522946135
111.4 141.961299123246
-148.6 -194.35605757168
134.6 154.011229724162
-16.68 -14.1332958052513
61.21 31.1640183727353
151.7 132.812268359301
53.76 32.5149646047831
-128.8 -119.187401772103
-109.2 -55.3746671423942
29.05 95.075331133864
103 92.5666419835877
-21.44 -0.250420384277355
121.1 159.278641248259
122.6 49.8413909307955
10.34 14.1578195229733
80.45 33.5860566722987
57.31 40.8107002464284
-57.77 -53.1283231686467
121.1 81.5021689587347
30.41 48.7883498618355
64.59 186.088714601442
-81.28 -129.330110069142
-72.8 -150.922739210784
-133.6 -136.198981183986
96.51 67.946901879947
-89.57 -83.1694421452065
-91.14 127.044539947325
70.17 34.01654475204
134 166.929261513335
64.81 61.463250161036
24.43 15.1419203500481
-48.23 -51.2760143422775
138.7 176.007306805411
4.637 17.4206287195379
-30.9 -5.34421301951893
-8.217 28.1805879391715
-14.32 -10.83195571705
-83.24 -123.826303746825
58.38 82.6374409813606
-83.85 -19.4926169443856
74.56 78.8567390282718
-89.91 -79.0604106052162
85.85 93.9435565859266
-30.68 -48.0693040693469
65.25 25.1517930879195
-46.46 -167.568103015599
-30.8 -36.8269828044768
86.64 174.91615371291
-32 130.020448414615
-152.6 -152.202003981528
87.77 117.309677272156
46.65 37.0397113096406
131.7 -620.875874406745
26.33 7.12625163018476
-117.2 -83.2898940596253
-12.26 9.42615441030739
126.2 114.935566354014
121.2 114.920224778967
-126.3 -143.087137969052
-0.6957 -0.209154177368964
24.57 20.2967412175101
-116.6 -72.413534794756
-129.6 -124.754366484894
29.6 20.7796861868731
-122.6 -147.722906046764
138.2 179.160929935959
-26.81 -7.06627146037974
51.86 -1560.00941661863
134.8 147.900362704503
-143.8 -163.864039835104
-145.7 -229.925991802084
-150.9 -209.822230148084
-6.707 -1.516139283757
80.59 92.3045877538965
-87.81 -100.000925474357
-133.2 -85.3401495430389
-0.7454 25.6866113612984
-0.6291 11.4028068169115
19.59 51.173373449617
-73.72 -83.2250547100172
-84.94 -89.6833093472285
-57.91 -91.2746243745572
-116.3 -74.6834222856521
-45.71 16.1059488706701
-122.1 -178.970989025147
-27.76 -17.7235494909284
76.08 86.0076949264313
106.6 69.6336927729943
14.45 93.6791294538605
-19.21 -7.87499252065291
80.51 82.509938312853
-45.98 -48.6945844955806
59.25 40.2469752621368
97.65 63.3359203768493
57.72 81.0276042019003
-83.52 -60.4085189002682
91.2 114.941337225551
39.46 36.7915278935905
-111.7 -89.4829836195172
-108.2 -136.452932309853
-110.9 -79.6476349948396
-59.98 -13.2000377669429
14.09 -24.0453003339179
-53.9 -2.44141042553343
0.3525 13.9259904195927
-1.873 -21.3195875001892
-150.4 -190.694410646351
63.65 149.140479260096
25.98 7.99281083387998
40.69 19.7997477569201
82.23 131.374566437691
24.27 -3.19857201921974
-125.6 -72.9132018553131
-123.3 -144.33420722265
-63.28 -54.7703337449146
-77.22 -100.685180517138
-115.9 -123.694406511932
99.85 121.401630800511
-81 -1210.18092784884
-145.2 -119.384405355558
-44.46 -34.2175900825584
-154 -205.944995930009
-79.42 -105.894826356307
-138.3 -197.647214836258
154.3 135.232071787343
150.9 66.0461388434856
30.61 71.2655825976804
-37.27 208.936069410982
-155.8 -60.3933148147479
28.63 72.418024894491
119.2 102.039801533604
-34.8 -68.3084779086828
108.4 109.896943154607
146.3 190.549938025321
57.09 60.7802915886415
-46.18 5.01510547039055
111.9 124.026969506123
-64.68 -69.1390403016223
-105.8 163.674828203411
51.86 68.2395049023032
59.08 28.288970575655
-20.54 -40.2710359271686
-75.76 -184.725389528527
15.19 33.2788558462097
-97.9 -39.6758583634006
-149.1 -140.563836809671
-3.08 23.480232262327
-42.02 -18.3508030442543
-47 -63.7319026379613
-91.4 -79.7628802577068
-64.14 5.25301726610752
-16.57 14.4730960314503
52.42 65.36023982321
-82.52 -70.1724488045688
-79.52 57.2517478946475
136.7 143.299083137606
86.28 87.4103703981287
46.18 57.2293537873888
-107.7 -158.123073057066
131.7 210.443627357031
-81.39 -87.0619580459598
-105.6 -98.1410614146314
-104.6 -301.255996343718
-116.3 -102.462071787674
61.37 38.3842215004953
96.7 80.4851591209749
-0.889 -26.8155897972717
-144.9 -229.321497773426
33.31 87.6006682272064
153.5 144.08753245668
41.48 39.9982951468999
-136.8 -107.124696283697
-5.394 -21.2444456613615
36.56 16.03137558127
-102.9 -100.264283317693
-111.1 -29.7236978292072
3.207 94.4322093794951
-49.06 -0.0448042148370638
52.35 22.7145748784182
-38.65 -44.7617084208453
127.4 122.760361005346
142.4 92.526473012959
57.67 108.284765106576
12.24 -2.2694639013376
-151.9 -137.300271042061
51.96 43.4344679324152
21.51 40.2939122097157
-102 -21.9745569360846
-55.56 226.00935640357
-52.85 -33.7011025089131
86.71 134.726536950362
64.43 55.8364298999677
-103.3 -90.2116219178948
98.9 101.570641890603
-75.71 -96.8169448406704
50.9 70.3849964636752
69.6 92.8127881856645
37.94 167.178796984153
-124.7 -168.554307333141
-68.72 -331.500913040639
-57.94 13.0057000824896
-16.4 38.4078743626051
46.73 -19.0990458579049
-83.86 -78.0805083172858
125.6 131.181903440769
97.07 87.674891369357
-135.6 -151.063464886956
83.88 93.2968822222816
-48.88 -39.310363777118
145.5 69.2141489269904
21.36 3.36003315045527
16.26 -50.2202864997092
-67.52 -6.83486781874486
-96.38 -141.265645327828
67.58 152.429511548483
83.5 173.681736758463
-134.6 -179.526130999356
-113.4 -113.876109404338
62.21 26.2116571442076
114.8 142.612097561299
112.1 98.1162360175069
-95.3 -125.987726139586
-2.865 -4.13031503748456
-75.66 -158.269119229777
137 119.780121544124
69.88 58.4517509013509
-17.16 -2.47693807817636
37.57 39.8354126112322
-56.53 -32.556664228621
-148.5 -258.426694617044
76.17 33.899584921224
-2.471 42.0960408190904
-70.36 -69.3600447582264
-61.54 -114.439837204512
34.22 75.2190654820492
-55.08 -42.0058647457262
39.39 -823.27640157939
34.39 -0.935837024677601
15.64 25.4031063085129
-78.05 -77.8713186280025
25.48 121.781216694842
-82.45 -174.692775016396
-108.4 -165.880550099177
83.23 88.5656484624488
51.18 42.0326586044546
-21.49 -69.1353580798203
-57.36 -18.7830245660266
99.15 83.3470426556227
-80.89 -91.9585877979812
-29.4 -21.8263983827612
114.3 117.089274190203
146 193.12168705224
-68.43 -53.4411271056405
-27.84 -15.7529249642131
-156.4 -223.789224542378
-148.4 -204.164424849171
-123.1 -280.247166649578
8.37 -137.61103459635
-129.2 -253.954096794568
116.9 175.436982640682
101.2 89.8258589908242
-13.7 3.91903864079585
-34.04 -67.9405785800992
62.8 59.5242370156794
-137.9 -95.0895696092199
27.89 6.95732674086127
159 129.280280635208
-36.16 -33.9668618707233
-53.67 -73.8466064103847
50.09 60.1831113980594
3.416 4.5279520025263
97.38 111.157067193873
-29.11 -44.7703548118701
140.4 136.394717379458
-104.7 -214.092156075063
1.78 -10.6443633601316
8.979 38.0606673217099
149.1 137.737904391224
-150.3 -202.722224384161
127.8 165.785555937159
-55.25 -21.433430342515
97.68 22.2444649844089
122.8 116.742951815884
-42.38 -8.49887911425316
-43.18 -0.217641217604235
-79.91 -62.1473871327373
-27.94 -13.3866410936603
-118.2 -124.368001345858
-85.16 -43.1376216451616
-134.2 -231.641961474589
-125.1 -168.491499916242
-65.44 -82.8766873032939
150.2 168.965421218872
142.8 122.208060238414
-12.55 13.6412368842241
40.54 12.4942750673027
-129.4 -159.474179282413
148.5 149.61535806031
-68.6 -33.5657396136186
39.51 36.9137523967752
-105.2 -109.633751559405
116.4 128.785222557724
-116.6 -108.105583682473
-107.4 -85.5304851196365
60.86 58.5343268215654
-46.23 -24.3389178996222
12.38 10.7219103826162
-1.701 9.32126826303561
-24.81 -23.3313083986975
131.9 184.433403439489
81.46 121.472472528529
-90.41 -150.621602415533
-86.27 -79.2240122984097
93.92 140.049760434663
-75.6 -33.710396331215
28.41 49.5615023794451
-65.37 -27.3424731756688
24.22 103.66316231784
-137.6 -146.447331449387
-92.06 -116.436622919631
2.39 5.65583567492472
-10.59 -4.24936723320958
126.6 78.9121193090014
-46.15 -63.6312059612938
72.57 65.4055530938808
-150.4 -208.133764297484
115.5 120.195909121057
119.1 105.659331061955
-132.7 -119.979091915456
104 148.682750983622
-155.2 -234.648844555296
65.28 36.418413525154
27.96 61.788799614844
123.5 144.707535145327
5.63 -20.4403199925836
-158.5 -125.231044595063
68.63 112.941937952114
35.91 16.0752484716979
-11.52 -37.6082191213952
-88.42 -95.8685806173421
-31.28 -42.6372192162088
-65.07 -335.277195271014
61.79 7.84319007176181
-6.95 -22.9414813422322
159.5 156.719469390916
16.36 48.3464999430369
101 131.478475005187
-141.5 -191.402786658779
39.38 46.1365309168607
24.91 79.7942417333025
64.92 122.060792025706
-116.2 -91.4197453907479
113.2 58.4032669059215
-101.4 -173.13043888986
-134.5 -206.09836653513
-102.5 -162.079485235476
70.22 40.9467929703937
-32.22 -16.0412246070644
116.1 92.0126615493613
23.04 33.6708326852278
-132.9 -124.59216067168
4.934 9.88763909618305
-77.92 55.9015760038168
111.6 158.497509068212
23.79 -24.0701326558475
91.12 79.4557628519902
50.09 29.0750874177784
-3.207 -22.6129654970886
26.87 11.240862601747
152.2 150.804332952097
138.9 118.742034588126
113.9 91.1001606407733
33.04 2.52546861176359
-83.25 -33.6673536712474
34.77 46.2332595606809
-78.51 -119.920695707474
4.479 -64.9000977688292
122.5 134.444907080091
-143.8 -159.845452167016
-69.35 22.803034388533
89.93 99.6530671378798
71.94 112.334321662952
-92.38 -84.9799795705758
-5.375 0.339042974543607
-15.43 -17.5926146007325
-42.51 -40.2963755561395
65.74 122.100763028134
-10.1 -51.5393133391517
-4.648 53.4569443838124
139.2 122.070867770596
36.78 30.9149092823083
69.74 80.1894013217857
117.9 121.883031948243
137 106.025592511629
-135.5 -102.981297819515
85.45 122.777503302262
61.38 144.66725886505
-45.03 -84.8157038961691
28.02 56.351520834469
113.7 65.7373187032916
-133.3 -155.718600547525
158 134.172249151269
150.7 166.564039924539
-27.88 -26.3990509690544
14.07 12.2267608014581
38.86 115.657750970874
75.28 98.5296339675053
139.5 145.356414427147
-141.7 -85.5680262111216
-70.23 -71.6485047148661
-142.5 -182.219570972333
157.9 138.957304836571
-74.95 -33.6321912684348
126 143.398113619639
117.3 106.905177180969
-63.07 24.494693454335
132.8 104.233163761925
80.29 69.3237812965966
-41.1 -56.3254361197504
-4.384 -14.406991664473
51.05 56.8692244641902
-15.98 21.3221165438647
-41.64 -125.284202429249
-40.18 43.9698829305783
106.3 84.4218877197285
82.67 45.2674665298275
-133.5 -135.077667251433
84.68 94.5058679085118
-139.6 -147.730785621442
-82.77 -70.0338638251308
-157 -275.916705277579
136.5 214.593012342406
-95.12 -87.60198362505
131.6 134.423451157964
-74.89 -100.936717472896
-90.74 -85.4481531573177
3.784 26.7641681882127
20.88 28.1131596473515
148.3 139.230987923091
-52.31 -69.8839639114561
-89.34 -79.1826719718175
103.7 77.5613272670797
-36.97 -19.997204388677
-92.9 9.74516797024379
90.91 98.0306170061548
-77.21 -145.174251739551
9.087 -12.5986688718862
-156 -169.198333600584
102.5 117.517449950626
135.9 164.897159729774
-60.27 -19.0916537829739
-156.8 -178.947381388901
-82.51 -150.735152206836
-16.2 13.2456246921853
-84.54 -93.860571333302
32.09 34.7785153031212
81.87 187.673953265863
-63.7 -51.8905920354341
-39.62 -1.68122429672965
-156.7 -187.147049946947
-97.42 -53.4350260387054
-89.7 -9.67152196133276
-63.4 -62.8286674885069
131.2 118.957871370985
69.14 32.4775433498987
-25.38 -20.7201123325429
115.5 145.379712944517
-118.9 -208.324383116487
-65.82 -59.2678294814043
-29.15 10.0308405639128
24.72 53.8420180710256
69.93 95.9338393086398
-10.51 -10.1271651374961
-17.88 -65.3870222436298
138.5 116.648731860699
-13.84 24.7407748818303
51.66 75.6942605874702
12.37 19.6641285664765
144.8 216.815900610493
62.82 42.503896187383
-27.69 -41.640191364131
-1.155 5.14475882717657
87.78 131.294902665312
94.74 181.679994340316
68.28 55.2776686711151
-80.91 -35.4229105351003
-118.1 -83.0169358594082
116.1 99.019739551939
77.15 89.1382220974191
37.63 20.4773261054347
-35.8 -12.8447364230157
38.87 35.3150289876973
6.28 14.648419601889
-144.4 -444.334450598475
-132.3 -124.54641641167
-131.3 -197.405790331629
83.05 82.9950125388352
88.84 123.702672481411
125.5 197.699009925886
-154.3 -207.730206539725
141.5 202.30722081033
111.2 106.621636930701
99.09 117.778827242697
54.42 50.1382073963465
-59.64 -50.3640770357792
87.27 115.17667208375
6.249 9.68644829353203
138.7 124.341264770236
95.71 103.063916109948
-77.67 -102.75887653653
58.06 161.091889306574
76.41 29.8136968337516
92.95 73.0976473002337
127.2 78.6151143234418
52.88 16.7869513256034
22 -13.0510544746109
39.37 69.3709730685118
-28.07 -4.41272281685435
-109.1 -249.535273065174
-33.04 -17.6304496528176
121.1 152.887636000152
-44.71 -137.61284187504
82.43 89.5380247185508
-33.47 -31.0202179687047
-108.2 -117.776938894913
90.73 126.088030213115
-91.68 -111.352090910413
53.88 91.5522332435994
124.5 168.453684354688
115.4 104.261981569401
68.12 76.3204250756465
70.28 42.8028174706632
-45.54 -104.000070965287
63.97 49.0613971531827
0.3691 -85.0418207655562
-109.8 -153.558790920008
-118 -117.629809360137
16.28 -16.4766681113279
36.44 45.5202398260102
9.181 56.825992637865
31.32 14.650844224172
6.96 43.8631079049797
121.1 177.697084700393
-140.4 -84.224691238411
65.13 87.379088318626
-6.831 4.16312208746896
87.83 109.492674065456
-85.71 -92.8227581507139
-85.84 -94.2894333821613
-58.98 -42.3506536861131
114.5 181.068403322539
-73.9 -119.032656746131
4.938 334.512263722281
-92.8 -64.5590640188299
-105.6 -107.996607639363
-2.77 -18.6185786235315
-42.74 -90.3979820491681
-45.73 -42.6965764398045
139.1 126.386375719569
40.64 21.0907035995039
111.4 107.841296169831
-70.26 -179.01383570161
-120.2 -117.683515281768
-60.15 -76.1614480050875
-87.93 -136.417805919774
-12.5 50.646918169062
97.36 167.164717703379
-61.99 -21.2141585709868
55.57 125.357409654381
0.7286 25.6322014902171
-15.43 -8.42398604613342
-52.47 112.468325752818
-25.5 -2.37789211009085
85.13 48.7546816346341
-16.41 -33.0345187627138
-125.8 -100.737022437733
-16.98 12.0650522480061
52.43 192.094698201096
-31.06 -40.149844682291
103 106.253451741325
-109.9 -1375.959358283
118.5 183.004708859905
101 71.8361523019185
-156.9 -164.437609681184
39.27 64.692005586763
-79.02 -26.9490448226654
-59.19 -0.358098951235108
-130.7 -144.392184829864
80.98 97.6437475873849
-137.2 -125.317413669601
-135.3 -173.973202126909
-136.7 -130.626714173603
-105 -84.2008052541195
2.797 23.7219236521163
88.01 145.335341600937
150.8 170.984693139321
101.8 42.9320266256651
-8.792 35.0769584657048
13.97 25.9314128246502
80.44 101.389098807696
-26.3 -53.9927055752548
78.11 56.1373797345276
-102.3 -243.094239800297
-63.5 -65.1267864422419
1.929 58.1916655090128
-154.6 -203.788609003005
-110.9 -118.96084972075
-135.5 -87.5818453700187
-66.78 -115.235022227531
-135 -87.1702822991619
-35.63 47.0769927711555
-110 -155.193917945741
-56.31 -80.7922660508953
-87.25 -93.7613849288202
108.8 109.240743200396
43.02 32.0603743283888
20.16 53.3520029042241
128.5 148.050585122272
-79.38 -110.33329542683
-154.3 -178.383316472299
87.04 133.122563267599
133 120.062385679521
-68.04 -74.0433598832924
-117.6 -129.163787696577
47.1 40.6112540955787
-8.632 -7.01360785946206
-19.82 -68.8941745971373
-68.91 -103.069969566277
134.8 128.383831570881
-49.8 -70.527044564928
-141.5 -133.151872061591
66.35 92.0697413104167
-153.7 -224.427411250731
-23.63 -22.8349205677328
60.26 77.8468315446218
-55.72 -2.10875316596986
-79.83 -36.8763699076121
-153.2 -202.110914607048
-32.35 -61.6239329349268
-116.4 -49.9549299929107
-154.9 -160.953380122167
64.01 52.9824149371445
11.9 35.0629000985046
114.9 79.2649716762186
73.26 81.2254433417416
-83.79 -100.443516119751
49.08 12.2394735845026
71.7 61.6980564432184
145.5 178.836139303116
16.97 -6.3106962992996
78.67 66.9880438601985
44.21 32.5489313570666
105.8 161.896873346643
159 193.08491263354
-39.73 -13.6461695084251
71.87 65.2158877198876
7.833 21.8070152966463
-84.82 -87.7925424181415
-81.74 -82.4953270124011
144.4 118.374539241549
-83.2 -90.7091087979094
-118.3 -105.652355465279
-12.7 -16.8019123568486
49.11 129.394463583772
-28.9 -39.9178512961218
131.4 138.658984375247
-93.31 -170.047683091414
21.28 16.9281090776902
138.4 129.743159399902
139.8 100.803150339883
-92.56 -96.8328695138842
129.3 50.8889381434148
-137.4 -109.641434987869
-117.5 -182.566445575642
44.02 10.0382574494252
136.8 130.237942972979
-112.4 -65.6322923039862
-149.7 -167.136203469199
121.1 136.716774794795
-128.1 -114.41535452881
28.01 30.256938449914
-141.1 -138.709310678661
8.202 -22.6027099603436
25.19 61.8299628350945
38.07 13.2076693417198
-88.65 -89.2831948377728
139.4 144.942071978024
-91.65 -136.770849763335
12.33 69.5157081626709
-67.26 -69.5361121058355
34.93 57.8179121244397
101.4 103.619976143405
40.56 -11.8819582325107
102.8 112.371484076828
58.24 92.1435489170577
-97.31 -125.738796727202
102.3 61.2212075811975
-134 -121.31230408434
-24 -4.61814676904699
-134.7 -203.616973975829
78.99 99.8054913328603
144.2 129.585675288402
-67.17 -33.860862631964
126.1 182.261073213246
99.51 113.773345202943
126 192.926200293489
-103.5 -87.9302589119776
-118.3 -119.649231302887
-115.3 -128.902386416466
46.09 44.4926520794063
29.36 171.208156702522
-6.744 -9.92609487985905
-12.64 -12.2710605132516
-125.8 -177.902424874591
159.6 174.408256087653
94.7 67.350585013906
154.4 128.90047498947
91.74 76.481463538459
123.6 111.039781601655
-69.96 -92.1011302654873
40.45 40.4407135162497
-52.39 25.8006273741941
21.35 0.344251168048554
-120.8 -102.351153499906
-62.4 -59.546184047969
-73.36 -78.3578605030722
93.52 80.9399247080623
116.5 119.273299738671
-149.1 -138.994477405417
-55.69 -34.7967040296039
106.9 111.536276598046
-82.81 6.50595010403991
-1.762 12.5685794213429
111.8 298.011796493777
11.03 92.8019911235492
-16.98 -27.0448100624468
-140.1 -241.980466829942
23.81 14.5131685547932
93.93 93.5496572327239
96.16 86.7763561000953
31.82 66.8349921787001
96.05 95.5538441801758
10.1 96.9887242484237
-31.33 32.3024670303308
-149.2 -290.025589004745
145.8 157.165594228076
152.1 123.237348756369
107.2 91.3864665171406
57.91 86.1797940511175
-111.1 -133.94193848434
96.24 61.8259038922459
70.03 62.1236558759498
-34.61 -43.5294817202632
92.14 81.5842640205416
53.95 44.1081302145572
-24 -26.6050777012642
-6.735 0.550098619926693
-50.33 -112.372705346256
-92.97 -167.697935859728
23.93 -25.3328026631737
-87.78 -60.8928901271728
-139.9 -128.128295158908
-92.8 -101.249260886671
-92.93 -105.154644936068
-131.5 -109.818899688379
-48.21 -72.7652862861068
-89.05 -104.558723605463
-17.58 19.787113693422
42.87 61.4776274750201
-49.92 -138.334119335871
-33.03 -30.5775936537911
55.65 66.8327012392769
-24.73 -88.2911963104116
-35.99 -18.6894467666044
-12.01 -17.3845884208326
-55.64 -21.2822068909479
130.7 102.204823146448
-151.3 -222.416524591797
-19.3 -8.51133398884688
-43.88 -71.4086077711768
-68.81 -30.8879727847033
42.57 31.7533697881438
9.867 22.5412699578556
-55.13 -67.5952685805448
-49.11 -55.1807062294571
-64.89 -114.734042939643
155.3 144.996945244339
-42.81 -49.2137308730008
67.83 67.8953417809002
-98.87 -45.1949797274669
-19.36 -40.4513799539882
76.65 58.8893451574148
5.785 30.2277337249775
21.9 33.2788558462097
-97.32 -129.827291728524
-39.77 -36.3272031126973
55.09 35.0619334786572
121.7 136.638804425072
119.9 38.4012496442266
66.5 100.208139356491
108.8 115.889958415964
-24.26 -39.673658289709
153.1 143.674204522673
-17.65 15.5466471106955
56.46 120.60275221445
-4.462 -17.3945722866917
32.88 19.6216269844922
13.52 55.9356477411955
54.95 71.5159176927717
-46.09 -59.7861606921745
-9.42 21.3999053164363
-109.4 -139.018844148114
-33.11 39.0903467463138
-21.93 -31.9444498177931
-36.37 18.5453433248612
125.5 136.098960436501
31.58 86.4447811471004
-131.9 -140.968333059899
-113.6 -119.98222141217
-44.33 -40.7981209132143
11.97 44.9043119596427
146.4 124.24647033153
-69.28 -126.386836647781
32.92 52.1091570514996
-36.52 -50.1681094659559
95.63 107.198779512964
-84.81 -51.5626106609595
115 80.7219849976708
145.1 123.555411477436
-154.6 -229.949150007964
60.38 71.3675228776274
-25.87 -2.58921778562494
-19.83 1.74757853890991
35.42 46.9205007328913
-41.72 -56.5400772358392
78.12 79.9218150549073
-154.9 -116.449602711516
138 186.496333134873
40.57 26.1264004822431
132.9 116.925347641576
62.48 -915.61051531758
-95.89 -68.8865648063917
14.59 -12.4689072573131
-46.33 -14.9384618641713
102.5 198.296319420792
91.14 109.047763188929
63.89 34.5457331168996
154.1 142.636093203233
59.71 25.2587901965812
52.55 48.8596210450033
59.24 -111.823182670414
22.31 27.8215579204213
-68.43 -154.475847547008
-111.6 -99.079421997971
-118.2 -52.7054190970929
125.5 97.3615399710611
24.07 15.0986167635343
-49.7 -79.0979390723246
106.1 95.2000817851233
88.96 13.6811186113763
109.6 109.611086419425
-22.94 -32.8868470828167
-98.36 -107.751267915774
1.075 2.60720530683417
-42.39 51.9193373166103
-135.5 -94.0286197488804
-60.2 -34.9186300882965
-159.1 -261.546532865356
10.06 34.2661112642269
59.89 15.968533483214
-118 -117.061925421945
-129.8 -246.587236945628
-141.2 -134.678595815194
-142 -201.592330759854
-2.135 30.7131732461014
-155.4 -300.082671133981
85.78 48.7137265535571
71.02 103.516795020065
-126.4 -123.165734536322
157.2 210.89379324163
-99.07 -73.2726173105166
-121 -90.5671532129567
69.67 92.5290166066797
-140.7 -77.0923448578454
-148.6 -151.941432092997
10.59 15.9077358184963
128.4 126.855868546819
-139.3 -113.062194916405
135.6 79.2030611371138
-48.48 124.969706134716
-56.87 -161.151599490116
-29.33 -1.14001625346155
-142.8 -140.405534300763
121.5 100.479222051838
-66.17 -22.8246147982169
-26.54 -44.2455016215783
89.52 63.4619096299979
-97.9 -56.0417113322266
-33.04 -25.8549740796299
-85.44 -121.922053342899
152 188.364680717208
-96.74 -51.8680880635082
-28.48 -22.3872009139231
-38.84 -28.3073622217718
-24.21 32.3727249522875
-30.19 -52.842768280202
146.3 155.303968117198
-75.65 -146.9641830922
109.1 95.989291684843
-86.01 -75.9047149451312
-69.71 -17.524987603703
75.58 89.338899188802
105.6 128.689606557677
81.24 162.428768159005
-97.96 -69.1035649796792
-30.58 -39.5001254516467
96.9 127.165801020582
-116.1 -147.400965097459
-97.69 -144.403377231478
9.296 103.501992133397
137.6 91.3086446104677
65.65 138.738512041468
-31.11 -53.6943032829653
-45.88 -41.4638652294668
38.93 56.0034592921388
-49.69 -20.1133429959756
-154.1 -216.694131049903
-125.8 -144.676345978664
-92.8 -74.3996736636867
121.3 132.570250424172
-7.179 21.8787161912564
-6.168 -48.8586179908157
-68.53 -69.6300887808061
59.23 136.861735639603
-66.62 -45.0688655391909
134.2 129.160716587991
-38.27 -47.1345440383769
88.1 117.029555039473
-115.9 -104.534076864199
-123.6 -118.133182827489
19.22 -17.7001817562179
118 90.3932518349523
95.25 108.360184604298
103.2 105.319316094729
1.647 -25.29238943268
-78.59 -65.253155409311
-139 -9.54682002059853
-54.61 2.6407644773856
2.208 7.37122154435257
-140.5 -272.558571846409
110.9 110.876999584266
-137.6 -263.219200363862
104.8 96.0415213773878
-140.3 -191.683434992003
116.5 121.418376934821
79.85 61.6524707419666
-60.76 -55.1750210325367
21.93 -106.576765898553
43.04 13.9837505683535
-5.155 -52.1656927256646
-88.56 -91.0843200538734
60.68 103.929042548905
136.6 149.998869634085
-158.4 -147.733699389948
30.06 16.5295648269785
149.2 231.885311827378
-145.7 -217.588122090269
122.5 159.448614558074
-152.1 -240.565840067713
1.148 10.9028422316122
-60.27 -116.656693877344
119.6 122.497889929892
-153.8 -274.721915952398
112.7 139.666282632
89.95 138.650684757956
30.44 -15.2366136116152
-121.7 -129.593137017645
-46.69 -15.1514151516821
-81.71 31.9562039421029
-95.42 -72.8733739325347
-43.78 -36.6398034051469
98.08 74.3088803543367
31.07 69.6854264072484
120.4 85.8900807280057
43.91 33.3619063605822
1.995 -1.08201349511679
-85.72 -169.376636383784
-76.06 -92.4550838795768
-97.22 -169.453280894852
17.72 57.0607628843752
-142.6 -116.414713282464
80.31 76.1412490499768
107.5 147.900714327377
10.32 31.8105620898599
21.38 -43.4090185817898
57.23 -2.98234964834686
-104 -189.554223807456
1.318 -44.5049834755339
148.7 116.975852027692
-137.3 -105.262514043768
-76.77 -75.5249511729224
109.8 113.923154285744
-23.61 -38.3183943313399
-135.4 -196.81798233272
91.1 88.8375861300959
-124.2 -92.49845454609
100.4 109.434780868499
141.4 99.6808834947874
-71.34 -85.2155818167296
-145.4 -129.894512773152
-18.93 14.1518660551517
55.97 56.7775972335263
-104.9 -107.195318350765
156.1 95.2144907727189
30.59 25.6636235954634
18.19 76.2603933149097
121.2 111.158108523935
38.24 41.8488713326296
-151.2 -275.241066745927
-78.13 -239.403680186078
-127.9 -219.758007436522
70.97 15.8587306296341
-110.7 -161.556316452368
97.39 117.328748723089
-89.02 -79.2427358446139
-39.03 -43.1850908908407
62.5 37.9613266812731
61.02 46.1310052701241
-45.85 -1.76600243582276
87.02 86.9917856485171
72.98 91.8163526348989
-46.16 -93.1280214920439
62.86 73.0876817013099
-49.48 -24.6635135289668
-86.32 -78.7072821088045
-133.6 -169.636200681684
-157 -178.092345925844
-86.98 -61.6276448642882
-51.97 -71.3963841061252
-32.96 15.9216786786129
123 134.930667117071
84.97 77.9607053372764
52.55 90.3437591421709
-54.23 -60.2693890516796
-31.67 -18.7032054353327
-33.09 -27.9369801441179
-78.36 -71.800403155925
104.3 102.818198318765
-125.1 -63.638432037053
77.9 100.528842134361
8.257 -7.47410391770928
-50.73 2.65301044726081
-74.14 -99.7726147071959
72.19 61.1193984302283
-29.57 -1.32053772999209
-1.851 -21.5511267616211
117.1 133.502856054004
43.48 23.5429542264069
-134.5 -121.186262189039
-121.9 -111.149388547754
-159.3 -164.17521713816
-121.4 -247.627432022678
-12.61 -203.154450460241
103.2 62.2291039533256
-126.8 -144.818412479664
-35.9 4.49942646579026
125.4 145.863303277822
-115.9 -186.374877777694
-132.4 -133.751535853614
-52.07 -84.5102449029855
71.73 52.7261867257404
5.946 0.0524961957962989
45.62 52.1879309700162
-40.11 20.7018754178802
98.33 164.581380194206
-139.7 -124.507601986233
-58.74 -226.890790738636
-53.26 -94.9971723093157
16.85 48.5398618419371
72.22 84.4937072318487
-92.57 -144.569745585079
101 117.046975294915
80.5 108.407507610656
-10.71 -31.2020377075345
59.13 52.9246586218986
36.87 32.3176441457223
-144.2 -255.517155442586
10.6 -0.751157928118865
104 116.289305606706
145.4 154.494234343164
-114.8 -167.262720744611
-53.71 -7.40775576375549
-18.24 25.7106011670332
-95.43 -113.430113345819
157.2 187.901640249671
-63.27 -75.0060131473492
72.67 108.153762354517
9.974 33.8901375321537
67.29 89.5997594049443
-127.1 -199.162199579058
-23.26 -17.1897076827575
-47.58 44.4526935707819
40.3 48.385557782974
-134.4 -112.935603689494
-27.64 528.057208256876
33.51 57.094107849348
-20.5 -57.9096868989845
14.72 -11.0793402334224
-13.46 -36.2610150947967
93.05 81.7669571589649
-4.062 -16.9690002572718
-134.6 3.86379514010848
55.63 57.4753097352565
7.654 14.0826755971955
51.38 87.8096991907418
-13.22 20.516096017321
-147 -168.883441194111
-86.63 -24.314952186269
8.838 102.299416113525
147.6 212.776160042
-125.8 -230.687756292484
-90.02 -70.4534180758102
54.15 93.8742515829133
19.77 6.74334898774484
109.8 57.2032681902515
-116.2 -271.990160424361
-79.6 332.990354911066
-24.13 26.8574130141215
21.28 17.2069198435947
-28.57 51.5935427042355
27.01 22.7466345152668
-95.67 -95.2257628363335
23.96 51.8989360135431
-72.17 -216.957485984306
-84.36 -113.81770680783
-150.3 -144.6215183791
-90.79 -98.7336186337686
116.6 277.492912297305
-55.58 -36.3781584192726
94.52 153.422827446301
132.4 77.1757728472198
30.73 21.2172164818549
-100.5 -59.8223150317323
142 140.806361116907
-140.9 -171.196451473885
-24.15 -55.900494637091
-130.6 -118.860503203941
-38.11 -38.1919984168962
-63.43 84.5916640793643
63.28 68.14596085806
1.185 76.5453656011529
-85.72 -124.078957991875
61.96 110.478887365783
127.4 165.782007218848
-66.34 -81.9709860371842
29.64 68.0762808377336
141.1 118.362794975322
97.58 106.675881158571
64.46 40.8250986033835
-7.613 44.2082927244412
98.34 81.0132895767623
-56.1 -92.5731303197895
-149.3 -148.185562887369
99.22 75.0795616295025
-90.21 -112.207316102754
-32.47 -78.0088012599092
133.9 143.166645441409
111.4 148.021209397184
159.4 235.571379756136
-65.98 -96.3591113865186
123.4 181.836333414779
28.3 10.6189720007357
-53.65 -49.8387169391346
28.78 16.6672455534802
151 145.052918738436
-6.195 -75.491526947819
-99.17 -119.440205920606
-63.87 -111.995694806786
-119.7 -97.0078842905831
37.2 57.7196459857743
81.24 -16.9639710689851
50.03 33.0268840642236
-46.72 -38.4494613864952
129.6 123.859796557299
65.16 59.3374977793368
7.325 10.6666303055439
-87.75 -102.747559644071
66.68 175.931199750656
2.262 -30.5507587389529
107.5 75.5298206114611
-2.756 -30.8320221595119
68 102.381668753647
120.7 66.359056264698
-109.9 -110.433976438152
-65.32 -64.3232954332975
-110.4 -169.128389553827
-31.38 -99.7661478647356
87.24 88.424549145021
15.69 16.3019313077008
73.72 47.7020973285811
-87.61 -78.0363750138479
108.4 145.003527622722
33.48 78.3320611666871
113.4 107.121116948432
105 150.822957344325
-44.11 -82.0192276016659
-25.13 -52.5383354484958
111.3 101.60683450435
-34.94 -27.6764154748694
-3.841 3.85807020349659
-157.7 -234.839815774254
-142.5 -71.6829805196031
155 367.038571339933
-159.6 -142.893355839795
-28.95 -28.5455187599524
-62.48 -58.7106703353313
39.11 0.0140803023074945
-109.7 -125.125004823177
7.774 31.5162855610255
54.31 56.2335353286672
-36.33 -52.6417751370435
-156.3 -208.304500336189
-76.37 -57.2309898568952
-35.62 -19.7387997895155
-146 -168.728907534497
-9.817 -7.21559069282418
60.46 100.300237874478
-86.88 -338.498141877815
151.4 161.10643948016
-143.3 -154.576479266929
27.15 24.1674201616032
-88.33 -99.8387414399836
-132 -199.601067604557
110 142.600239501922
-33.95 -46.774799785655
-29.06 19.2078173494726
-16.99 -40.0314235003416
-37.69 -17.4866615456335
42.86 41.6096818713301
122.8 134.911940274454
130.7 155.902136480095
29.53 34.0453890265999
-78.11 -79.1126512741617
-147.8 -185.183139948886
29.18 -4.7773615868053
-89.75 -91.1070785814804
-145 -181.280221297531
-2.502 18.3612947226804
-11.3 56.7313475302586
-148.8 -171.607452742917
72.75 95.3546634471373
-155 -143.14164600295
-77.59 -55.338829563851
-73.03 -67.8551363648441
-25.31 -56.0993926345537
31.7 64.0258655287716
87.82 40.0288697567641
-19.18 8.03291022066448
-108.4 -86.7875624404544
26.57 -524.946125194517
38.07 79.1741530829567
-117.5 -503.605286510235
78.22 58.7398474736302
143.9 201.814048451651
-52.43 82.2308314041478
144.2 157.355272830517
43.92 65.3804140184419
68.69 64.6502461296404
50.97 -346.463349252253
-62.31 -62.1982690652749
-71.33 -9.72809131837152
-59.55 -35.4837973961659
139.4 108.018956509368
-20.9 -51.5086859498821
-18.68 2.80089158156395
-57.95 -67.3612948985786
-120.4 -163.985292912616
147 115.633351760665
43.87 83.2212467192216
-24.88 -21.3747737036251
96.88 163.607123782252
-118.5 -94.1203105375548
-26.93 -64.8774611041267
37.91 45.4707813958985
-107 -118.145782686731
-84.46 -123.291838009486
55.07 115.937425600959
117.1 94.5214742287232
-125.2 -110.113739662828
129.3 146.578622727213
116.1 128.764008168608
92.04 105.856228604885
62.02 19.8472001725486
-13.66 -19.2375392123433
-52.1 -8.00094174649849
-138.5 -120.442999649594
119.8 101.364880726454
78.62 38.814784515826
21.64 35.4115757307617
52.26 23.0279391771651
-116 -71.0630200962324
-48.3 -0.853876733629143
11.96 18.0549011054231
-9.863 -17.504429723897
110 135.628252261601
28.58 93.5817537311268
-109.1 -345.458727087575
-113.2 -158.967019276819
58.76 128.085404869894
-55.43 -39.0142287371041
-41.62 -49.9534542763698
116.5 130.477016220801
152.2 113.395007350584
-31.19 -27.4832487188377
44.89 43.8000507127385
10.57 38.4991358393322
147.9 157.8764666852
-93.74 -81.7992646275888
-57.9 -53.537913661756
-142.3 -120.108321540366
91.01 110.789473487671
146.1 126.17489550106
133.5 62.4252719109515
-54.07 -87.5429103205862
-133.6 -107.977910460339
-18.9 32.6279587568878
-157.1 -217.83067927579
105.6 96.5643090151636
115.3 47.2124542677494
139 150.46815557113
-154 -180.492412805387
62.38 6.12221650261122
-41.2 -73.3103665066735
-138.2 -244.259527852736
-117.3 -173.7841273788
-28.99 -278.486415392416
-11.47 -25.4066600752616
127.1 101.138137895152
-60.16 -66.190628687582
-1.928 -10.7142129656753
-158.4 -711.293647108717
-27.32 70.1435768185604
50.5 30.9616718968082
-143 -290.121609698033
-9.267 -44.2438204046179
-12.06 12.9713653036829
-137.8 -160.837815387591
39.46 13.3916932863779
91.9 96.7902005120883
69.91 74.5978083245951
22.34 -21.0596562781554
130.3 134.05847468943
101.2 146.235590262229
-147.6 -130.244604187371
-150.7 -188.181432992269
130.6 136.064732846155
-125.8 -126.611155079901
-65.23 -83.4309341300382
-112.5 -86.4844087707445
54.85 70.1383935362527
81.58 44.9693830111254
136.4 234.225849898689
-72.57 -115.066776089649
-16.39 -51.6422572934028
4.598 -18.2693609633014
-56.7 -49.5004880649549
108.2 120.295989212377
94.66 40.0922436517401
135.7 89.2891405837752
-4.072 -6.98011276816081
-83.73 -100.000037314113
113.4 113.766058507199
-131.6 -84.7428130448368
-112.1 -97.560967171165
-9.909 174.509828973218
36.03 11.1616997689578
123.4 149.838788659141
-145.9 -134.359963317246
-36.78 7.09900013276586
21.43 65.5120785858984
29.55 16.1789519260284
-148.5 -152.857507268686
95.99 111.250463452753
103 126.522225650329
-87.01 -75.5885097010928
80.85 81.7060685843799
-132.1 -138.1218124615
76.59 112.888490972149
7.855 -5.16240315991565
136.2 90.8930386785369
60.8 43.8375534112785
-6.711 11.1450669750904
-39.68 -38.1880371768858
46.89 99.087227626439
21.12 10.0596398012214
54.22 38.3106227111623
-24.85 -8.85146123345992
50.36 76.3210447256254
-153.4 -435.22298972125
7.287 -10.5123823628854
-44.66 -125.442973954659
-75.19 -66.4022253310566
-158.8 -181.229536426644
37.89 66.42360385505
0.8465 32.8808868503071
28.71 -3.35790322873835
-30.12 -63.858065121373
-39.03 -57.8743334883245
5.507 3.94603705579349
84.18 88.5404094845782
99.96 91.5625923678348
69.31 109.258061132338
-98.16 -98.8299065361728
112.8 105.374063594798
122.6 183.771629411667
-97.2 -130.975595781534
-28.3 -28.8916221726153
-115.7 -149.18534697791
-7.998 20.8603563481063
-94.95 -157.826107487975
-108.4 -114.128861549631
19.23 17.0501953404243
50.31 72.3648216241623
115.3 126.512965956983
33.1 -21.1744334288728
-71.42 -130.8972110916
55 171.260254628017
-69.09 -26.2255702228188
-13.79 -32.0668505473211
87.25 56.4315853244706
-39.79 -34.1234219027332
55.95 23.8497534492399
105 127.987709989885
-80.35 -31.781942746312
37.04 27.6447799444524
-118 -192.077329330062
116 71.9255102422937
18.67 60.8511825104429
91.94 30.2790404295672
-117.9 -88.9014913049514
59.31 71.0707045717632
33.69 47.8846317717663
-155.9 -210.571459042398
58.54 39.1027540225629
-45.93 -27.1289577578703
-37.36 -58.0754355164372
-50.4 7.59468025056715
75.34 106.202521804207
-90.02 -57.0638512573414
52.05 60.1556073481223
-63.89 -73.1254979666453
-66.03 -81.3384812662621
62.34 141.044902942368
123.1 139.006949673624
-134.7 -124.43647969366
-6.378 36.3039362118433
156.7 156.391652951945
-145.3 -149.034310790668
2.011 33.0195792026027
-73.8 -95.5767743189882
-137.3 -115.37893085815
112.6 104.480940033832
65.44 143.488506346815
-129.5 -12.0452508698282
-137.9 -235.751270602967
-116.7 -138.004415244886
-20.85 -21.0049111734971
-62.33 -56.2810257281438
14.52 22.5415108745364
38.46 29.7792987203786
-97.95 -134.633860795679
-53.72 -78.3141757931866
-29.99 -17.7977007549474
147.5 183.841279244675
-52.82 -39.2854560333533
-114.4 -88.7483967780516
-107.6 -150.923672637356
-156.3 -189.471233092739
-107.2 -59.3532620926558
61.15 45.0336263648562
-74 -20.6313558368135
-136.8 -101.211197716755
-149.8 -158.505515448204
-17.27 -46.89045052118
120.2 181.562294853402
156.2 156.000533879483
78.52 86.380700410503
-25.41 45.5134133107473
22.55 5.27878703434188
-59.79 -61.9169631483803
16.93 87.6638006610318
101.9 176.64785035567
-155.5 -102.514144976621
-130.9 -129.368848104427
-19.79 -18.9630244880251
70.34 134.136524405906
-67.44 -65.3477671628024
-78.12 -125.433083694373
27.22 42.449588830065
109.7 103.651451553185
24.38 16.5337348430705
56.06 76.5287037073238
0.8572 47.2935314851641
3.561 45.4775496136827
123.4 74.6757413168225
-42.61 21.7832799304445
7.437 -17.3637069486841
-15.02 -29.5222045926301
48.19 5.86219875788375
111.3 88.0107963545423
-17.14 -69.6108441603879
-18.07 -70.2541360177387
137 128.97938123652
-67.01 -94.5807676939571
-149.7 -157.284274288936
-65.52 -69.6727144423536
-17.96 15.6930189058774
158.7 115.578927146967
90.76 65.0694248498266
37.84 23.8212387524805
-79.52 -85.6119288280027
-141.1 -142.928479485599
22.61 -229.181234579891
79.78 30.959897734644
-35.79 -28.873546394706
110 119.807511382171
1.871 2.7432824816068
60.91 61.9369955719158
-90.23 -62.9707553023886
-111.7 -185.667855173999
-48.95 -35.7775185327242
129.6 167.692449567858
-115.7 -173.49093258651
-155.3 -235.756581836825
-134.5 -128.267555349743
-67.42 -62.1861519493464
-17.52 -12.7254245382334
49.6 70.5118761344683
-110.4 -98.4931556242085
-136.2 -87.1292966045719
20.38 25.4683311772847
28.4 15.3341843590341
69.68 52.0099236271091
-101.5 -117.657545171124
96.62 146.395537265358
-64.72 -88.5656942598547
41.44 68.8111454929553
-103.2 -98.5731859440287
-76.36 -63.6434776212181
-150.2 -232.61762699831
91.19 71.1391674306665
-84.49 -47.6688625779486
-120.2 -110.290094288895
135.7 191.929765635463
-153.8 -151.011142315334
-142.9 -136.903394159852
44.51 40.4326454613499
150.9 142.422810929369
-117.1 -208.243207773895
-15.43 80.4430945295977
70.96 60.4778445813803
67.66 47.7009503842049
113.4 89.1726714259087
145.3 144.38449193497
27.41 35.0474603553981
-86.32 38.737147515942
-26.34 -42.3443663946519
102 72.8078620127221
53.75 61.7801093253595
127.8 136.223083161068
-19.25 4.69465720025479
73.73 64.0807005588901
46.66 116.963341486735
-81.22 -64.2196456512792
-109.9 -82.3920335448537
-31.78 458.951698269702
15.89 54.6527479171738
-117.9 -76.6520006438101
-113.9 -112.245178870821
139.8 107.884662917446
-24.16 -35.6415814158779
91.25 112.398741768548
-92.82 -119.583085746173
-129.7 -217.12791889973
102.7 81.1556387575784
16.95 19.8276932860691
114.2 166.546077188203
-39.69 -60.4771030861974
-18.71 -1.30356013331097
37.19 78.0305628737007
85.27 170.234110069369
32.98 0.753497633274847
158.8 206.727490306758
7.694 4.3595757109514
67.29 78.4255817137425
-51.06 32.1615540341577
-134.1 -100.259014582352
6.427 15.5881896148377
88.63 42.8704078283614
-118.6 -152.780433907852
-71.84 -72.7407947306842
-158.4 -177.201558767232
37.28 19.5418127668709
16.14 68.9611513268669
84.38 70.3449298228625
-50.68 -71.0373803328606
-146 -120.880301441659
-129.4 -149.530632870269
38.89 30.5054006326088
69.18 60.487864108912
90.25 116.841387080857
-1.339 33.4656490103039
-132.8 -189.317705999439
-65.52 -58.3659729994625
-134.6 -166.804904134184
-102.8 -199.204942453759
-142.5 -328.689434991995
-6.926 -34.2342591474762
-80.3 -42.2754804137612
-67.48 -96.5804557647857
-137.6 -254.861870985533
7.592 48.3736418374684
-34.1 -12.6612373072882
-142.3 -211.104557696558
-58.13 -47.0366077475084
-95.33 -117.750163962865
81.2 67.2710178514605
-76.03 -90.0989603766086
-109.6 -161.935125916458
157.2 162.369495638351
-22.33 -22.3826519156369
-57.37 -60.9955020286316
-121 -94.3921373299169
-15.44 -37.3934486921714
-30.76 -34.5221625567762
-47.05 -53.3400782848244
-19.01 13.608008184028
-124.6 -106.217844956602
146.6 93.7569375936389
142.1 175.5003095378
67.41 49.9455614684083
67.09 62.9627678078739
-75.2 42.1945981060411
122.1 87.8641509930835
-80.49 -22.0883600311735
-140.6 -232.224050534423
-93.45 -87.8198150757895
18.73 50.871657833059
77.06 73.0908813499455
-74.79 32.9366393057107
-24.6 14.4707400516127
69.9 32.2922383612584
-60.37 -55.6784417667358
-140.3 -314.968317261286
153.2 180.280528518399
-64.91 -79.0091128632758
-70.33 -35.7057555962715
-117.5 -109.193183627752
-122.5 -178.55202833237
79.25 100.033714717119
-17.7 -47.6176746779304
-124.6 -150.306275082799
-28.44 -2.57511399087235
-50.99 -116.231791847688
-24.89 -29.3591206165856
71.05 -411.743316427719
36.52 -1.8650120555031
-78.49 -104.625108659321
17.33 -2.40224583068731
-51.58 -21.771559880587
-78.67 -77.3850863532344
121.4 197.033927636547
-38.94 -44.2395982356108
37.21 48.9656691325758
-52.42 -37.2238390564955
2.263 -35.6003558708515
-51.36 -38.3116163208457
123.7 134.168152872046
78.74 111.597691090518
-72.95 -164.95301688684
55.53 24.6730743997617
-136.8 -206.339724335728
-119.5 -137.050065292007
19.08 1.55255036148117
-28.44 -97.627079899166
-89.32 -156.397453007922
-75.37 -72.0016279402533
-81.76 -29.0569400435799
44.88 -15.6116997177235
-78.91 -119.07193260661
37.69 69.1917414733215
19.51 33.8418505221416
-41.04 -68.185399890502
-158.3 -141.285411130868
63.38 38.8393739959963
115.7 141.018949815723
80.59 78.6685509663424
-36.3 -73.9430631212812
-111.8 -98.0430407314472
0.2417 -26.1826636440455
84.35 93.968211682311
40.84 -1.73282581087351
23.79 -1.60886973317138
1.124 29.7934129254099
-86.41 -140.82994096136
-51.55 -79.6771366826009
-24.63 -36.2015520452013
0.52 -1.29390521541493
-153.1 -321.695739002888
-151.6 -143.481167700857
134.9 132.561039041951
1.397 23.7608471120389
-44.52 -83.8510201446088
106.8 79.8012455052866
133.6 167.292533134636
-134.9 -111.388078131466
-124.2 -143.485526449328
-116.9 -76.7999474492239
-153.9 -162.260460672575
68.99 93.8151930612777
-52.08 -39.7571429997965
43.57 61.8062182593649
-9.473 -14.1889535278532
-141.1 -81.4173511887301
20.84 19.9522880516047
-25.67 -50.0468655477309
-25.97 -17.7856839951323
91.45 110.874961377329
-16.75 33.3202902518372
82.03 73.1924071744127
-78.96 -108.205052547432
84.89 168.035093634366
-104.6 -41.8452829054866
58.4 80.5950847403299
132.1 143.225522181042
-36.35 -31.1794205384475
-31.98 -59.8942957208119
-105.9 -31.4508831954178
68.63 48.5892340022065
-62.47 -90.5840385478302
0.07094 -24.7184726948078
47.74 64.8707070656955
120.2 100.981616024297
140.9 192.293736076417
-1.255 67.3927248452815
74.35 52.7766977282946
149.4 191.614772854396
72.92 -14.6580497553112
137.5 219.411182127432
-3.009 -171.143775630189
-145.4 -163.489826721803
-122.2 -116.94392949886
106.6 82.346781263251
125.5 130.16197907837
113.7 115.129772420153
-76.18 -24.2819970594194
-18.92 -8.13887286052864
-147.6 -97.1230105798419
153.3 125.662892298895
23.17 29.046835052711
-99.3 -71.1686624929654
76.18 57.418331072042
99.11 138.007016297452
-134.9 -157.542142015075
83.03 84.3053563889905
-116.3 -265.812049578981
-53.33 -28.6331520923091
-65.21 -34.1385544169586
33.03 32.6460669454852
-75.81 -65.9630591259399
139.8 149.056620640807
-70.04 -61.5582235764658
120.6 112.31102089368
-18.51 45.7370790263834
-28.48 27.9854362974445
35.12 39.7665829638257
60.47 90.9922066090479
114.6 106.363576171514
-108.2 38.8168531956786
-112.7 -155.919838516455
149.3 164.411430306438
-148.4 -161.647018523199
33.82 43.1875833326204
3.256 -8.86804511675523
69.24 22.3395927919958
-48.71 -55.2009466826282
-145.6 -150.162955136969
10.89 10.6257700345002
-112.6 -200.253790396011
-157 -211.738097445444
-32.57 -37.1200020129148
-40.37 1.2762762188906
-137.5 -118.832531921948
72.38 89.7914390460916
-36.5 -49.5537146737151
133.2 155.479713844846
-117.3 -148.849551700527
149.6 171.111950597628
-89.88 -41.1034074514875
-124.6 -118.157424162639
-155.8 -203.190908356212
-51.85 -56.2424819819078
-93.88 -32.1517368226464
61.7 67.0285637335312
-37.79 -3.67584617185503
41.19 38.407641409899
23.17 35.0678656220688
-112.2 -226.133960935535
-133.7 -200.176635733586
90.38 105.741828530595
-76.68 -206.842584374524
105.3 89.3206810276615
-45.49 -5.86508533661195
-158.7 -211.042853654799
-136.2 -173.342594302382
35.01 39.2602125887075
-67.09 -115.766911932075
-158.8 -125.65719693781
-110.6 -56.1526363915562
66.16 66.4468118070888
158.9 178.236159934323
108.9 123.732345323631
2.158 261.631529624959
123 128.634387641125
65.28 193.467200564887
138.8 101.592381817874
-67.08 -86.5363189578217
113.1 72.7352057336445
76.94 93.9794686093325
71.14 123.656754263635
-101.4 -117.401114803149
-141.6 -213.637805156446
102.2 80.5736480712522
74.04 120.805901747526
-6.182 -4.19652747180963
147.6 165.785187954169
-82.55 -80.8521276238982
-38.64 -72.0110795193868
-136.4 -187.768131414189
-103.7 -110.015477871313
-123.9 -133.048199330187
21.71 26.2279916835373
-93.48 -94.7731140718496
9.223 -5.49663011694533
144.1 116.533543026459
54.82 54.4338151431974
32.34 -75.6928094547524
48.21 25.6362400569331
55.18 86.7891979643687
-5.426 -5.58882175326269
35.23 -18.7823220224793
20.58 34.9338714615479
-133.7 -159.895824734465
25.79 74.3410088213208
-20.85 14.0703091830362
95.55 146.874508825185
-10.65 117.242563385022
103.3 70.1605331385923
27.46 68.2989387602382
-100.6 -29.3385415654361
-76.99 -107.254191146864
151.3 138.346202432891
117 151.983100203394
-134.7 -137.630457338084
82.46 170.337836663426
23.49 -54.396379465946
137.3 155.1913893039
-118.3 -49.1582678618665
-17.31 -17.3719936083354
148.9 203.044083173082
158.8 168.596605029995
-93.27 -146.536689858994
-10.78 49.1575146015389
-18.79 46.3614144133566
-47.49 -43.0219941989882
48.14 81.159986899411
89.08 111.557538954136
156.1 160.968610386967
-21.8 -18.8362631617388
-7.844 24.041247356362
89.43 70.0226053552769
34.09 197.271797434179
-9.721 39.8735987563265
155 122.756066574816
153 189.150259250088
12.95 3.63835851587142
-25.13 -9.38978414700605
73.44 66.622822895903
-32.98 -34.6435946166351
-132.5 -198.306791674409
-140.7 -257.398501450114
-46.97 -137.677116936615
46.53 98.116495660046
85.46 47.1695792535704
-89.41 -35.3100452331972
-141.8 -130.035797846031
143 204.383498073895
24.42 28.0214617410661
149.5 156.94412861237
83.26 79.8647780504511
-127.8 -166.910455206583
-48.66 -36.0386165134124
-64.11 -43.0638177521932
-143.2 -17.5863735319153
-59.58 219.145494138902
-15.19 -4.03914139125867
21.06 -5.25090130475262
-10.48 51.1322106088548
-96.63 -165.5889257617
-148.4 -304.258144795769
83.53 -26.9672671796428
62.65 81.1993142836311
152.5 154.336272046211
50.32 40.6264014664541
121 79.1281185511673
-75.82 -69.0712422399564
-44.08 -29.9839313245246
-59.06 -97.372244514966
151.5 192.543297662257
-40.9 -44.3380073392587
-89.84 -63.9555887341406
-55.76 -55.5413337186171
-3.381 12.1131714158223
45.24 103.346417777972
-56.79 -56.3821033759189
-77.22 -111.128347084119
116.9 94.9444277338201
130.4 178.321876377
85.19 36.9816278738988
6.854 29.5388366349853
-113.7 -164.055092688565
43.55 55.8033119352504
-97.26 -188.461863466073
-73.8 -92.4319989258486
-8.385 5.00162629748236
95.02 56.9622310206178
-128.1 -69.8457801092938
146.1 202.682903730254
129.7 58.0280195336762
-103.8 -173.020752562216
14.15 72.732734322531
-98.73 -73.2460656007816
-80.12 -104.082637699615
8.552 29.162853239647
-44.86 -25.7206543937502
99.52 87.3425555035359
-84.46 -95.3574586407045
-119.3 -140.73882844768
-45.43 -61.0643454681259
39.57 -1.64035581563287
35.18 38.2820224488421
14.13 38.3072744442434
15.33 -17.0629022011485
-65.9 -83.2272959500955
-52.69 101.856639537037
6.651 12.3931592779544
-9.69 -44.7456595820728
149 98.2640403600405
-86.97 -102.656329517472
37.55 79.8686728597862
-11.5 43.4014698739665
125.6 137.964401442856
133.5 175.162834582197
-68.48 -84.9065800403182
148.7 172.214082645534
-41.83 -14.7940596929425
14.61 15.1142857417501
-4.96 0.982639041784772
88.3 150.968451398746
79.69 121.276073912626
112.8 104.479060078753
-73.82 70.7389259223323
54.59 62.7987955991156
-91.52 -99.3398913290022
-110.6 -106.068652905425
-126.8 -114.391727076425
-50.76 -47.8529019327664
151.5 111.664403378256
-159.8 -209.723746161408
-137 -161.271423219377
61.44 24.2801629251562
-123 -133.529165446934
-17.65 -0.838992918312729
-134.3 -149.74131431856
51.6 79.4572579959676
-51.52 -60.2457236863868
33.22 8.26297338959272
-38.38 -5.68932539366254
-37.33 -39.8727469905822
38.63 7.83368803588103
-70.81 -105.067522269546
-114.9 -134.808080095457
-113.9 -68.2114575126896
-57.26 -84.3823276733269
-127.1 -108.412911088711
36.26 14.6645422781429
25.74 28.3851074288763
-0.2218 5.00691108096722
-38.08 -44.5444140095012
70.73 18.1122069581327
63.2 37.3417508583828
-30.79 -26.0110232088144
33.52 6.46579585014315
-105.7 -103.995657725222
-17.18 65.4854201595514
-53.93 -51.6690721084713
-26.48 11.5673210906221
-55.53 -191.478057121734
-15.89 -65.9772971855419
-131.9 -77.114591994701
139.5 140.465119206006
-115.8 -88.5646540328941
110.5 149.105222006209
154.8 135.929416401273
9.547 60.9847193499753
27.86 67.0744294961665
60.05 5.9563162985028
-158 -258.164429491842
154.1 977.248576619496
-69.17 -106.317854152939
78.37 -9.17459276357654
143.5 124.55497762419
7.094 2.75665392230258
115.6 85.6383660025564
60.41 91.958418936879
-57.37 -52.0567673418158
157.4 217.587120471689
-81.7 -112.334017678263
-98.31 -88.1851047643144
130.9 174.276441569236
-2.838 43.6262836734751
25.72 -26.5778433798886
-158.1 -193.959159939861
-123.6 -168.579952517691
-48.53 6.41783409885796
13.46 55.0706699800927
155.5 166.704323899024
-110.8 -145.571673458112
51.12 71.2650745730903
-57.52 -66.8128201413656
-114.1 -155.773474026624
95.54 63.1754586730896
-113.8 -124.546470839075
-109.9 -76.3659857930002
11.7 -35.5925578706066
-113.5 -77.5951211965366
5.271 38.6626513883725
-50.55 -55.595296594771
68.69 -369.843070697212
122.1 185.976160332846
-143.2 -121.97810474326
120.3 78.5495278229963
86.5 51.9643351107744
-63.3 -25.9903998810741
109.1 106.70669170959
99.01 108.476890484494
-55.64 -86.4159215953716
-99.65 -135.536527625383
-136 -133.162619311836
-56.49 -41.0755805195501
25.44 -34.0767692163172
26.82 58.4184065905119
136.3 212.654338059478
46.16 8.22112709058524
92.35 98.6602583943581
-90.25 -96.7237396544242
5.256 53.1503060167907
-17.89 -18.3706489797789
80.49 138.548627078079
-93.73 -158.16538769495
-11.51 -30.1023090401097
-2.241 23.9867009855193
-144.7 -152.268594751292
-74.19 -70.4779998876104
-51.6 -43.7849062462042
-63.2 -99.9673175983289
2.195 25.0528325150042
-2.518 32.7500006151335
103.6 49.729659284901
155.6 190.615137740971
140.8 168.844555719454
73.37 90.0570388924938
-133.8 -138.810086736829
43 62.6452179269034
-125 -143.834651094965
106.4 157.355820785964
-10.85 51.1889790886508
-27.45 -7.46450701916979
-44.05 -47.341972387457
-54.02 -88.4560635859622
29.75 22.4994276178678
-32.51 -18.4546248122005
-50.94 -83.6734897465255
79.73 109.865363087906
112.4 114.440768797725
127.7 115.482896550181
104.9 137.024722856286
54.36 13.0919790268829
22.31 38.2153634159582
-16.31 -39.0683649701595
12.93 20.5441524320832
62.72 158.68831270423
-144.8 -91.1111842297065
-54.59 -69.7641950931778
121.6 127.854018193615
-11.05 26.5153847782125
147 193.604962009643
70.3 56.6718830487222
-95.57 -134.231194938051
-111.1 -158.747659634524
-117.8 -100.719742331376
128.9 171.117698450747
-91.48 -103.15361472856
-129.7 -315.099189449429
113.6 103.208090264924
-132.6 -140.969804462991
4.973 31.1302508298496
61.61 63.7978652519697
-39.32 -33.6866364994583
93.62 76.0079831229529
11.58 12.4181972675346
20.28 40.9996794866994
39.29 36.5462267739091
-74.22 -62.820926974595
126.3 167.293393731486
104.2 43.3672818329245
27.2 71.0900148918858
-64.62 -50.3051914991242
-62.49 -24.6492711927854
-100.1 -124.408238751062
107.9 154.10678525521
-46.59 -40.1229156589384
-143.5 -130.053944790405
36.19 -1.9300108115378
-52.12 -114.126697519018
-18.37 7.38417223946033
-136.8 -153.056948319779
128.5 144.646809347667
30.13 -10.0722918297371
53.33 10.2264517260466
-106.1 -213.464921084126
37.25 53.591700434458
-26.9 -79.0499967187176
120.1 85.0408513990309
-94.54 -98.8591907875652
-131.8 -162.504042644931
-103.6 -181.62323024913
-66.18 -68.0437992459959
-33.07 -30.5197873036618
149.1 99.7661846983791
100.6 99.0462089782689
122.4 124.41244632525
70.49 59.1778766274567
52.8 81.343655930504
51.48 -9.2099863358406
-97.67 -81.9202965686878
148.3 242.286253407079
99.09 120.961655097119
83.76 169.494118354975
50.58 73.8974839927997
-70.73 -94.3864257448285
-150.4 -121.659996453539
119.3 119.820909546135
-54.07 -43.9164786856657
19.16 -13.8428075361553
38 28.4585473238069
32.91 94.694192449918
-21.73 -36.2705361908237
20.72 -410.538496371667
2.305 -19.5828800997393
-14.79 -11.3580637801532
159.4 138.306915897664
159.4 134.877571246819
25.6 14.0867114934309
9.575 34.8328112364517
76.77 102.950199017502
-112.1 -88.107188570412
-150.5 -144.176679230529
-81.01 -159.566958945201
113.1 139.184262766329
48.99 35.7692855715758
134.8 69.6041046437532
120.5 165.473737617312
-110.4 -49.3030881715982
35.6 73.0536837756653
88.37 152.463849337771
47.78 71.6297239893943
-127.9 -101.031960044132
125.8 143.170227956875
-7.597 392.663808211223
-119.4 -129.163589379884
-18.14 -3.03309700332008
158.2 130.198959526165
51.52 6.82780268917122
71.19 62.3647664304676
-95.9 -110.035598053441
10.54 5.18291456396914
40.13 19.9161135877112
88.87 133.302678729068
-6.93 8.08042174482713
105.9 89.5635817790343
-103.5 10.5357277501441
25.93 24.4423178453332
-147.2 -161.745408611465
56.97 74.4802861494479
-158.2 -164.548057253943
-106.6 -99.0280923090422
-148.7 -158.848257695342
-24.37 -48.4161903902591
43.94 78.2558997137405
-67.83 -9.35687836494888
9.185 31.5048572396083
-23.52 -9.28085938285121
3.302 -17.8433005504288
-67.68 -30.3560023531883
-116.1 -116.509891974101
103.8 120.909034230488
-110.5 -109.109184172895
102.8 67.7780796804546
-58.9 -21.5650196207476
-89.7 -117.13138473354
-37.76 5.96881178716599
26.2 14.2005708326706
-153.8 -192.390252404022
-135 -136.947183281646
84.67 86.3934889415172
147.3 112.986537147742
-82.07 -88.3021290323213
14.82 -0.541268657826237
-38.74 -73.3909555082393
-129.4 -91.4276654662245
-39.04 3.56699212698072
127.8 275.509496755958
-107.1 -121.882459751901
-130.7 -199.422443667056
92.37 111.306261256019
-76.67 -97.4439694681864
102.5 87.9333395098315
59.34 69.296310225787
73.27 71.2072178718298
-120.1 -88.5954086356791
-7.852 31.6380469196573
97.22 94.9160127184214
138.7 130.072143004933
156.3 153.141612674208
-131.4 -82.9254820755493
48.25 61.2745779815467
-96.88 -116.225728118203
-140 -152.358592500493
-52.88 27.6896347796716
-63.03 -74.5517630344533
-16.45 -17.2104259126827
142.9 119.687482128322
75.87 74.7781289160157
140.5 158.747040451412
-87.01 -83.1369789834025
75.25 45.6288976561598
-13.03 -21.2866064328005
-61.84 -84.264210224795
114 83.7015123046278
136.9 177.184497694522
95.62 28.8022278228266
-96.86 -86.6714067249086
-109.1 -99.925456153578
-112.1 -249.337917699962
158.4 90.7118705455281
79.03 7.13980331845006
-156.9 -139.915289360794
-82.91 -28.4946828116162
-103.9 -108.916845556519
-51.09 -62.3241451645461
-13.41 -24.0928393230908
27.76 50.2581142674594
17.66 39.3503661794074
63.31 134.695502853667
-146 -94.1329017192129
19.74 115.849866364519
-151.3 -143.818343884366
-21.89 -41.4481507781082
-147 -212.362084175901
9.84 26.3821852466554
-146.8 -130.114092915384
119.6 69.9104330605814
-5.697 -41.3750588152447
52.94 96.0391409625555
35 46.8974911389571
65.51 82.3821328294049
-122.9 -138.640806251568
-66.84 209.012222258103
-23.32 27.441167133383
17.65 -17.8895115201059
-8.446 -24.0556974212212
-43 -42.0676578981948
86.62 57.3179069584607
63.36 149.576881747703
148.5 121.204199203951
50 21.9568028275798
10.55 -17.1383746784261
-63.8 -66.7048302467559
-5.653 6.22896224137193
110.7 117.473260301737
129 163.51790430561
-17.63 -19.8565177393667
35.35 46.4514164779451
39.05 -25.8989787257914
-115 -122.682716609861
14.02 14.8400067076072
-22.74 -61.5251717961183
60.64 53.5204492265346
73.25 24.1067041170221
101.5 142.766375293832
-43.68 -48.0393663517799
151.8 123.306077175337
36.35 62.3719686771914
152.8 120.831869013933
23.08 41.3825228302063
9.335 -21.6233874692482
-103.2 -79.3340369856416
130.4 90.8947348914913
123.4 148.18445336983
10.42 -27.148714610381
-98.22 -172.99098839095
61.89 103.806803761179
140 116.436964505505
-33.9 -11.0743903411417
-44.97 -72.1249648635848
-107.8 -168.372348873198
-33.76 -41.2317124981465
-140 -135.978072610666
12.12 38.0538910671074
56.63 56.025939826773
-154.5 -211.379794500483
135.9 126.56737864288
-119.7 -113.540129443764
80.72 85.3785004528216
-156.3 -261.325207901267
-10.01 53.7013627059218
108.9 135.8866079887
-151.1 -124.994175897921
60.72 212.219820712017
-73.13 -85.7274914693135
119.1 101.731964128632
83.26 124.55185633849
-134.3 -119.485875421838
28.97 -21.5631842475349
18.9 -2.72931754175959
-148.4 -179.703301510392
-64.74 -82.9768944514995
-109.7 -182.08859840194
-64.57 -105.98109989723
14.55 -16.9524434449536
9.454 70.8069720839241
31.67 42.5227100121578
136.8 183.01352218247
-134.9 -183.480769203949
26.58 35.8589538276999
-17.79 10.7421215058491
-115 -113.863509389308
-29.88 -75.3518257256155
-19.19 -29.5151977444174
96.59 93.6101123513983
6.752 -25.4517419086884
-134.9 -114.125227891013
-58.96 -68.9954137471599
73.43 72.3070993132155
-121.3 -126.787063103196
-47.47 -57.2733781444534
-2.625 23.2096633948886
15 32.7177192364635
128.1 92.8935919408086
-8.502 25.6185620945269
-138 -117.106508694041
46.38 35.1732838134062
-0.3176 -14.0074024346759
150.9 222.251075324008
102.4 116.385025770179
-94.06 -58.3635358372406
-110.8 -114.226670221729
-118.1 -77.7816219070686
2.596 23.4813319801608
-152 -295.43049202438
-18.6 -53.4650499260693
-24.41 -63.3619543730265
107.2 183.715224791008
31.29 31.8171921187608
-114.8 -86.1605645828084
-93.86 -65.8426582109174
-66.7 -59.0483049516956
-58.18 -52.8598398398556
-107.5 -122.268370268531
-49.92 -71.0287359402105
43.44 48.4876807297419
-65.56 -170.33264595265
-86.08 -115.256958226599
-95.85 -154.518411736603
-21.52 -38.927451314468
-139 -223.096732183188
119.4 112.917331465835
156.1 179.654394952508
-23.83 -54.8614675024615
-94.57 -120.197683707441
28.1 27.747585711329
3.558 26.0690362594722
-112.7 -74.9649326162483
8.2 13.1908383090853
-11.76 9.53371730767675
2.818 28.5581742844398
-72.61 -92.2662369032231
-0.03687 16.4059853142848
143.1 137.369037962464
99.21 137.428848771391
-131.5 -111.996922755832
30.69 55.251057505987
133.7 167.403071478652
158.5 193.090681114366
-115.7 -90.499016664972
54.9 76.8301240270537
-44.35 -68.3248029059096
-48 -35.4805379916891
146.9 169.822917753358
83.84 131.813191502321
65.45 35.362256175161
-23.85 -216.983151318016
-8.936 -59.8500697552127
154.9 130.168822034079
-19.28 -53.9655836186145
106.3 147.94782472315
18.8 83.0751810774354
151.6 364.460143367512
-115.5 -147.53380096425
-136.7 -140.504568269509
-157.1 -195.13606261615
-145.8 -162.76194639942
26.54 32.2907264098642
145.8 113.918147821187
159.9 188.526081585512
-55.73 -21.7254669369709
85.11 63.5989723710219
125.2 -4.42908439672964
139.7 123.316533143509
-27.02 -73.7139507495239
56.52 82.4066538233722
87.9 170.911324888332
-122.7 -145.123996139167
-81.07 -113.3792180106
-71.42 -124.775574114888
-33.48 -83.3366539831675
37.95 81.283516285597
42.35 13.908701417376
91.87 96.9751966290735
9.872 -1.16150029320722
25.91 62.252579415816
95.66 112.778185983823
-5.584 -2.59264764474333
-2.515 -38.1340494745219
-121.9 -84.0849928677824
-13.9 38.1717445890084
83.1 88.1786035139002
-121.4 -269.473404719987
-35.83 -48.5895578432191
-24.98 -34.8499355608234
37.02 67.2914896249906
-137.5 -235.740937446423
-12.33 -55.8698907727505
135.9 108.505943713387
82.2 54.8595621648107
138.1 112.566251874487
-40.4 -89.0636866053118
62.98 78.2899923829541
-12.83 36.0300297349829
-60.53 -74.3851345242966
15.86 -593.396262405576
12.21 -37.9241662733452
-132.5 -92.3878763885317
-7.313 28.2052211494938
-147.9 -148.978029472498
18.5 13.7949238669788
-139.6 -216.891571920965
-43.12 -53.0141220478595
-159.3 -143.956179041515
53.95 134.908833428835
26.69 3.18632318968669
-75.49 -0.569592916225407
-94.33 -69.8086261198361
48.76 54.1997043882908
153.6 160.172636643716
27.05 -54.7913692973083
81.43 80.4364821454814
60.78 52.9231264350753
-23.39 39.2708439388189
-62.34 -74.0003275746387
-134.8 -112.762051971895
75.32 141.518966031425
136.7 123.31801000903
61.21 71.4270740934462
-66.49 -33.5834105540256
29.31 43.3245408800386
-121.1 -107.875314208796
117.3 146.189900086251
-42.01 -30.0111271304114
143.2 215.199014617976
97.06 73.9081637151059
116 141.345965247755
4.055 33.2396390785424
97.39 86.5840334399062
16.93 7.23683694780159
-7.592 2.9995586233238
-100 -129.356129747231
-94.84 -88.3472008057446
-109.5 -79.8955007166351
-77.81 -41.7202280760211
25.8 84.5613471870807
-145.3 140.257746679717
-38.71 -23.2909455176387
-21.73 32.8515817718608
30.81 -6.08973884013852
-85.39 -104.771652515153
109.3 120.877033187359
0.9249 -3.55130174858035
25.13 45.2143607816183
55.98 76.307310795263
-148.8 -178.016755199798
92.76 -8.08389274517505
110 127.574956694557
-87.57 -91.0450742768321
-120.4 -94.3318416791733
29.41 75.4819274891038
9.229 105.198180539848
60.75 104.082344690313
-92.81 -134.8656862272
-120.8 -101.49827350233
-102.4 -70.7378445757321
113.3 105.884818653188
92.76 97.0239088277728
119 66.5624832019667
159.9 1000.13272276927
-64.44 -50.3984953551737
13.35 328.147883627871
97.63 104.990365266823
46.26 40.533955364473
-59.13 -17.4250906226636
-130.5 -143.911359169744
-22.18 -55.1593754452194
-34.33 2.04610933432284
-40.03 -78.3901260227919
3.98 -6.94089580556346
20.64 -48.9993990451412
-133.7 -195.913805742467
132 88.9321012588216
-35.96 90.273378127505
-130 -124.122456807575
-54.41 -80.5005746027275
-21.85 26.5525061125557
68.89 79.7385516167002
-122.6 -158.160581031085
59.38 26.0874986980497
-41.04 -26.5390092960683
130.8 139.371672761244
85.94 90.1229753507421
-75.95 -103.521805986472
-15.74 -34.4720014734631
-66.01 -136.979759286655
-42.11 -47.028252839202
-70.13 -94.6343241853702
-40.72 -66.8736413805913
-116.8 -141.563214811334
107.5 115.307835387866
-145.2 -221.782316425055
-12.25 -21.4119757340059
-52.69 -67.1144201084054
-90.42 -70.0249714388896
-102.3 -144.480438192771
6.804 18.3532408790121
-5.855 19.1747330232862
-11.34 -9.08276878885353
-138 -89.8518340444096
28.71 20.363686051906
104.9 92.5274940686738
-107 -158.378740166071
155.1 184.826719121813
132.4 87.6741961625648
18.63 3.73816896873457
-31.87 -65.0522581499364
31.65 -7.2626825312905
101.6 128.790928480863
28.82 56.8175923569212
63.17 33.7173281301014
-100.2 -177.772090857941
-122.9 -95.0634997032355
32.4 57.8263565363456
18.35 67.2472150972794
-101.6 -90.1836644259069
-114.1 -108.679413163137
-74.42 -65.6347233938407
68.33 77.7533827920663
-102.6 -60.2922710428806
-23.3 28.9516316940564
62.39 96.3918822226744
14.18 46.3599542679089
21.77 -6.30867451691867
-104.4 -102.50366474156
-74.71 -116.899702008081
-88.05 -118.834670558792
-41.78 -53.7054437068214
73.46 89.017042938395
138 102.935373558324
154.3 160.466846759952
-19.65 800.891724541805
56.05 65.7228517302053
-18.5 -3.36727786718258
12.22 26.6221185789606
-77.69 -80.6406168958673
51.81 75.3869321565443
111.3 81.7209334286686
115.9 69.7411343774933
107.5 183.362890632207
-24.94 -61.2055915442041
-117.3 -76.4733860807983
88.78 105.503111498474
-102.4 -104.738578736497
26.59 -20.9087007437621
-90.32 -112.72888208586
95.13 96.7151743885912
0.343 -47.5409928274172
74.73 50.2561156667944
-66.58 -49.0979782919079
39.01 49.145738697369
13.16 -7.48194377146688
-62.58 -87.1327940074779
45.62 22.3271447965479
-14.18 47.0844615339339
101.7 80.5851512979196
141.4 747.689337710163
67.8 58.442202142895
16.75 43.8746200540466
-33.84 -936.795566402763
-33.89 -18.0468901519605
-77.43 -100.06468927938
38.41 19.1226895608144
-150.4 -243.519310987103
-92.57 -76.993570442426
124.9 134.75708169743
-2.976 69.0407131911107
0.7153 42.1605753595914
-119.3 -142.641539208443
-67.63 -37.0954966767626
-66.14 -71.291616795914
155.8 79.5856213536894
-37.92 -80.2185319077426
23.51 18.3167972851325
-68.73 -61.7962784473418
-8.589 0.899982588130765
-157.8 -203.08356718007
-57.06 -24.7802900895065
-112.8 -141.778923593923
-154.9 -155.957499548803
-123 -99.4851298769346
-127.6 -109.420378634941
126.5 139.297085295774
122 99.1899517450571
-6.09 0.743841066246183
-6.554 3.07993118161031
-23.85 -42.1134222111358
-60.59 36.8742536442517
11.66 18.9121291208939
-32.65 -11.6183817647446
-155 -168.443508937148
61.25 67.0820040538573
56.7 10.8905421461691
131.5 147.00107944239
3.582 -3.37000069722509
121.2 78.7072919236645
130.3 110.061443402778
14.77 -24.8123103606736
107.8 174.896138953899
-39.91 -47.3150812473098
23.3 15.0600870572907
-59.65 -30.0364929656034
-92.32 -77.202394032528
-131.1 -88.1857563907963
-27.45 -45.3805242758616
142.4 187.238412283331
-21.63 -41.1764333541736
-14.31 -27.7386588452059
-41.47 -73.7393874732362
-70.35 -69.2647465745753
128 218.417400714572
-1.815 -0.324305056035248
140.1 145.179814150447
113.1 134.553644086355
76.35 101.487327018476
-4.934 37.6673393256859
-6.76 47.180081881768
-138.4 -193.813464225194
101.7 70.9192320162965
24.99 63.6800118203795
-45.39 -67.3113051777148
27.49 67.5373579387996
-85.27 -70.6377742109558
36.34 28.6353494804758
-67.32 -71.9914171338831
-52.41 2.60762182456614
-74.72 -99.3500101947345
-58.11 27.7455216757185
-64.71 -6.51344201764838
-91.17 -84.0385802155154
-119.8 -92.1273317596346
10.31 16.1084111596167
-64.06 -102.558813377091
62.37 52.9316125633325
136.6 134.189034446859
76.18 128.978567251605
-30.84 -111.139396192415
4.992 15.3192214320707
-16.23 67.7657486636302
144.4 157.784042973035
47.96 65.6396360619134
-67.37 -40.588296082332
98.78 97.3688273640753
-15.51 -21.0846121714386
14.32 -5.577707215423
-66.45 -43.5949668129777
-111.3 -78.0165916019876
-91.67 -34.4491849623032
104.2 126.158997824391
-101.5 -135.169393959435
5.206 -8.42273128291611
67.31 51.1692848627775
-100.4 -84.3604864754656
-19.11 -44.7434678089412
120.1 114.428494735417
-103.2 -130.869607393412
17.56 43.8299604083252
-34.32 96.2154427385872
-138.8 -108.172754873019
-45.88 -42.2933710657341
77.21 90.4906451137711
154.3 187.922217857128
-85.26 -77.088535601891
-103.4 -43.3817566053875
-147 -115.33690796619
-75.84 -114.961703769218
64.81 145.282918862148
158.8 96.6438477513987
73.18 95.4179428410535
-112.1 -132.998526988364
-40.23 -63.5384625322543
-51.46 -93.8518223620271
101 111.564699995575
79.03 94.732377919426
-103.7 -155.728983556607
113.2 71.7813415413952
61.44 53.8702676013748
90.81 84.1130099631643
36.86 62.1356908220858
31.41 59.0770115346503
-155.3 -191.820770084974
143.5 109.678794111732
-157.1 -190.534108473408
-3.139 11.9316773845007
-71.09 -92.1444872596321
-22.96 -29.4078686302202
136.2 106.990394994265
136.7 131.16521566195
-82.99 -102.47413701149
63.05 95.000243801492
-97.06 -62.6090771182885
97.69 117.25435400947
126.9 78.044310431027
-76.16 -139.058416668522
31.4 -56.833274975973
-98.86 -49.8312340734605
-79.66 -56.1684149687503
-67.13 -90.8350195913621
5.547 51.2569022086198
-43.39 -17.1080512093339
107.3 61.8271644767476
-84.37 -118.27960075859
-1.237 -6.56672596033354
-90.85 -121.513826029033
5.607 123.468898875912
65.49 92.4058998843226
19.59 26.9353125899609
-78.99 -81.9732015532551
115.1 69.0377450436105
113.9 60.5210565004608
7.349 10.7213616331687
48.53 11.8458745892258
-16.14 -10.5902669327813
117.4 78.3156639941235
-9.37 -27.9965939463228
-48.65 -43.153908394242
-143.1 -147.308569669892
122 120.577463683593
3.7 42.0093858868022
51.96 64.4614682394061
141 154.586651657134
41.48 61.067664099787
-17.21 156.829457157792
123.7 163.447262230509
-147.4 -154.94920462201
126.2 111.072981453473
28.55 25.9121680709599
-79.74 -51.483237697537
-27.83 -50.4620637375041
156.5 198.931840159938
-8.978 -31.5868599743425
129 118.944265613812
-55.68 -70.3682782754766
-141.6 -176.999135069561
-117.5 -146.521079783667
47.36 47.4897588707979
52.91 82.2842058505048
-122.6 -130.00373839201
-86.02 -138.553313836198
-26.57 -12.2859128108514
-111.2 -78.4348539554377
109.9 185.493701855773
129.6 124.874568663992
-87.63 -123.73021132894
-53.53 -53.368323319316
45.77 86.6475875121729
88.3 124.67986271264
90.65 94.8866575904353
-89.88 -89.0228121245455
-87.92 -131.478177157839
-102.2 -215.353758695953
122.9 172.843621826763
-86.04 -137.250244462609
-42.18 -14.8180108327454
51.87 36.3966950467728
-24.1 -0.262679804135814
78.28 41.4685214582563
-8.003 -51.3155421728885
43.62 53.2147293123192
-126.7 -67.4523806511795
-6.214 259.91857317663
94.09 91.4443770655697
46.83 90.8703312206912
-19.95 31.6331101799623
36.72 95.5165951697602
-132.8 -146.683411016575
20.85 105.156935297218
148.4 185.572125499518
85.43 51.4866806977723
29.46 74.0214467120792
112.9 185.741019808741
56.32 55.7328471058101
-137.5 -186.719302075935
-19.12 5.77494556589151
28.05 -55.4535280996829
-143 -237.215994580165
-88.78 -76.3698738833291
-13.17 -46.3144948802955
-45.52 -70.1597673146105
-56.49 -155.449228339675
96.67 28.3560509105527
-43.32 35.7166772727158
43.56 57.7531554226956
119.5 131.528860963088
