6.193 26.01634
-22.64 -15.87621
-4.304 -8.09085999999995
5.735 5.33388499999998
-2.627 -26.0289704999999
-4.601 -40.48005
16.98 -2.02573199999995
26.38 42.2069400000001
21.24 46.279219
-22.37 -31.243635
5.33 7.31197499999998
-12.61 3.56590399999998
22.85 42.6780525000001
16.17 20.044485
-1.744 -2.19575999999998
-11.56 16.716245
-18.7 -2.52331499999993
-18.38 -35.0293899999999
7.451 23.0256000000001
8.806 17.8217630000001
12.45 7.737916
-14.59 17.711955
-29.32 -19.79217
-20.09 -35.198525
-2.042 3.09151299999998
22.26 7.76973000000005
-19.26 -33.9870819999999
5.525 -4.04757999999998
11.33 41.9601350000001
29.43 12.7402200000001
19.84 31.44333
4.257 -13.41322
22.6 25.3533250000001
10.07 39.93237
-10.22 20.1308035000001
-3.29 -32.8751226
19.9 24.162038
8.885 33.575386
-14.42 -51.7878949999999
1.446 -4.488115
-10.94 -59.42164
22.88 46.144875
11 -51.8626234999999
-13.8 -37.4637
20.22 16.77984
-23.14 21.0622
17.17 20.0609680000001
10.94 67.3721650000001
21.88 48.92461
-9.169 -7.784985
-0.5823 -9.18408999999996
24.94 34.04
6.588 49.401805
27.94 23.6547300000001
26.13 40.9810515000001
25.71 -2.39916100000002
12 -67.694318
-16.47 -41.7928564999999
-23 -13.24594
24.76 11.052045
15.71 20.53855
-25.83 -62.42478
12.67 -23.380095
-23.37 -0.962494999999931
4.647 37.12361
1.449 11.120215
-6.545 3.40885000000005
-12.9 -14.8217
-21.25 -11.941151
12.16 19.5326400000001
-1.026 -40.8675949999999
-22.42 -79.325597
27.33 4.47720200000007
21.66 56.4362
7.347 29.095795
-10.62 -33.19686
-16.94 13.935825
6.083 40.116
-19.71 -39.741384
-9.978 -10.945566
2.788 44.4087840000001
5.969 44.501685
-0.1625 -1.29063500000002
25.85 -3.81422999999995
23.95 52.945245
6.434 -1.43194999999995
-0.8157 3.80576999999998
-23.02 3.58838999999998
-13.1 -16.1285449999999
3.463 -7.08289160000002
21.77 29.4803
-15.78 -43.906988
3.453 11.84594
-26.24 -51.4076899999999
-20.82 -42.29556
-13.82 -6.02533600000002
-17.59 -14.223015
-3.225 -7.502215
22.78 42.317505
3.68 -0.408784999999978
-0.466 0.728467
17.16 16.41121
-18.13 -14.4041199999999
28.39 34.1399950000001
24.94 55.3035
5.278 25.3580705
16.77 19.610065
23.22 42.2404153000001
1.229 0.366649999999977
1.22 -3.45843999999993
29.81 30.6337290000001
3.056 26.493055
-8.145 6.40779500000007
-27.85 -38.506875
-23.11 -40.6158075
-14.87 -11.5701036
9.019 21.127215
11.95 13.2414
-7.202 8.454895
-28.08 -85.6438949999999
16.43 21.64335
20.73 26.6231800000001
23.63 42.0135600000001
-15.29 13.592315
-12.93 -15.3226585
11.62 -16.399433
3.754 14.3067245
-9.459 9.16379800000007
-9.677 -14.144915
19.88 17.8433880000001
8.238 -13.83985
4.6 2.25185999999998
-9.336 21.0281720000001
-10.76 -6.545498
26.02 79.837922
18.48 20.0087400000001
27.09 45.7308720000001
21.44 -1.52945800000002
-12.69 -14.157389
-28.91 -33.821936
0.6225 -22.7016579999999
-5.602 -26.9721539999999
13.36 -17.397785
-19.98 -37.89234
0.9874 -23.2412099999999
-22.59 -26.3925049999999
-6.635 -27.08874
-18.33 4.57750000000002
-20.9 -36.088002
10.89 48.159295
9.541 -7.47928200000002
-3.69 -54.231795
-1.475 -5.54965249999998
12.93 6.63429050000007
24.66 51.16804
29.25 1.70313120000002
1.798 12.9028250000001
-23.81 -56.955625
-7.603 -34.649785
25.87 46.2538305
-19.36 -44.400589
-26.33 -48.648737
-18.63 -49.09566685
-26.64 -14.0069549999999
-22.52 -23.43335
10.81 29.94869
-29.15 -12.05033
23.42 29.808695
-6.09 21.0213402000001
21.35 24.76626
-8.629 -48.584041
-24.06 -16.600305
4.432 7.045385
-19.47 -27.4884645
17.71 8.59439
23.55 29.1690900000001
22.57 -19.7559775
-16.51 -78.3530709999999
1.937 23.05336
-16.25 -56.8615175
-17.3 -29.440183
8.974 19.52149
24.4 43.265423
-23.97 -19.1962739999999
2.593 10.3279050000001
-1.441 -5.42895499999996
5.844 -5.46662299999993
1.99 -15.063335
-27.67 -50.22447
-13 -50.2969215
-22.95 -73.5914799999999
-8.533 14.211537
-10.1 -57.785945
1.641 11.02243
16.8 -2.83751999999993
-7.865 -66.92673
5.071 11.189125
7.184 19.00467
17.04 33.51341
28.41 37.4553200000001
-27.42 -48.404375
-10.98 -6.11550899999996
-3.097 -3.52718399999993
-8.256 -25.8336399999999
-8.769 -15.996825
-0.8268 -9.39228499999993
8.865 0.0610810000000226
-0.9303 9.74048
17.08 6.66190500000002
25.56 54.0998955
-2.906 -4.9915715
13.09 -8.393632
-15.54 -29.290155
2.064 -0.10219
22.18 -21.16476
-15.39 -159.7897355
0.3815 -12.7764445
-26.97 6.54792500000004
-3.84 62.418455
22.57 33.39162
17.62 16.702286
0.1758 -7.521001
3.965 19.123415
25.37 47.84154
3.372 8.86090000000002
0.345 -3.72543799999998
-8.775 -15.998155
18.47 39.84987
-11.41 22.512015
0.8612 11.39206
-4.547 -9.017355
24.35 44.3772900000001
29.98 55.0616600000001
9.417 30.716908
29.29 -2.13294000000002
1.825 -3.85330550000002
20.83 30.125115
13.11 19.043457
11.55 7.50781800000007
-29.75 -29.7758599999999
-6.23 -22.475046
-17.1 -43.0549085
-21.06 -52.4654049999999
-19.75 -15.463408
24.24 25.345285
-28.62 -51.4054215
-9.941 -7.073285
3.359 29.7472864
12.9 -4.67980500000002
-6.796 -18.52558
-22.8 -59.3170389999999
18.6 54.6454771000001
18.89 14.3987165000001
10.61 27.678604
-25.89 -103.990853
12.82 4.051179
-29.47 -19.7319319999999
-8.659 -22.064092
-17.06 -27.742014
-5.387 -3.10948000000002
2.651 1.07248949999998
-2.799 64.427169
-22.71 -54.716005
-26.92 -5.14071999999993
2.121 41.596095
19.08 13.54601
28.74 -59.10939
3.4 -3.10967999999993
5.773 29.122221
1.443 -48.978415
-24.34 -46.5877325
29.54 55.5286205
2.606 14.597475
-24.38 -15.1549699999999
-11.22 -25.944605
-7.941 -36.706935
28.11 4.95079099999998
-3.749 7.82817999999998
8.032 7.74190000000002
-5.821 0.803385
26.03 11.216755
-14.51 7.11151499999998
26.24 16.4537955
12.21 34.674405
23.15 54.7708685
19.81 1.91719
29.54 29.9303865
22.46 51.1357050000001
-2.361 -1.01327
16.25 4.32809500000002
-27.55 -39.7094
21.58 51.500223
-21.01 -29.35966999
3.736 -7.68032499999995
-7.232 -31.5029275
17.8 32.940935
25.21 -13.170695
1.394 16.02328
-11.95 -36.43548
-17.12 -24.39365
10.69 3.30798350000005
-19.96 -4.88790999999993
-1.258 10.2466450000001
13.21 0.759783000000046
-4.223 -22.1607949999999
-2.848 -11.707135
11.43 14.998195
-24.73 -25.8729665
9.295 26.20561
11.21 28.07152
-7.867 -31.988393
24.89 31.26067745
2.74 -4.53750999999998
6.576 8.51230500000005
-13.64 -13.831611
-23.1 -51.7569329999999
16.75 -25.7270595
-11.44 -26.2338049999999
-5.969 -5.77701999999998
15.58 -1.29110499999995
15.94 13.039685
-27.24 -62.263424
3.338 6.557775
-7.376 9.59682
-0.8856 120.80595
15.9 29.3118
-24.42 -1.13427999999995
-15.2 9.60507950000005
13.31 17.017035
8.043 -6.39226000000002
-27.75 -53.652285
9.28 22.4528060000001
-6.305 -19.322758
-16.51 1.24686399999998
21.24 28.172215
-21.53 -7.96244999999996
28.97 46.4104235
-10.07 -4.91411550000002
-9.515 -11.798675
21.13 172.073495
12.66 11.796504
1.359 -0.222142500000023
22.16 45.9125277
-3.559 -42.799956
18.09 29.304395
19.53 47.9306365
-11.91 -23.3758649999999
-12.6 -35.26924
0.6061 -7.797739
-20.59 -52.49217
24.2 -21.76496385
-14.37 6.48049000000007
6.038 21.268098
-18.01 -37.3121649999999
1.89 1.11623000000007
4.371 32.5100594500001
18.96 38.15096
-17.66 50.8332150000001
12.71 5.18265000000005
23.51 45.67717
-8.385 -3.017558
23.86 122.737265
8.405 14.141697
-19.59 -27.89467465
18.98 27.961205
-24.15 9.92765500000007
-13.68 -31.187275
-5.433 11.465245
15.97 8.97501000000007
16.31 6.16716
14.93 13.1480550000001
21.67 88.01427
3.686 -12.313845
-18.34 -21.119
-7.1 18.420565
9.146 21.7082350000001
7.79 4.86586199999998
21.03 63.0619750000001
-20.38 -48.833096
-12 17.0699516
-15.17 -38.9210751
-5.926 -19.226873
-10.65 -12.3881899999999
-17.8 -26.97317
-27.78 -24.807087
18.29 18.5447030000001
29.23 -9.41211000000002
-28.96 -30.0519935
-14.17 -32.220983
-5.357 4.83604099999998
-16.51 -9.72549999999995
27.81 51.33067
-19.9 -40.9984849999999
19.15 20.2153750000001
8.525 33.4574770000001
-25.21 -26.004699
-5.959 -6.071955
-21.37 128.968503
15.55 37.646359
-5.403 -16.027748
-5.584 -3.38110699999995
25.7 37.8662325
-8.552 -29.645839
17.14 1.07378200000002
5.104 32.580475
29.07 2.819775
23.34 49.6841
5.154 50.2539165000001
24.81 67.705665
-20.58 -38.4280949999999
-23.44 -2.796918
-2.22 0.0954200000000673
4.962 -9.91454600000002
-2.945 7.59570000000007
17.2 1.74537
2.846 -27.050815
-10.71 -37.48375
-29.19 -53.510388
-8.911 6.33778000000002
0.7631 -10.4497429999999
4.478 -2.67159799999995
-6.261 -6.88953299999995
28.04 -38.436515
-4.418 1.16413000000005
-26.04 -20.864055
11.37 15.7501490000001
-5.205 146.2742
24.33 25.067984
21.9 50.877217
-21.13 -39.3170649999999
-20.5 -39.7790498999999
20.87 22.0939300000001
9.946 -10.248045
12.04 -15.2433475
23.22 33.3409200000001
19.44 4.96048000000002
-1.488 -12.8782589999999
27.6 16.480314
-1.084 -13.045101
-19.71 -26.8661999999999
15.61 14.488184
2.819 -8.796703
8.287 1.49174499999998
21.91 41.9863226
-9.801 -11.479835
-15.59 -28.9160949999999
-0.8019 11.156665
-28.15 -37.964973
18.05 45.10024
22.43 47.2255915
-23.19 -11.08224
-29.05 -62.1377649999999
-14.97 -18.261945
-0.9055 -19.07487
28.91 23.30257
26.79 61.303101
-3.542 -1.14169500000002
16.29 -9.355068
19.48 39.8741140000001
-7.041 30.4031053
26.99 51.920715
3.613 -7.21334899999995
-29.93 -94.6883549999999
-6.836 -11.7569955599999
-13.42 -18.9487389999999
-7.433 23.955844
-24.56 -58.9853149999999
-3.859 -13.6708349999999
17.24 17.471103
-19.62 -34.6717929999999
28.56 37.358975
-16.92 -29.711975
2.629 -4.52910499999993
-5.514 -38.8909699999999
-28.27 -32.3573845
-20.79 -36.6287404999999
-3.551 -2.89377299999993
12.85 39.3741240000001
12.69 24.2493
24.99 42.49582
-1.72 -22.094765
-27.84 -41.782335
-20.31 -152.655559
-7.347 11.1540385
7.168 -25.73952
-7.528 -9.33496999999995
0.5336 9.70139499999998
12.6 -13.01001535
-9.596 3.18487000000007
-26.41 -0.0652549999999773
-10.56 -1.99595999999993
29.51 29.29934
22.82 82.744895
25.46 47.67636
23.81 21.501011
-6.058 -8.63265299999993
21.9 28.860205
3.291 3.30733499999998
7.298 -8.04777500000002
-13.34 14.97497
3.049 25.213689
11.41 -34.9166329999999
0.4953 -15.4721424
13.06 13.8866785
-11.55 12.5522904000001
2.43 8.229607
-29.62 -27.5875981
-11.05 -28.88211
-13.82 -14.05087
23.74 29.209452
13.3 6.21345000000002
-4.233 -17.01651
-2.531 11.3980740000001
-23.28 24.9968899
-20.03 -17.04564
0.421 -9.18375
-8.046 -48.6472608999999
0.3045 28.57036
-14.15 23.8144844
11.83 14.10296
20.7 56.2161300000001
-9.105 -18.73454
25.76 244.4639025
-1.464 -24.039896
25.2 57.0936785
29.64 24.582448
-23.06 -28.2114165
-25.55 -28.77521
24.16 52.3169850000001
22.87 4.546075
-25.86 -10.808679
-0.3498 3.85682900000007
-4.089 -12.265397
-13.54 -37.358915
17.39 18.63111
29.24 34.185655
-1.637 10.54003
11.83 11.67746
-12.12 -8.93898000000002
-3.393 -30.004245
9.279 7.950872
3.745 -13.9306385
-3.094 12.44966
0.959 12.16685
-1.653 7.3156355
-21.55 -44.221295
-2.779 -4.65175500000002
28.2 54.334742
8.589 8.62205349999998
-3.845 -10.138779
-4.078 -9.11860300000002
9.648 13.3351070000001
-22.16 -39.0604409999999
23.71 4.58126500000004
-11.41 -8.82389500000002
25.76 24.292741
6.971 -19.6821399999999
5.287 -0.779714999999955
5.913 89.9374650000001
2.556 5.20380500000007
-18.47 -25.7087205
13.97 -4.65789434999995
-0.2101 -25.9094499999999
29.48 24.998775
-13.56 -5.74064799999998
-3.1 -37.97357
-11.4 -19.2121
5.717 31.004765
-9.155 1.69609400000007
-12.89 0.931388999999977
19.17 60.4599070000001
-3.446 3.75868900000007
18.23 27.6456152
17.78 52.3711825
14.61 17.7405850000001
-16.5 -28.680875
1.612 -40.7455149999999
-26.89 -31.4750999999999
15.5 9.539681
25.51 -5.01398000000002
-24.12 -20.414925
2.425 -10.6246
-4.788 8.63394100000007
11.33 4.53794699999998
27.02 48.828075
-17.56 -63.08156
-28.02 -36.6406799999999
-26.4 -9.63410999999998
3.206 0.882795000000068
-4.711 -5.92239499999996
-9.962 -45.694598
-17.3 -55.872798
-18.87 -22.8720239999999
-29 -27.7506049999999
-8.383 -31.2929635
27.39 26.655325
-11.58 5.99807499999998
-23.09 -20.80632
4.091 -9.42555299999998
-19.61 -2.19036499999995
27.83 35.386806
10.49 4.59780500000004
-17.96 -12.69496
-22.41 -17.812447
6.039 -6.88849349999995
12.33 27.07951
-24.15 -15.454703
5.83 -4.37143499999995
11.88 10.78213
-9.236 -12.4714199999999
3.18 -6.48314099999993
-8.672 -53.5008769
12.41 28.7415751
-4.453 -19.1732999999999
12.61 45.13617
-5.52 -52.085171
16.98 57.7846860000001
-7.102 2.71963500000004
-9.141 -32.617862
2.642 24.756379
15.53 15.35803
16.93 21.4949480000001
2.989 -40.403135
-0.193 7.10470800000004
-28.96 -117.89279
11.26 8.93557499999998
-21.37 -33.9697049999999
4.321 -22.35462
3.265 6.13858450000004
13.32 4.02219500000002
22.27 41.6150900000001
-10.33 -5.36937999999995
19.68 -10.6086569999999
25.36 34.960895
-16.47 -56.422236
13.11 31.10456
8.164 24.3870550000001
24.95 17.75888625
3.8 -18.201605
-0.6991 -28.286148
24.89 52.4855900000001
-20.18 -56.5928649999999
5.776 17.914165
-6.319 5.14813500000002
-1.045 2.92145
-28.03 -23.2599649999999
-8.931 -14.707485
1.948 -30.049765
-22.65 -34.994209
17.46 36.848155
13.59 31.064855
-9.579 36.3460650000001
-23.05 -28.8951449999999
26.78 7.42866400000002
14.14 20.006318
9.518 1.168545
1.39 -16.74638
19.03 -11.487556
7.931 1.80229000000005
27.35 9.77403500000002
-20.82 -34.62007
12.16 14.73696
-9.483 -24.0809299999999
-27.75 14.782775
-21.47 -25.046295
-4.241 -9.60443499999998
17.03 32.541295
-3.358 12.8015565
-23.62 -37.0053399999999
-11.87 -38.734072
-25.36 -21.824755
10.47 31.444075
-15.06 -49.9153115
-21.13 -5.63041999999993
-26.63 -48.7772349999999
-23.31 -26.281365
18.87 47.2826990000001
-23.27 -57.060275
-27.55 -58.8911449999999
4.97 6.54838
-26.47 -16.943705
13.06 -10.38266
9.083 10.910965
-29.79 -55.52777
27.93 29.11742
-9.359 -33.53197
-18.72 -22.469294985
-16.06 -35.402955
23.16 42.5850545
21.83 15.41684
9.894 18.588569
16.56 -39.6533745
21.42 62.2370751000001
25.57 34.810705
-12.55 -29.386482
-24.96 -54.3644889999999
24.21 53.84065
23.96 18.32003
-20.72 -37.161075
12.34 -8.8719355
-12.5 -20.711528
-4.974 14.4466825
-2.026 -72.77737894
21.11 39.53714
-13.38 -39.13917
-21.33 -23.2701045
8.204 11.56561635
-20.94 -2.98398000000002
-18.01 -52.03575
12.25 41.341775
17.35 16.88348
21.4 36.6647245
21.02 8.01554700000007
1.905 11.115425
16.05 55.554172
-12.37 -46.2622719499999
-4.775 -25.017118
4.892 3.23783000000007
4.195 -11.59017
-0.7135 -3.22888499999993
-16.32 -35.184664
-4.824 2.90881000000002
-16.21 -47.9660489999999
27.73 61.2895
26.56 22.63321
-29.09 -55.228185
-28.63 -29.23568
27.02 39.50588
-23.45 -40.075823
-5.204 -0.890912000000023
-13.39 -21.697875
21.22 20.9307815000001
-18.91 -77.8984899999999
-7.213 -8.46277000000002
28.39 46.278563
-3.783 -34.944345
5.3 8.89725000000005
17.44 3.13718000000002
20.64 -7.71619399999993
-4.468 -3.00361500000002
21.68 28.4017000000001
-10.93 0.9318954
12.51 23.1616080000001
-24.43 -11.605605
-12.36 -17.6177389999999
-1.915 1.55113
19.23 34.855035
21.25 28.25116
15.5 20.56033
-2.39 19.2721960000001
11.65 52.54172
7.233 11.49721
21.24 23.43157
-0.09381 -51.576509
26.39 3.99703
-15.71 -12.7774759999999
-29.76 -28.833827
11.02 1.31424900000005
5.859 -4.06377
-27.91 -56.364625
-15.69 -14.646275
20.98 31.192335
-11.04 26.36913
21.58 21.685815
28.41 -4.23237999999993
22.91 47.3729100000001
16.6 52.684968
17.34 22.940245
-15.77 1.60071499999998
-2.38 17.3621350000001
14.43 -0.481069999999955
-5.193 1.24982500000005
-19.25 -12.704515
5.082 2.03374000000007
19.85 15.4564900000001
13.14 -7.019372
8.722 -19.4823574999999
-9.337 -6.60283489999996
-3.884 -6.28120359999993
2.399 -23.035935
-24.86 -25.63509
-10.38 -11.274545
22.98 13.60916
22.26 14.911697
20.91 8.55361000000005
6.827 1.82597000000007
-26.35 9.85201000000007
-29.55 -18.290933
5.341 26.033251
10.58 30.5765665
11.31 7.69086960000007
-16.64 -14.3953193
-2.565 176.033275
-11.82 -9.700915
11.8 12.31207
19.96 10.317975
13.02 -67.5675695
-21.7 -55.709246
27.33 27.004295
12.65 8.97115
10.08 1.85083500000005
29.24 42.7625
-9.754 -27.179907
19.14 20.442665
16.57 14.7302195000001
-7.115 -18.8509349999999
-16.56 -7.35367303999993
4.714 -6.98189999999998
19.75 39.603015
22.01 14.073425
-3.764 30.0647500000001
-22.93 -30.04793
-1.603 -13.10797
-4.371 -3.03976499999998
9.689 9.87746000000007
15.78 -12.15212
-19.5 -39.5489862
8.415 -19.098692
-14.34 -45.8868706999999
-2.898 -6.75044
24.1 27.274155
-7.446 -4.60128500000002
6.696 3.899885
-0.1993 24.073437
-17.83 -14.560873
-19.58 -58.9265799
20.27 12.577635
18.27 19.1218150000001
23.84 40.2168450000001
26.6 29.603625
2.701 -9.15347499999998
13.24 -2.8325655
19.49 53.969015
17.98 6.38977240000007
-14.48 -7.56010500000002
1.97 -24.5544734999999
24.65 37.57492
3.75 0.686659999999977
-25.57 -46.030314
13.44 50.070613
29.49 14.59338
-21.43 2.61678000000002
18.42 14.039459
-11.49 -7.96121999999998
23.08 28.055195
23.13 41.7467265
-29.77 -9.21113499999995
27.68 9.221525
28.98 28.24457
-18.53 -40.11308
20.98 32.998457
-17.75 -29.31034
-1.441 -4.691943
-18.9 -34.1551329999999
14.33 39.06111
5.944 -18.827945
22.17 29.286045
11.03 -1.44516500000002
5.394 38.789113
-7.036 -26.3095799999999
-9.617 -12.739795
29.34 21.4607905
-21.33 -11.754825
1.652 -5.28353
11.16 -27.25313
11.9 3.96994500000002
4.207 -7.11814500000002
-10.65 -8.93116599999993
-23.05 13.0754
11.66 4.71232449999998
26.3 7.21133500000005
-2.52 6.38924500000007
8.438 46.16701
0.6663 5.906575
-4.015 -20.615853
14.74 5.98342999999998
-8.996 -82.82749
0.3391 -14.7790949999999
28.11 29.034455
-9.148 5.27943500000007
9.449 15.459715
1.494 -15.1082619999999
-13.94 -51.45948
23.29 30.290735
23.44 57.192243
-22.48 -60.085425
-12.98 -17.23721
23.88 9.79808449999998
-20.3 -28.75982
8.649 5.08060000000002
-19.96 -30.8398689999999
-15.98 -41.5475035
-18.77 2.03197500000005
-7.666 17.192304
29.8 36.596766
27.95 28.5636600000001
13.03 34.4684500000001
26.23 43.732283
16.74 44.737755
-2.814 -15.780695
20.02 32.85317
1.039 13.487395
17.51 49.0207369
22.09 30.356666
21.27 -2.20756999999998
-25.17 -28.20701
14.35 -0.247367299999932
-25.7 -28.7419566
-11.58 -55.05948
25.5 20.6754000000001
6.898 -6.46513499999993
9.926 21.818576
-9.147 -64.66227
-9.756 -13.56767
10.2 33.782041
-29.18 -3.64916799999995
-21.24 -3.23706749999993
-7.44 -27.92190895
-18.02 -26.606379
21.67 42.254725
-3.925 -29.585115
1.641 3.37708400000005
28.86 29.083794
-17.14 66.858006
7.659 -3.01532499999993
22.73 25.695508
-14.14 -81.13881
0.2481 -12.7380279999999
27.82 16.300105
-10.28 -9.9947966
-9.402 -11.3348795
2.222 8.49607499999998
-3.416 1.10573500000002
20.28 32.89509
6.155 45.468123
-9.409 -20.074765
-16.46 -43.362675
-27.82 -38.533765
11.35 27.450691
29.76 57.97205
-0.6282 12.747635
18.82 51.883183735
-28.07 -26.66688
-15.9 -26.6177299999999
-16.85 -55.4773099999999
-21.65 -48.0485919999999
27.97 20.96016
-23.85 -0.563675999999954
14.03 18.15462
-14.55 -43.0458429
0.6697 -4.749985
-8.825 -7.77838499999998
-20.24 -5.10397999999993
11.68 18.6042330000001
2.857 -8.43559999999993
-5.826 -21.971226
13.99 16.3120505
-14.93 -6.57684499999998
-4.858 -8.19526500000002
3.89 -6.20401699999998
-11.27 68.50648
16.8 42.5531250000001
8.465 19.2514300000001
-13.23 -18.9408249999999
24.31 26.2173215
5.276 13.971965
-18.47 -24.820365
21.22 25.85797
-4.519 -48.52671
15.89 3.72891600000002
15.89 4.817025
21.31 47.9029338
-4.981 7.06864500000005
11.46 16.3510050000001
11.85 2.153405
15.77 28.778425
-8.722 -42.4684799999999
21.36 11.5060950000001
-29.31 -48.6170537
-15.94 -51.2444
7.838 -1.40934099999993
-26.99 4.76922500000007
13.59 29.6681618
3.251 -1.480826
-13.88 -42.189995
-19.69 -40.452155
-3.305 -27.88801
1.98 6.22735699999998
-10.87 -6.11577999999993
15.26 60.9621845
-15.84 -23.473715
21.27 34.5927992000001
-6.165 6.01959000000002
3.688 20.358835
23.53 33.595745
23.26 8.15879749999998
-2.65 -5.81901499999993
25.51 49.9193557500001
-1.123 9.503515
11.74 5.83558655000007
26.33 34.772775
-16.88 -25.808495
15.23 16.77658
6.837 -1.08176000000002
20.9 15.093161
-13.6 0.279993500000023
27.72 55.4579900000001
3.444 32.1511600000001
-28.34 -23.199725
21.62 53.785165
24.49 25.94997
23.88 44.79361
-0.7501 -4.31830499999993
8.556 -11.00588
25.87 18.6779810000001
20.18 17.4235200000001
-26.96 -70.590405
25.24 34.76065
1.22 23.2304350000001
-4.162 6.01504000000002
12.33 43.8224350000001
9.42 -6.96504129999993
-4.76 -11.51747
-6.7 -115.483823
-23.77 -38.30834
-17.19 -42.7003349999999
22.84 25.494664
-16.47 -7.08094999999998
20.06 -0.281074999999953
-11.69 -26.3257149999999
28.97 20.33943
14.67 -6.44688500000002
2.103 -13.284715
12.11 -0.322954999999931
25.44 30.94906
22.95 59.4968390000001
-23.98 -26.9351399999999
-22.4 -21.764445
-15.67 9.42239999999998
20.87 -6.17902999999995
20.75 41.3579800000001
-6.088 -17.19956
13.07 4.15718500000005
-9.404 3.99963500000002
27.4 69.9812550000001
17.6 22.046415
-23.63 -51.082892
-20.87 -78.588762
-3.999 -28.977185
24.69 37.93634
0.4732 -2.45123999999995
-7.178 8.77593000000005
9.921 16.21966
0.03159 4.55080000000007
26.12 35.3704945
-4.562 -16.1939449999999
-17.39 -11.291015
-20.54 -35.731085
-2.32 16.9600670000001
9.588 -0.434515000000023
-6.234 -2.576365
-9.052 -33.29407
17.67 19.6139205
-2.17 4.31157833499998
-1.084 -2.98488399999993
-16.77 -19.85913
-8.791 -45.413381
-9.889 24.7989665000001
-15.93 -11.0589144
-16.68 -22.966025
19.72 20.14994
25.17 24.18608
10.68 -4.40464500000002
2.47 -14.18845
-7.47 -15.949075
0.7099 9.51192200000007
-16.33 -20.56277
-3.863 4.86348500000002
-25.49 -18.1536049999999
16.5 22.678169
-26.28 0.324545000000046
22.5 24.395675
28.44 58.09099
-10.55 -1.26732799999993
1.977 23.724925
-10.93 -20.886958
-13.31 -37.191893
-7.918 -17.6848184999999
2.16 10.40289
21.26 56.4239070000001
7.485 -165.215685
-8.22 -3.12277999999998
19.3 29.7826800000001
7.945 -3.88208100000002
-29.09 -66.34227
12.7 -1.32537
28.52 34.790975
-0.2119 -54.1237279999999
-0.3874 -24.1520899999999
-26.87 -46.3756739999999
20.64 22.43737
-23.35 -52.55404
-21.21 -18.126705
21.14 -12.51578
4.876 -2.86846600000002
-6.821 -53.940923
2.724 29.8321000000001
24.35 46.244683
2.298 -12.801495
4.704 14.366728
-16.93 -12.912011
10.83 32.703366
-25.21 -8.85442500000002
17.6 6.26662500000007
12.08 49.0711743
25.79 -3.81124149999998
-6.974 -10.20908
6.318 5.16170949999998
20.04 26.2556560000001
-4.335 6.845245
5.293 -8.51705000000002
-11.99 2.11189600000005
7.404 -3.26094999999995
29.38 22.988305
-19.13 -2.68527040000002
15.84 42.1608850000001
-5.066 13.8369300000001
-7.225 -7.16075199999993
-6.703 1.46864500000005
-8.533 -41.089355
13.28 30.22949
-14.23 -18.975893
11.15 14.499782
-21.06 -49.602365
14.93 14.1798800000001
-7.348 -2.03133199999995
-12.29 -6.606225
17.07 24.099685
17.22 37.8697
26.86 18.8514150000001
14.25 90.460801
13.5 -11.795905
29.82 23.8741488
-15.56 -43.84354
21.26 39.472415
-1.314 -12.92325
28.87 23.33215
-10.76 -17.373871
-21.33 -38.954305
16.31 -7.0006885
-1.819 1.90271700000007
-15.11 -15.109928
-4.977 -5.00509049999993
-12.59 36.225115
-0.3877 10.693085
26.04 5.90634500000007
-18.6 -13.268655
7.108 12.24039
22.16 66.544392
15.12 -14.315125
-6.098 -8.14020000000002
-8.943 -14.13944
-15.83 -50.935915
23.81 27.601305
27.93 38.769135
10.56 46.661565
2.56 2.49900640000007
-9.984 -10.75871
10.32 27.768055
-9.349 -13.84685
19.28 12.93422
-10.71 -13.3745077
15.52 74.8492975
14.8 13.2211183
11.35 25.10617
10.8 42.44739
-28.21 -26.033645
6.967 14.521941
-28.57 77.6898550000001
2.682 54.41812
-0.6334 10.491305
-4.145 -17.3499439999999
-5.166 -31.3563773
-2.02 -41.782553
-25.96 -33.2459549999999
8.128 22.3016095
15.93 19.7065975
15.07 7.07244810000002
26.08 23.0106478385
13.39 20.9666500000001
-2.708 -20.3715195
15.1 15.31062
-10.86 -19.07785
-10.64 -22.7248819999999
-24.65 -44.250385
22.43 14.75068
2.191 82.34587
17.63 10.5814050000001
23.38 27.657525
7.195 -2.29627
-0.1325 -17.56175
-19.42 -29.3759927
26.08 22.03473
-28.2 -22.93735
-12.15 -38.64126
8.672 -26.83643
-24.81 154.155688
10.09 0.835710000000022
22.63 47.614915
-23.22 -20.52165
3.024 11.2182485000001
14.34 39.553355
17.43 42.84064
-6.661 -22.9464499999999
-13.84 -11.11578
-18.06 -24.0630149999999
-15.61 9.92271
27.68 25.618775
16.1 6.91493500000007
-16.48 -26.2938
-10.02 -32.630631
17.71 11.902915
23.21 29.629078
-10.37 17.415222
-19.6 -10.5494509999999
15.05 8.80571000000007
-0.2902 -10.9636749999999
-19.5 -31.39446
22.35 11.5968800000001
-25.21 -31.818068
-26.58 -36.165228
-10.11 -7.715695
-20.05 -35.368112
-14.55 -54.336989
-13.88 -24.749805
-8.358 -7.64154699999995
6.009 31.3097645
-23.35 -31.495965
-12.24 -12.745265
15.13 21.7853243
25.04 28.962845
-10.16 -25.5890029999999
9.482 31.892691
25.19 22.044348
-4.338 -0.705381499999932
20.48 23.339989
1.243 6.18285349999998
-10.75 -15.92097
-14.68 16.217486
16.57 -15.733885
-15.39 19.277675
24.85 35.638799
9.277 9.22237600000007
23.48 27.3819800000001
20.8 58.5629700000001
16.29 38.4489555
-16.01 -14.9389689999999
-15.48 -29.354268
1.644 5.35743
27.08 21.1140345000001
-2.561 17.0823350000001
-26.08 -22.808235
1.704 -18.7216249999999
-27.83 -22.5066425
-3.623 10.026385
-24.01 -39.311635
-12.53 -16.9429549999999
-11.92 -33.702101
16.65 -6.330588
6.14 19.09306
-16.68 -9.76595999999993
-18.52 -47.83287
-13.31 -12.7314054999999
-22.27 -28.246772
28.19 53.873645
2.914 28.794305
23.32 18.796674
-24.23 -42.030315
17.15 -0.637549999999955
3.706 30.87585
-9.868 -20.547698
11.34 6.303621
25.97 38.091865
-8.339 -39.326823
-2.17 -3.05650699999993
-12.77 -11.22164
-20.01 -17.773328
1.174 11.70636
-4.774 -9.27944499999998
-21.48 -25.384035
11.29 45.7638
4.754 8.35670599999998
-10.47 -44.28611
-6.053 -5.56065500000002
7.011 14.4142505
4.293 -30.114735
-24.09 -6.37971999999998
-21.03 -16.9041709999999
-22.21 -9.47617099999998
9.175 -3.58969000000002
17.46 25.920265
-6.253 44.2902400000001
23.77 -4.035005
-29.39 -34.925455
28.65 47.177795
2.402 -13.446945
12.23 47.123205
-10.2 6.86132999999998
4.172 -3.65042499999998
-14.65 0.931289000000068
9.623 25.7197390000001
-4.899 5.12319000000002
25.46 16.569535
6.609 33.3806850000001
16.95 25.9540367
-23.11 20.645303
-10.73 -13.128346
6.204 109.674095
-23.41 -27.3440285
15.56 4.63882500000002
20.05 50.25682
-21.52 -38.540815
-0.5584 -33.0075415
28.29 44.58714
-13.09 -34.006555
25.84 33.7010700000001
10.01 -7.33925699999998
-6.113 5.03172
-11.93 -8.05827499999993
-18.9 -28.085815
3.558 1.34450000000002
21.89 47.828255
5.342 -14.430645
-16.46 -48.5075967
-4.18 -24.5654458999999
-7.067 12.553235
-8.373 -10.1700609999999
11.93 9.45707150000005
6.303 3.34496700000005
11.89 -7.56433499999995
-25.9 -2.10118499999998
-12.7 -18.38734
25.12 3.78692200000005
-11.25 -55.744165
-12.13 -15.90422493
-3.52 -19.111164
-2.04 21.1367065
-14.87 -4.97398499999995
-6.944 25.88891
-0.6874 -18.46806
-4.742 -13.96126
-5.225 -22.6646115
-21.84 -46.63582
28.14 57.16289
2.282 11.5961050000001
2.886 13.7200075
-21.91 -15.883725
-15.93 4.41882000000002
14.79 26.868955
22.78 -12.2920675
6.57 44.7819400000001
18.31 20.70301
7.276 14.939255
-7.834 1.76126000000002
8.101 -4.34091999999995
-11.61 -46.909405
27.97 43.067795
15.37 17.80415
-20.71 -25.132235
23.25 19.982251
20.44 32.07238
-0.03137 11.68064
-17.21 -59.651795
-12.07 -24.8612999999999
7.191 -5.76651999999995
-20.81 -13.85069
6.436 1.57836900000007
-19.02 -28.2055
1.398 27.777265
-24.31 -78.599585
15.09 36.523813
-15.9 -17.083025
22.06 8.66701500000007
-22.38 -49.499945
-23.63 -29.837655
3.638 -17.28186
13.57 50.430365
-15.96 -62.18873
-23.07 -37.91278
7.173 16.487363
-2.11 -37.08806
-17.3 -18.1042069999999
4.822 -4.17799000000002
22.62 26.4278000000001
-28.67 3.98641500000007
-14.61 -37.28983
25.59 29.90505
23.68 9.42399000000007
27.44 -8.37717899999996
26.74 43.46917
11.43 -9.77183099999998
-29.42 -41.0309999999999
24.23 13.296195
2.255 12.57997
-27.42 -73.522297
14.88 55.7934
-12.72 -30.833235
-0.4288 5.26001
-23.33 -12.08567
-24.22 -44.6374099999999
-15.86 -26.003509
4.559 4.91517499999998
-6.403 -25.2633
-18.64 -56.240446
-13.55 -4.66901500000002
-5.058 4.14861600000005
22.53 -6.01114999999993
21.83 32.497569
10.58 8.94853000000004
14.82 29.211805
-27.25 -31.514145
-1.295 -4.76425099999993
17.2 44.3597750000001
25.95 23.6672100000001
15.65 -4.17388999999995
-5.986 -12.854
21.14 -7.79379873999996
-24.32 -39.52216
-15.65 -30.332475
9.52 43.384187
-26.37 -32.104389
20.76 68.530977
16.53 22.13601
-11.59 -40.012475
22.96 14.161205
-7.185 -47.128914
-20.49 -49.425381
-11.33 38.652627
15.31 9.39512300000005
29.67 -14.825631
4.14 -23.7145228999999
23.07 61.20851
-6.874 -47.8333734999999
1.573 0.768712000000023
25.27 39.60118
-10.61 -10.631605
-13.65 -46.10294
19.12 39.404643
8.293 18.8512453000001
14.24 4.23646500000005
15.89 14.041025
-12.97 -37.7457479999999
13.86 3.04637700000002
-5.861 -2.97889499999998
-28.93 -17.0978649999999
12.21 -27.4673555
26.57 -6.53791000000002
3.863 -15.62597
-7.798 -6.39389399999993
21.42 -1.821655
27.72 31.586525
14.07 17.9475345
12.67 17.777165
-10.52 -18.183221
23.58 19.74064
-15.91 6.24310500000002
-1.503 1.56807499999998
27.62 27.0400280500001
11.3 14.1583960000001
-22.65 -14.24984
-14.17 -19.3677859999999
23.72 -2.66944699999998
6.582 -7.36293000000002
2.138 18.11163
-3.877 8.87298500000005
-21.43 -16.04858965
14.26 19.014045
15.02 3.05731500000002
13.9 15.15292
21.77 15.97332875
-1.802 -12.7665099999999
-11.3 -20.6528199999999
25.11 26.0438335
-24.94 -27.96156
22.93 61.853625
-21.75 12.304475
-27.18 -10.4077999999999
25.48 81.122369
1.46 28.146425
20.93 8.04349
-21.71 -15.84121
-14.56 33.395794
15.14 6.14790500000002
-20.06 -27.5632
17.9 45.692265
25.8 9.06778500000005
-3.558 -5.02357999999998
-13.31 -5.22026500000002
-6.184 -37.8066
-26.09 -4.26105399999993
-25.33 -31.40747
6.634 3.91521000000005
-1.697 2.28464350000005
2.517 60.01618525
29.98 33.108887
-17.96 -18.698935
11.45 1.45358500000007
-4.268 -46.5702413999999
5.855 -0.681405000000023
12.39 -34.9831199999999
-24.45 -66.356199
-2.911 -30.62323
17.9 36.0859500000001
-19.63 -17.4914742
1.68 -18.6933469999999
-26.36 -18.38085
15.92 -2.23101999999995
-29.29 -24.182255
1.525 1.24909000000002
24.76 -11.777911
28.67 42.213773
13.94 -6.25966500000002
23.24 47.712389
25.92 55.59249
9.178 -11.0248449999999
-1.014 -8.37161
7.892 2.35433
26.08 17.515825
-25.7 -17.23767
-7.951 -22.22779
10.34 15.348743
21.58 32.359305
-22.14 -22.11461
-16.9 -40.216843
6.069 13.5811582
-8.244 -54.229425
14.67 40.801937
-3.879 -5.535105
20.46 9.19015449999998
-2.334 18.01848
10.7 5.52158200000002
20.86 45.5157965
3.435 -23.8977945
-22.63 -48.7135493999999
-9.018 12.95384
28.49 38.7674116500001
-18.91 -51.243026
-13.73 -38.350645
-3.416 -9.31681000000002
21.81 17.05666
-12.66 -26.928385
-15.83 -67.632815
-10.37 -7.968545
28.75 29.912465
5.579 18.419525
-16.02 3.97402499999998
7.742 20.186285
28.49 36.63421
27.17 -9.90882099999993
-25.89 35.64406
24.81 12.052075
-8.747 -37.894555
-6.956 16.9706150000001
-16.19 -25.4651
17.98 8.56330499999998
-9.102 -14.66049
3.773 -1.90193999999993
-7.598 8.36128499999998
5.839 17.57377
-6.774 -14.183498
-2.922 8.13137
-4.618 -4.24737259999998
19.85 36.148647
29.65 54.38428
-20.47 -42.44496
2.525 10.01298
-1.459 -5.77821499999993
3.634 -101.44413
-1.204 -25.50398
27.5 63.440168
2.924 8.81266000000005
8.12 0.889825000000045
-29.38 -50.242825
19.59 24.3482499
17.48 18.871454
8.007 4.921575
-16.75 -14.519879
0.9616 0.444488500000045
-21.63 -17.29747
-2.291 -11.6361199999999
12.1 68.7805995
-10.29 -14.6369819999999
22.63 56.143935
29.68 13.05121
-10.56 -51.393055
7.696 4.01033
24.23 2.63476500000007
17.28 7.62367999999998
-7.586 -31.2403119999999
27.61 -1.79350499999995
-8.284 -61.973205
-26.13 -38.6818799999999
28.14 51.9488315
-21.6 -38.8753849999999
-11.75 -61.68954
-28.6 -21.9167448999999
-18.24 -34.217246
25.76 50.382125
-14.76 -8.72443264999995
-20.55 -14.19207
-27.92 -62.748145
12.27 33.7154245
-11.25 -34.51496
7.136 -1.44984699999998
-13.26 -48.8201599999999
0.6902 0.877740000000068
0.7479 19.2971810000001
1.536 18.348481
-25.24 -21.621725
-4.282 -11.654045
-13.22 -41.9896655
14.26 25.55689
-17.28 -9.08154999999993
16.03 47.468415
23.22 42.580645
23.4 -34.0938249999999
-21.12 -64.8360649999999
-26.24 -16.3305999999999
13.67 27.83816
0.4097 11.5001705
-19.12 -3.63023999999995
12.69 22.798021
-26.49 -18.3397264999999
18.68 14.73131
-17.71 -37.199815
28.98 42.8934050000001
13.43 18.988579
-28.8 -42.02665
12.37 24.712275
-19.4 -48.047626
5.967 7.32772000000002
1.92 -78.151828
-6.385 20.021927
4.861 0.659640000000023
-16.86 -7.37703399999995
18.24 12.41848
9.353 -19.524598
1.547 22.6310050000001
-8.98 -28.952785
8.525 19.7754
25.37 1.71092440000005
25.43 20.553451
10.28 10.06815
-28.29 -23.6326345
21.8 31.38067
16.56 39.4846265000001
8.729 10.8520180000001
28.57 -25.2169575
-5.428 3.53808750000007
4.475 17.30433
20.1 -2.06095700000002
20.23 -1.895312
20.69 -17.138959204
16.85 59.42389
-3.455 20.568085
-24.91 -23.92516
4.64 34.2795500000001
-17.89 -20.649685
28.03 5.27887000000005
-9.14 -11.750623
-11.47 -26.2589399999999
19.05 24.7898027
-7.44 -1.56241500000002
-13.42 -52.457836
14.89 48.3076
29.45 35.046221
28.69 -11.173774
19.5 11.34581
7.936 32.29759
20.81 12.751293
13.62 22.967795
-12.15 -2.0127018
-7.368 -3.51656299999998
-9.092 -37.491615
13.94 12.5367575
-29.27 -25.265415
-6.117 -12.1110635
-26.85 29.3802900000001
13.74 23.239155
0.501 -4.725165
29.14 22.1358245
13.23 25.12078
2.461 51.5447845
9.333 -12.3909949999999
-9.314 -7.66886949999993
15.79 43.623485
5.16 7.40401500000005
0.01537 22.07674
24.35 9.14973920000007
-12.07 -0.504434999999954
-12.98 -132.09342
-18.01 23.851375
9.345 34.9130350000001
-18.86 -1.93125
-23.47 -33.011238
28.67 15.53869
-26.05 -31.321635
-12.08 -4.30340999999998
27.92 45.36285
-29.69 -22.7742635
28.85 24.0658315
-10.74 8.47854000000007
-15.24 -14.89117
-21.11 -82.5497762999999
1.829 -41.3753309999999
-11.16 -31.122305
10.69 -6.15833499999993
2.563 -46.2279149999999
25.1 44.90161
13.98 22.82828645
0.4594 -24.2923885
15.64 86.960647
26.75 17.89717
-26.18 -9.05600179999995
4.704 10.555846
20.93 18.0698350000001
-21.93 -48.650839
-25.22 -0.360609999999977
11.85 30.96366
-0.9275 -20.14114
10.48 -24.544181
-27.94 -32.4548499999999
28.33 66.23098
13.16 7.56045500000005
-13.18 -31.077
19.55 15.608206
15.71 42.479883
-25.76 -27.34646
27.29 44.4630180000001
5.038 35.68266
14.92 25.291675
-10.25 -21.156662
5.799 27.8989
22.91 71.665893
-11.99 -33.5280855
14.36 19.388565
10.42 66.0592600000001
3.67 11.40142
1.233 6.18256399999998
11.33 27.30048
22.92 6.22205000000002
20.99 1.18815500000007
-0.5382 -12.106205
15.7 55.5034250000001
11.28 11.526693
23.65 37.932294
17.7 27.4038400000001
23.02 12.689671
17.21 26.131715
29.8 33.4070115
-5.347 -14.625935
-19 -24.072867
10.86 15.7822600000001
-4.96 4.43554700000005
26.42 14.4609600000001
-4.412 2.28504000000007
-1.365 6.242724
-12.29 54.6891350000001
24.52 18.6843
-1.739 -24.7709849999999
13.85 3.64052900000007
16.66 24.552645
22.86 18.894675
11.24 12.463348
-1.4 -24.81821
-24.7 -19.985661
23.85 13.32099
23.18 64.8292950000001
10.63 7.21102050000002
1.784 12.747523
17.83 8.577927
-24.77 -74.73546
-28.34 -66.7315
6.359 15.1827618
-9.739 9.43647000000005
-7.914 7.65670940000007
-14.61 -17.28559
-16.77 -19.9440849999999
-10.49 41.191181
13.15 36.401681
7.84 20.4879750000001
18.54 31.443008
-2.071 13.398476
15.88 52.343238
4.553 9.82774499999998
18.89 53.2846250000001
21.79 33.34311
8.287 28.45369
-6.3 -25.020055
-18.44 -8.17018499999998
1.712 0.568780000000068
21.57 14.475335
0.2917 18.2783800000001
7.199 12.4121000000001
19.69 12.4652200000001
6.761 -3.35761819999993
-21.96 -50.7545319
-7.225 1.872045
-20.53 -15.17947
-7.767 -9.44347449999993
17.41 18.360675
-11.08 -9.16189499999993
-29.31 -62.951426
-16.95 -17.37886
-23.38 -34.406455
-1.337 0.0438850000000226
26.83 34.54263
21.09 22.961445
16.86 87.8236575
1.825 5.29272000000002
15.53 10.53382
22.44 15.85953
-13.56 -15.2436334999999
26.83 57.8854550000001
15 39.99467
24.33 35.564325
28.2 33.7661655
-6.205 -25.061385
12.24 70.4611138
-2.642 3.70852900000005
-7.672 -30.44136
-8.72 37.737225
-5.854 -19.69895
10.82 4.645495
-5.321 21.8309600000001
-14.85 -73.8303
-21.82 -15.3653085
2.486 5.87823500000002
-29.77 9.99454000000005
29.07 -75.0248819999999
11.3 24.4290915
-21.58 9.41037500000002
-27.28 -14.352395
-0.02367 23.493505
9.952 5.56995
1.91 7.78601499999998
-15.41 0.655015100000046
-25.72 -12.12203
0.7836 -10.886063
-12.81 1.31879499999998
-21.7 -20.0953145
0.531 -4.437785
27.67 27.87741
15.31 50.808615
19.1 51.026164
5.079 16.7350465
-8.854 10.643645
-1.696 11.821035
-17.79 -17.880875
14.47 -2.033251
13.16 -8.37391499999998
-29 6.04316200000005
21.91 43.314974
-21.85 -13.4110002
-21.98 12.29662
24.58 48.90059
15.42 58.347418
-10.04 -47.6738199999999
29.01 31.878145
8.691 16.45709
-26.53 -21.7071389999999
16.4 20.5606505
14.75 24.74549
-9.464 -27.4756499999999
2.425 6.81206150000007
29.62 17.027455
5.089 -20.156422
-0.5891 7.560129
-1.728 59.7588900000001
11.33 18.3216500000001
-26.16 -20.998745
4.207 22.09986
17.17 19.666455
3.446 21.5715175
13.57 43.7800225
17.85 18.1569525
9 -6.16592999999995
-15.66 -39.8448349999999
7.35 53.45286
-27.19 -50.37806
-23.13 -14.0155612
-8.058 -74.36929
-29.06 -66.8263445
18.09 32.195426
18.14 5.33065000000005
13.81 -3.24243499999998
25.61 42.974153
-22.87 -24.85585
25.58 51.8071950000001
22.45 50.792877
9.529 -15.993727
-1.388 -4.90500250000002
4.1 18.1111965
-5.724 -56.5118369999999
19.67 25.73684
21.17 62.329085
-0.7732 11.7530575
17.01 50.5846200000001
15.79 15.8377975
23.91 34.113365
18.51 5.02948499999998
9.015 1.03676000000002
12.93 -6.13964899999995
20.51 13.7438500000001
9.135 21.581095
18.13 1.82567999999998
-26.27 -25.9693549999999
18.76 25.3887157
8.346 -6.18776499999993
3.455 18.3170550000001
-20.19 -24.29078
19.87 8.76544500000004
-25.93 -48.61251
-19.73 -33.4887
29.24 16.1083855
-11.38 9.1364
-3.861 -21.775262
-2.642 -7.84327499999998
25.67 52.024225
18.23 24.2733050000001
-25.99 -1.33736
7.503 10.933695
-16.25 6.761465
-5.691 -12.06262
13.19 6.66961000000007
-19.19 -18.9797399999999
18.76 51.533843
15.32 -7.56779699999995
21.74 21.266895
-21.26 -11.553055
2.004 -23.373943
25.14 54.33506
-19.2 -22.2597132
24.5 73.319495
0.9401 10.379625
-20.34 -6.48774499999993
-17.71 -29.489065
14.2 18.089682
23.11 0.117390000000046
-7.015 -27.7431
24.52 19.22218
-12.32 -23.360305
-20.96 -13.994925
-20.97 9.01536000000002
-0.1504 11.278238
-14.76 6.50097900000002
-12.67 -2.1847305
9.866 25.521125
-27.89 14.6070930000001
-23.21 -11.52758455
11.95 52.867788
-8.376 -16.509489
15.41 24.44227
15.2 14.550069
-12.34 -20.55033
17.24 24.536091
-17.26 -21.1570139999999
-29.39 47.987485
-12.38 -31.930495
24.39 54.090976
5.623 14.2634535000001
-2.771 -6.773865
-20.39 -44.5415419999999
-9.858 -9.83129199999993
-21.61 -15.126915
-19.43 -36.371945
9.489 -1.33577499999993
-22.45 -50.5343015
-9.287 4.622958
1.508 61.405876
22.32 -44.289673
6.525 -21.658881
-22.28 -27.76121
-21.63 11.811355
4.308 13.215628
4.342 -11.16473
-29.28 -11.2598999999999
3.555 20.137295
6.398 33.6667150000001
0.2311 8.21812499999998
15.83 24.047963
5.187 54.355518
22.7 11.601644
28.61 28.6587825
-0.675 -10.867593
28.13 23.28705
-17.38 -0.756860999999932
11.31 -6.51521499999993
-12.9 -36.5902349999999
28.62 37.37423
-6.207 -18.5716
15.64 -119.944032
23.14 79.6738245
-16.55 -32.501175
-0.6067 4.69667000000005
22 11.6163782
-7.282 -3.06829999999993
28.55 0.565810000000023
-22.12 -64.0520055
-17.07 -22.991273
22.17 38.678685
6.88 0.0278984999999772
15.36 18.7632550000001
-19.43 -56.32939
-0.5622 -11.792549
-14.29 -36.2803449999999
28.04 5.29238400000005
-24.48 -49.996125
-21.01 19.554662
-13.74 -15.52544
-9.142 2.90080300000007
10.09 16.3438305000001
7.006 11.92748
14.25 30.201595
7.963 -1.42870199999998
-29.02 -49.3479595
-7.461 -31.03447
-15.99 -8.37729499999993
-7.458 1.36029000000007
-17.21 -45.370342
11.89 36.9762762000001
13.22 9.64865800000005
-23.41 -29.676045
-1.841 10.553426
-16.64 -2.01372099999995
13.79 48.7154
15.31 29.8154430000001
1.456 31.204796
-27.5 -41.902576
-19.16 -44.25003
17.31 -3.35448049999998
-14.9 -7.11953999999998
-5.422 14.2452400000001
23.59 33.6227085
7.796 -3.91162699999998
24.11 27.805382
-18.6 -0.677064499999932
-7.764 -65.1058703
15.42 -8.23301949999995
14.89 15.470047
7.597 -1.71084499999995
-26.1 -52.2595435
16.18 -11.140225
24.51 26.072376
12.5 9.40124500000002
-2.653 26.1180650000001
17.9 49.490561
17.89 22.1541080000001
15.9 23.1509150000001
-24.03 -52.143015
25.99 22.265625
-24.23 -21.59810275
15.63 -10.3025675
8.86 4.927365
-4.448 -10.0909899999999
-10.38 -65.899054
18.82 55.130905
-12.16 -23.7266099999999
24.3 33.22065
-9.89 -32.428483
0.4583 -10.0331499999999
28.44 61.869376
20.31 -15.16166
-27.46 -4.25969599999993
1.113 -3.76243400000002
9.353 14.832353
3.72 -2.596827
23.89 17.013235
6.381 -13.191959
22.83 4.917007
13.89 -7.34852299999993
3.094 -8.069865
-3.575 13.9443549
-4.411 -17.164428
4.912 30.9373200000001
5.59 3.47212000000005
6.035 12.03378
8.42 0.758189999999977
-27.33 -10.380644
21.87 52.72228
21.69 25.803665
-19.58 -18.30002
7.159 12.011705
-6.966 -17.283153
-14.85 81.653
-2.929 -5.42189099999993
20.93 35.5349585000001
0.7506 1.04346000000002
12.05 31.57589
28.54 9.25784300000007
-7.994 3.27535200000005
-20.3 157.287832
1.235 15.7891940000001
9 13.213538
-5.673 4.1873515
-18.4 -27.620865
15.84 -3.604945
-28.31 -28.7728275
-5.1 -17.3476099999999
27.05 34.88887
-16.69 -28.984038
-18.28 -36.3467399999999
-22.46 -32.5983025
-14.43 -22.0554949999999
1.811 15.3030134
13.27 -15.390333
-18.84 -46.24402
15.04 18.91493
-9.658 -31.570264
-25.63 -46.8178545399999
20.64 7.29936000000002
6.738 -16.248201
-17.11 10.06527
8.217 20.801285
-29.85 -1.90840499999993
28.04 83.3527325
26.63 13.094578
0.883 -1.56431
8.418 13.1474245
29.7 31.75667
-13.23 -33.008165
-21.61 -10.8710065
13.85 40.67175
-13.74 -12.25698
-18.62 -19.349383
-28 -16.6958249999999
-24.77 -27.021905
20.14 20.983205
4.572 24.6965250000001
28.89 19.57016
-8.582 -20.909415
-5.089 -14.6256514
-28.29 -38.707315
29.76 7.58872500000007
29.65 60.184197
-23.17 21.084145
-13.44 -19.7736299999999
-18.72 -32.8400784
15.7 39.227745
-22.43 -33.008445
5.736 16.522145
20.65 62.573766
-12.86 -16.230735
26.76 16.634086
28.51 40.62802
1.716 17.027785
-5.426 -13.84003
-29.73 -44.36119
-14.29 -17.309394
29.86 -29.66972
17.44 11.41906
-27.87 -22.315285
-14 -22.5607799999999
-28.29 -23.871005
-20.37 -39.8446949999999
-25.26 55.6413
-8.139 -11.072752
19.96 -1.06549589999995
9.544 -84.982511
-0.5222 -3.91627999999998
29.48 -15.539237
7.538 14.843575
-3.936 -9.78668499999993
-4.891 13.203405
-27.37 -5.77732099999998
26.47 -5.8764245
-5.577 -21.925513
25.79 11.9708400000001
-13.74 -52.489275
15.59 34.44624
16.19 32.788415
-19.1 4.98197000000002
-14.08 -47.3914529999999
14.85 53.6855550000001
4.038 29.195755
-9.845 -39.244781
-9.91 -20.250639
19 18.4433200000001
-6.794 -9.31256499999993
14.26 -32.57828
-10.84 -25.2727899999999
2.789 13.011195
-25.2 -35.0111895
21.71 17.0833620000001
-7.816 -7.26902499999993
-24.97 -13.0532999999999
12.68 22.99365
10.25 26.6678760000001
-4.432 4.39182999999998
16.85 4.02953000000007
-26.48 -37.064864
-8.766 -32.182912
-4.985 23.0034025
0.9377 -7.61745
-23.87 -7.37794000000002
6.807 11.743649
26.78 28.86081
-18.59 -18.5432539999999
-7.563 -20.208925
1.091 10.872888
-6.789 -27.895688
16.49 13.5741520000001
5.792 -24.386748
19.84 40.9022145
-14.08 -37.777505
19.45 21.2248075
7.419 1.68634500000002
5.244 -76.3490465
20.99 33.077403
-22.2 -63.0986305
17.9 28.616815
21.66 24.625721
12.02 10.1978490000001
-21.46 -39.2342999999999
20.97 0.462345000000023
-26.12 -4.85435
-27.11 -25.334225
13.49 -17.936594
3.906 12.73134
8.868 0.991005000000023
-10.37 17.3550000000001
-13.39 9.06759500000005
-17.69 -49.755405
-15.48 -36.11899
11.96 22.27546
-22.15 -23.6489745
26.68 42.818362
28.42 29.462585
-9.696 -23.21681415
-0.7252 7.62746499999998
7.497 -2.64820499999993
11.03 -16.901315
-15.21 -34.12985
-26.22 -22.755295
-12.33 -31.0466649999999
-20.22 -85.2414049999999
-7.172 -14.5555499999999
9.812 31.33091
12.53 16.930095
23.66 42.38297
15.39 32.20834
17.69 43.9074765
-28.99 -28.954735
-17.47 -51.50215
10.21 17.331557
28.02 12.01848
17.22 23.1510835000001
25.39 32.695485
29.62 18.005585
3.046 27.330975
-24.06 -26.753815
19.9 34.8599145
16.91 31.4414965
-12.33 -50.511071
-8.54 -2.61919500000002
18.24 32.6032515
-1.227 1.57433000000005
-13.75 -31.728601
-1.8 30.92151
-2.539 33.3009300000001
-1.453 -7.72479999999993
1.649 1.11829000000002
-1.175 -33.486145
-1.956 7.68772999999998
13.13 1.30464950000002
-17.66 -25.5085649999999
1.724 33.93413055
26.96 62.10984
27.24 9.47879500000004
-16.98 -12.72574
-12.77 -12.9014295
29.59 24.9759556000001
20.99 28.78169
19.62 13.7988
-23.95 -30.599035
25.84 35.96644
1.894 15.1782000000001
-23.78 -20.395305
-19.46 -54.0285375
0.3697 7.60119500000004
2.719 -12.5514514999999
-1.269 -17.8571499999999
25.56 54.012275
5.838 -29.30884
9.36 16.544085
-28.29 -10.928695
-9.335 5.73192500000005
20.6 -4.72392500000002
-5.039 6.31690149999998
-25.34 -62.0731799999999
16.41 20.96154435
3.021 -13.840498
2.863 19.746595
2.245 3.08258
3.519 -14.346845
-9.169 -27.714874
-26.86 -25.7726605
11.59 2.736864
-24.8 -3.30373399999993
10.44 10.05972
-28.85 -23.835405
12.78 9.08406999999998
20.91 14.390381
14.48 11.13828475
12.08 18.064002
-21.88 -21.319505
17.06 20.840125
-17.96 -18.60346
-19.44 -23.6603049999999
-16.77 -13.769442
20.5 3.99155000000002
-5.147 -35.617919
-5.91 -13.52362
5.311 -13.0923749999999
29.09 87.938897
-5.377 9.73582500000004
17.06 -18.259351
-1.276 8.76396200000002
9.214 18.96393
-27.31 -29.823366
7.706 77.539594
18.3 7.5670995
-0.1017 9.19336000000002
3.427 -15.234449
0.06475 12.431545
25.05 50.946135
13.74 37.968825
-4.335 26.6633650000001
20.97 32.431443
-27.52 -44.511435
-1.455 -11.51305
24.67 61.54655
24.91 43.768455
20.56 0.302765000000045
-12.5 -25.1833559999999
-10.94 0.0183099999999774
-9.125 -21.292115
12.79 29.7688
-5.37 17.585335
-17.2 -28.9405179999999
-23 -21.74372
-9.445 9.604204
26.95 61.24814
10.92 10.87334
-18.62 -62.1261399999999
5.244 -2.64089939999993
26.97 35.7556150000001
-22.8 -54.864875
-24.04 -38.511509
7.322 -3.8375165
-9.411 -10.5195399999999
1.319 -18.510053
5.931 -3.85288500000002
18.3 15.0497540000001
10.07 7.06013500000005
-16.86 -9.2045355
18.54 10.18786
14.23 37.307875
7.513 8.54611500000007
9.596 29.550155
-18.29 -16.0876749999999
0.8215 23.1291600000001
20.17 27.83225
0.4078 -10.072875
25.93 39.479305
0.1605 27.3205995
29.63 21.64141
-27.67 -24.8983549999999
22.84 -33.622815
-16.73 3.58677899999998
22.08 3.13891000000002
14.93 2.93361140000007
4.803 0.341796500000023
-0.966 -30.04693
14.05 46.9794200000001
11.83 45.078665
10.11 45.370793
-23.83 -39.0167799999999
3.331 18.427338
20.02 40.909535
4.7 -19.9014364
-23.67 -31.674355
-27.62 -49.574555
18.54 2.14237300000005
-22.61 -12.195
-16.67 -24.290895
16.58 42.739203
28.28 -0.236481000000023
13.51 8.21806499999998
-7.389 23.755874
-11.35 21.050125
-1.23 6.29122000000002
-15.07 -17.246915
-19.08 -19.106355
-1.712 5.670705
0.4536 -24.1723025
-20.89 -34.8486599999999
-2.101 -3.01231499999995
7.872 59.694865
-17.94 -22.518802
19.14 28.631655
-5.632 4.07272000000002
-13.14 15.7237245
9.502 3.18055499999998
13.3 9.76352000000007
-24.54 -9.47869600000002
-4.13 -23.899045
22.63 -10.8477449999999
-14.36 -68.121072
8.823 39.1773400000001
-21.1 17.27731
-6.889 10.64898
24.68 -0.878999999999932
9.325 12.832555
17.26 14.9632070400001
-7.013 -1.267675
26.76 40.818399
-23.19 -20.5992105
25.46 37.843725
-6.631 -6.08854999999998
-5.087 -10.02113
16.03 -0.494584999999977
3.226 20.052608
-16.98 -18.7193149999999
12.94 7.86346150000002
2.571 14.6786
-12.88 -6.00712800000002
-23.73 -28.01575
8.863 9.03681749999998
-29.38 -34.44857
-19.74 -51.2170699999999
-21.91 1.41114000000002
8.922 0.288335000000022
-14.28 -18.5544599999999
-3.874 -4.10379949999993
10.89 17.402774
-25.54 -17.4978799999999
16.43 30.780685
-19.25 -35.001935
12.4 21.750547
22.23 17.589165
-14.69 -4.42791247999993
-12.41 -33.8277889999999
-4.199 35.7897155000001
7.65 45.694707
19.07 25.325401
25.71 20.8408895000001
11.2 -11.3506545
13.91 13.851195
14.46 30.78572
-4.61 -42.18549
3.756 -41.573044
14.56 12.0495652000001
-13.25 -15.92512
11.67 70.955797
19.27 16.336572
-0.8629 -11.00542
-25.85 -15.885605
-18 -38.03006
-10.26 -12.09604
-25.5 -7.69263000000002
-21.65 -23.808825
11.77 -3.24043499999995
8.944 -117.58827
-5.799 64.6166635000001
3.394 -1.22521999999998
3.216 -15.6658535
20.93 32.74277
-0.9293 11.31416
-5.63 5.26785000000007
23.14 27.1168915
-19.22 5.915825
-11.6 -2.68929500000002
-9.709 -1.32383999999995
28.66 16.035685
14.72 25.24516
16.95 21.21417
24.43 43.917995
2.354 3.59522450000007
21.8 10.7926665000001
-4.081 20.031235
19.19 22.371449
8.317 -45.99918
12.02 36.3535850000001
5.989 -23.759655
-15.22 -22.683262
-25.28 15.178255
15.34 15.693304
-17.29 -3.640555
0.5774 8.037275
6.917 8.00895000000004
-24.5 14.7705525
24.57 44.602975
-1.208 -8.63797
12.37 -31.627555
12.33 16.313165
29.3 32.625995
-27.21 -31.219915
8.168 4.80101999999998
13.77 6.90574500000004
-26.07 -50.7708459999999
18.05 30.4545137000001
-18.11 -22.3662499999999
-28.41 -27.856259
-12.84 0.505875000000022
-7.277 -2.10214499999998
15.61 47.498895
27.5 21.3641
29.94 27.532955
-14.67 -21.761853
-29.93 -51.7287784999999
-26.29 -31.067185
-27.83 -55.3393255
-7.712 16.08446
14.56 63.96482
-5.262 -19.324289
-19.91 85.60643
11.92 -6.71424600000002
9.135 -0.647026
-3.67 13.53386
9.531 32.335017
15.46 40.678115
-19.92 8.70528500000002
-24.57 -24.970915
-21.67 -17.27284
29.54 12.591992
23.81 9.19280700000005
24.45 14.786309
9.924 26.9758688
7.811 -85.252667
11.4 26.73777
-12.33 -17.773535
-26.76 -46.641835
8.158 21.4262545
18.39 -8.03775499999998
-1.074 -21.90012
24.64 5.24731499999998
0.06967 -37.913921
11.71 23.898636
-5.215 27.30928
24.68 14.687125
11.19 -28.797612
-17.89 4.560754
-28.9 -6.11555314999998
20.66 25.43641
23.52 59.683969
-27.5 -22.21212
8.97 1.182483
15.96 25.14902
-14.01 -46.721505
11.16 11.4761100000001
22.01 22.04394
4.395 -16.8673099999999
16.09 19.0786146
29.54 23.414035
-6.706 -14.1005599999999
17.94 10.245251
10.67 35.53931
5.468 15.305835
-2.01 15.16407
-3.65 -33.537505
-15.78 2.47319000000002
5.525 15.654564
1.72 -14.28903
19.6 6.18590999999998
-17.34 5.197025
-18.2 8.45697000000002
18.06 18.657895
-24.33 -46.974465
8.108 7.746939
-10.26 -32.0884649999999
18.28 7.51734000000005
-11.19 -67.428725
-7.799 -4.392275
11.67 -19.444005
8.255 17.953345
28.25 31.183185
-28.29 -38.4698399999999
-27.54 -57.342578
21.99 23.1814600000001
-25.77 -17.435927
-22.73 -31.2686899999999
-24.15 -37.671615
12.03 21.279852
-28.28 -44.02033
6.897 18.4828300000001
17.61 30.50974
-26.49 -12.254821
-3.906 -4.44836499999993
-10.59 -16.18367
4.905 9.96737000000007
-20.64 -8.55486399999995
-19.28 -51.717831
-14.62 1.62138000000007
10.1 23.343115
28.46 12.19525
8.423 20.465635
7.824 14.313242
-14.75 -14.6367949999999
21.8 -3.90075149999995
19.58 35.0711804000001
-8.649 -10.449645
16.65 7.92160500000007
-28.07 -46.00627
25.83 29.989115
4.471 37.107125
-16.31 -32.93542
-13.5 -39.340785
-25.1 -30.503095
-17.57 17.08074
2.116 1.67650600000002
-3.141 -27.50235
-3.764 -21.518595
27.35 41.91797
-10.8 -30.273855
-2.151 114.415425
-17.52 -43.7412769999999
20.03 -3.26306199999993
26.74 7.85647700000007
25.28 32.67697
-11.05 0.105729999999977
27.66 7.65245
14.34 60.550315
26.38 14.263255
-4.207 -24.709835
-15.97 -16.49821
22.22 59.3087560000001
6.391 11.159315
-19.48 -21.8005099999999
15.7 23.673552
24.98 22.12689
-16.17 -21.5598999999999
13.06 9.76044000000005
1.946 -6.37609549999995
21.81 43.65135
-13.5 -58.392975
-17.36 -33.54061
-7.817 -39.228583
3.991 -18.54692
13.38 4.60308500000005
-25.6 -26.445995
-19.63 11.9879900000001
4.101 1.9667415
29.4 26.6620315
27.64 29.62944
-4.122 -7.88909999999993
-11.37 11.77613
-27.96 -12.5316074999999
9.155 16.1899720000001
-12.35 -50.232136
7.427 -1.86211399999995
4.711 8.39397500000002
24.33 17.574538
-8.589 -12.8214099999999
-8.118 -23.252595
8.662 23.8234435
-6.312 123.7398355
-4.417 5.41543500000007
-16.17 -46.1406
-19.7 -25.9749549999999
24.51 30.164315
-10.5 15.159496
-23.42 -27.6071399999999
-11.35 -12.0635
19.35 23.347618
-15.88 -42.042465
-20.77 -1.93497000000002
29.36 71.521001
22.45 18.5923950000001
-13.27 -37.89578
-7.445 -32.952472
4.307 -24.525321
-0.3697 -0.88341
-29.05 -15.5240739999999
9.067 18.4358400000001
-15.57 -43.6447649999999
-16.39 4.10487000000007
29.25 12.45456985
24.19 -19.403169
8.168 1.78351000000007
-17.96 -47.50734
-11.64 -40.40072
-23.07 -24.3650699999999
29.61 45.7996
17.75 9.17171500000005
-2.551 -13.1534999999999
24.89 40.1955715
-19.11 -14.8791864999999
-16.04 -1.24599300000002
-0.2764 -1.38546
6.522 11.0365955
-16.61 -35.656705
18.18 13.330605
-6.655 -57.608265
8.434 11.105515
17.33 45.509559
-13.13 -37.039376
1.954 5.43858000000004
6.205 -1.90082249999998
-26.97 -32.93742
-17.37 7.83589000000005
-5.234 -2.24520500000002
25.85 19.399795
21.08 55.69143
-21.38 -40.7273399999999
-27.21 -46.093973
-15.23 -27.325475
-10.11 -2.14619340000002
11.95 19.2042390000001
-23.74 22.096675
17.38 47.110225
-10.82 9.02908500000002
21.3 -1.04229499999998
-7.766 -52.578405
23.16 52.9813060000001
5.931 -1.75098999999993
-3.301 -19.5581
29.61 -9.64446999999995
-7.421 -10.222135
-20.87 -16.201333
-1.898 -7.73619899999993
5.701 2.44688499999998
18.77 21.232225
18.59 1.82483000000002
-25.54 9.24525299999998
13.57 11.84322
18.79 39.59552
-11.12 11.803738
27.69 198.445825
9.08 -2.14970499999995
27.36 24.645015
6.595 7.18070500000002
13.57 29.149395
22.45 56.484315
-13.61 -25.416468
9.182 25.005376
7.192 -15.9622478
16.17 -28.817445
-3.338 -39.378119
11.93 5.07875800000007
-14.09 -29.77266
-20.03 -10.49676
26.38 51.6239900000001
6.005 15.693755
-3.427 -10.440386
17.45 37.77355012
-10.78 3.57270499999998
-27.15 -11.63624
1.773 17.375895
-5.423 6.56385000000002
-2.915 -13.2330799999999
11.23 -5.04755499999993
18.2 -5.3039147
19.05 39.88645
18.95 14.342683
-8.622 7.69889499999998
10.02 14.31227
1.177 2.84357500000007
-20.6 -35.8471185
-24.6 -35.53991
-12.7 -62.94913
-26.6 -53.869732
-3.426 2.13459000000005
9.518 42.7133560000001
24 33.44094
-20.98 -36.16752
-21.16 12.329414
10.56 0.675320000000045
26.73 41.289356
-10.23 -0.468569999999955
18.63 36.26795
25.66 41.295708
3.912 0.723280000000046
22.63 21.629374
-13.56 -39.793875
-8.037 0.505650000000022
-9.024 -10.2217099999999
-0.3724 25.565785
18.42 -5.67607749999995
17.98 23.8601150000001
17.53 41.453295
27.98 45.625745
8.329 19.7057360000001
5.219 9.61221500000007
-25.95 -31.15663
9.299 30.31116
19.24 54.2930355
-26.27 -67.6390533
15.5 -17.7535349999999
2.705 -10.66389
-28.26 -52.817246
2.022 4.07724499999998
-21.95 -13.5231085
-5.943 -24.716835
-27.57 -37.399467
13.86 24.0637778
16.64 42.990515
-27.65 -53.1573535
3.097 -8.62053499999998
-7.72 -61.002799
-25.74 -49.285205
-23.53 -24.636057
-11.74 -0.231289499999977
-16.5 -5.46948499999996
-6.966 -22.201885
-2.597 -11.3883585
4.258 11.614885
-16.98 -21.055024
-11.98 14.689172
14.64 22.2446141
5.064 8.40066500000005
-22.95 -27.6093645
-28.93 -50.731201
-4.929 8.22010600000005
14.97 17.492415
-11.14 1.312185
-15.13 5.11986999999998
6.366 30.4158636
18.9 15.22613
14.29 10.645533
-19.52 -32.22525
-4.294 -10.347495
6.1 -1.11857000000002
14.01 20.521545
-29.48 -17.385589
1.832 -9.20201750000002
-12.14 -32.093545
-10.11 19.002065
-21.22 -31.6139799999999
26.1 34.1508
-9.554 2.14480200000005
2.213 -11.789185
-19.42 -34.53122
-6.87 -6.87959299999998
12.89 14.74981
29.74 28.409065
29.12 21.006125
-15.87 -17.880365
21.29 44.395142
2.94 11.068096
3.914 15.3355600000001
-0.9458 13.822305
-8.864 -25.3575244
-27.84 1.72366999999998
-24.38 -17.56162
-13.91 -12.61021585
-7.515 6.00503500000007
5.814 24.182345
-14.51 -26.367141
-12.09 -11.446013
3.338 3.93501000000007
6.664 -4.61190050000002
2.158 9.53310200000002
-24.62 -44.887105
21.57 5.7938165
-15.65 25.9291695
-23.18 1.33090000000007
4.384 -2.774835
-11.46 8.41770999999998
19.78 20.1996564
2.556 20.49361
-1.023 -7.6037685
9.215 -32.3657151
13.14 -12.096595
-16.5 -18.96094
19.05 7.4975
-18.66 -70.95109
7.817 -3.86557999999995
25.15 28.50266
28.28 21.9795805000001
-17.33 -36.81394
-5.473 -11.8799655
-3.033 1.01646130000007
4.766 -3.64856100000002
-25.47 -21.256005
4.882 6.38817499999998
26.06 14.9831375
24.84 57.267331
19.07 -2.93548
26.79 46.1793134
9.643 -4.05815485000002
-26.4 -67.10815
24.54 23.89506
-14.26 8.18655399999998
-6.473 6.33306099999998
-23.52 -60.4143499999999
4.218 9.371955
-7.806 -13.390574
-2.432 -29.63165
-8.337 -6.84914500000002
8.937 19.83315
-0.3946 1.32459000000002
3.977 25.91989
18.37 6.85990000000005
16.35 47.198155
15.07 32.94942
2.22 -8.8385397
15.51 6.44085000000007
27.02 4.80397999999998
1.911 -11.676624
-12.66 -25.237447
-6.322 14.733915
22.36 51.933983
29.19 16.901892
11.95 5.08241500000007
-22.78 -5.01066700000002
-24.03 -25.5175345
-9.052 -9.895905
-29.9 -4.77768749999993
-0.5122 147.6103574
-0.5736 6.593675
-13.83 -13.366655
9.247 7.92790500000005
25.62 24.100795
-20.39 6.32867500000004
12.21 3.81769500000002
-20 -9.457075
20.89 15.503575
24.05 38.90801
23.32 63.653615
15.83 -15.0117985
-0.7376 -1.80312800000002
-22.12 -56.6860049999999
27.33 32.7876
26.49 65.856625
-20.89 -24.128082
-9.307 -19.193325
3.922 9.65410699999998
-22.45 -66.51639545
-15.28 -12.9843625
16.88 6.96928500000007
-21.66 -16.481705
-25.35 -30.3398502999999
-13.48 11.9925565
-0.6137 -24.860375
20.12 -12.4505685
-16.64 -13.467535
-10.52 -16.50292415
19.99 20.4208
-19.31 -35.226975
-4.777 49.266626
11.66 7.97533000000002
-6.37 -18.4359474999999
12.63 15.50853
-22.89 -39.5360425
15.1 -8.33345500000002
-3.003 -1.068679
5.848 3.43201999999998
-26.34 8.94329500000007
3.87 -116.291095
16.4 21.07593
11.89 -6.43137390000002
11.85 29.06374
23.91 60.9610810000001
4.862 -11.081996
4.071 -23.582345
-23.84 -30.8987369999999
-3.253 1.48963999999998
18.51 38.767875
9.15 17.6910780000001
23.94 64.871925
-18.03 -12.968154
18.3 9.01037649999998
-10.82 -52.586663
-12.9 -22.852505
3.142 2.04323500000002
-27.08 -10.00927
-23.46 -66.324975
-10.14 -7.90021500000002
23.72 26.5465950000001
4.13 -3.996843
-18.94 -82.4772134
14.31 32.1087934000001
1.216 4.43570500000007
-10.94 -9.04674499999998
-6.064 -18.807159
-3.526 -28.529044
0.7891 11.22238
28.71 -11.037635
2.551 -32.9986999999999
12.76 -23.3730544999999
2.443 26.93018
-13.03 -31.483964
5.264 18.4012200000001
20.3 36.334895
3.9 -35.1268575
8.292 11.714355
21.86 5.23635500000004
-2.385 27.715977
5.147 18.7708350000001
-17.69 -47.682276
-11.88 -18.12692
12.23 -3.28259399999995
14.09 -3.32213999999998
-20.26 -137.050177
16.91 24.8168000000001
-11.72 -18.67142
15.89 29.659239
-29.21 -33.136845
17.86 6.6034
-26.3 -28.090925
-8.143 -3.89405649999995
-27 -42.2781135
-11.59 -19.73218
-22.76 -10.8020899999999
-19.96 -55.7709237
-10.69 -47.750735
-23.75 -15.7451985
-1.776 -13.4464249999999
-9.098 -39.984245
12.03 15.1077
-5.445 15.677065
-16.69 -36.87751
25.33 46.091905
-24.96 -29.920776
17.93 26.3999250000001
-7.269 -20.913805
-8.594 -7.87254779999995
21.16 3.59866599999998
29.64 26.22492
15.93 34.7315245000001
-8.694 14.644605
17.53 21.8491250000001
4.303 -24.57452365
-11.14 -4.339265
19.91 15.897945
-12.59 -11.653525
-27.67 -66.6415559999999
-13.86 1.33923100000002
-16.93 -55.0321755
26.48 16.7164572
-19.91 -72.08791
-11.82 11.387898
-22.09 -14.021645
-15.35 -5.43657399999998
-6.541 -27.0887
8.804 11.50578
3.462 -2.58190699999995
-4.554 -5.50571499999998
-0.9432 3.86667500000005
-6.004 -27.252175
-22.87 -2.82620649999993
15.29 0.370574999999977
28.94 -77.113685
1.117 -8.594675
27.46 61.65251
24.32 16.4381550000001
-2.116 0.315168999999977
8.89 18.74904
-0.4414 11.93889
22.66 34.220765
-24.08 -14.0563725
-9.856 -34.19679
12.36 59.38467
6.747 4.89587
-15.92 -101.938145
-17.55 -23.160928
23.88 28.695453
4.244 0.514070000000046
5.851 38.74295
-5.125 -12.186907
19.39 -4.30729150000002
-5.028 5.562445
-8.83 14.06161
15.2 -8.51658994999998
-28.65 -37.539628
21.54 18.314265
-28.52 -17.817835
12.22 3.265545
5.418 -18.2049
29.39 53.053295
26.1 12.20759
20.72 -4.03080000000002
11.75 4.16802000000004
-12.7 -13.057134
-22.09 -31.7588805
24.27 57.0612107
-6.084 -10.0622889999999
3.455 -48.794682
25.47 13.2846675000001
-3.641 -15.17655
-14.39 -29.8843629999999
27.98 31.6806500000001
19.46 30.21442
1.099 45.0078220000001
13.37 20.16415
-7.399 -7.66414500000002
12.53 15.826325
17.44 -21.909465
-16.95 14.73094
-21.97 -15.3622249999999
20.6 -44.82747
-21.25 -61.3614728
-24.86 -43.016626
-0.1396 6.04870700000007
19.36 4.74831499999998
20.68 17.1480075000001
-18.07 -40.3412345
-1.239 2.74724900000005
5.995 6.44380500000007
7.281 11.250355
0.8227 15.48254
-3.081 -35.169005
-4.512 -2.349601
5.255 7.28557500000002
21.41 12.044275
-9.816 -26.9764
18.71 -15.08803
-29.38 -46.040405
26.35 -110.23199
16.41 57.6337750000001
7.346 19.095015
-15.74 -38.12767
-9.555 -37.289418
-13.83 -59.640045
17.09 2.04673500000007
-24.46 -19.530645
9.552 37.9314752000001
4.304 -2.18805099999998
19.8 30.00107
24.73 13.0359950000001
-13.11 7.773458
-14.42 9.072314
-4.74 -3.12143999999998
29.61 67.53863
26.79 55.8647350000001
-8.964 -8.374099
-13.25 -32.15948
-0.4064 -24.4748421999999
22.25 30.0411285000001
16.54 15.1721250000001
-19.51 -20.7922615
-8.856 -0.457859999999931
-20.37 -31.127648
-21.34 -16.6749015
19.26 27.17052
-19.63 -22.567225
22.84 32.21039
-13.92 -10.085328
-9.695 -57.8924725
-3.657 -2.97911799999993
3.297 1.65093859999998
19.1 43.516035
-3.613 -1.16616899999995
-19.89 -32.445013
-28.47 -30.71938
5.157 -12.73148
0.3068 22.51147
-22.06 -40.626495
-2.075 -49.8587235
-6.023 -21.7978549999999
9.485 -3.59920999999998
15.02 9.99486950000007
20.56 23.6507747
20.78 40.9306100000001
-18.76 -66.38564
-19.74 0.00620300000006835
-27.53 205.5783292
-5.325 17.3420870000001
19.94 2.03813000000005
7.264 24.43939
18.02 40.9133
-22.72 5.44908030000002
-23.84 -7.08798499999995
19.84 4.89955000000002
15.23 -8.50226719999998
-20.66 -19.671825
10.75 23.40873
-25.98 -50.43296
-19.95 -23.99652
-9.56 -7.25217999999998
-22.55 -39.900795
-5.705 -9.360279
-28.16 -31.29378
8.177 19.71902
-13.94 -33.2998449999999
22.9 -3.245214
11.33 -3.65896849999993
14.89 38.651237
-25.72 -34.0003254999999
-1.635 -0.195974999999978
-20.82 -52.170467
-26.96 -8.83562710000002
24.77 22.5517480000001
15 61.5243775
-28.16 -4.57771
-24.36 -23.7096199999999
19.54 2.58697850000007
11.15 17.385665
22.85 22.288125
11.81 8.90886500000002
19.44 39.131583
18.39 46.734015
28.78 31.7738500000001
-1.492 10.6968525
-6.397 18.562325
7.811 -14.4102681999999
11 22.10766
15.7 25.84978
-17.39 -40.30139
2.333 -15.8477999999999
-21.11 -16.944165
-20.33 -17.3845265
5.463 28.420705
0.7673 -2.64125999999998
-5.657 -17.4454949999999
-12.06 -16.167351
18.18 -4.99139499999996
-12.5 -29.35254
9.134 1.94885300000007
-1.364 -25.6314779999999
3.804 14.142165
22.91 3.79404499999998
-13.25 -45.452105
15.03 44.0144290000001
0.3407 11.109275
-18.36 -20.4539205
21.77 52.597254
18.95 25.3976400000001
-9.913 -5.53068500000002
0.2181 -3.992591
29.7 24.586275
-9.797 33.8796
-23.17 -44.409705
17.65 12.9495200000001
16.5 0.513005000000001
13.41 -0.106843999999932
13.44 -22.3496714
-11.2 6.67796499999998
5.258 20.514273
10.21 30.3068435000001
-10.99 -16.645135
11.96 24.172325
17.85 35.4367265
-13.35 -39.68687476
-27.33 -35.1839449999999
28.1 44.108375
-14.49 -17.06556
-3.374 15.5949650000001
-6.547 -7.85375649999998
-28.27 -20.35854
29.48 68.04287
-10.57 -7.59585
-5.311 -51.285878
26.72 35.3364600000001
27.73 52.769815
2.743 12.854
29.77 26.5579632500001
-25.5 -51.84765965
-16.48 -36.019638
18.76 11.67227
-14.07 -26.721635
-12.12 -25.28738
-12.44 -13.619085
27.76 26.760721
-0.9423 10.050685
22.37 9.60196000000004
10.67 18.05666
27.7 30.09254
-2.911 -4.3169005
16.36 25.213419
-18.17 -27.644885
-20.77 -51.540114
23.85 41.794476
16.55 18.5857325000001
24.92 51.6723450000001
-12.13 -5.79401999999998
-5.068 14.710878
7.437 7.07227100000005
-17.43 -7.65784320000002
-27.91 -35.74827055
-9.938 -1.44611499999998
-18.56 -39.20004
-25.83 -39.197482
-1.557 -10.37402
-3.677 -9.16728299999993
-22.29 -6.495945
20.51 4.77902000000004
-29.02 -38.51024
-24.1 -21.83258
-28.96 -13.856115
-1.977 -5.86308299999998
-29.41 -24.034505
3.044 -0.732905
-13.48 -17.217588
-29.66 -10.879677
24.99 81.612496
23.22 -26.415048
13.75 10.442285
-12.17 -9.50997499999993
3.1 145.07797
-14.16 -36.67094
-25.02 -44.596112
3.118 6.92580000000007
15.74 8.25837000000005
-15.42 -5.24748499999995
7.081 16.58456
-0.5445 33.061415
2.036 29.19956
12.55 -7.19566499999993
8.929 20.5431035
-11.06 25.9846285000001
3.978 14.984765
-9.521 14.316805
-23.1 -30.3261009999999
24.32 16.0197500000001
-12.66 0.257845000000023
16.29 -10.041815
-24.93 -55.8045449999999
-25.26 31.33786
-7.193 -11.021475
23.32 10.5385
-18.55 49.408185
-9.798 -96.92913
-16.2 -5.051075
-17.41 -18.842375
26.91 54.2256700000001
-26.08 -40.587853
0.5408 4.71205100000005
9.138 12.2063
-8.242 -6.394967
9.974 10.83503
21.37 7.05775699999998
5.526 -6.40392500000002
-24 -31.354445
-23.95 -20.1641815
12.29 32.8959850000001
20.15 -52.18982
4.794 -20.817712
17.55 22.6444970000001
5.874 44.750064
13.47 27.239465
-15.29 62.948135
-12.9 -68.726415
-6.985 13.9454800000001
27.65 26.82763
27.67 -4.36575000000002
15.1 22.64607
1.429 5.10308000000007
15.73 3.69943500000007
-3.139 12.8720450000001
-20.2 15.1313350000001
18.12 32.789863
14.22 43.076535
-20.72 -26.9785472
0.7972 -11.7027
-5.762 -17.2168099999999
-19.87 -41.1802199999999
24.13 67.6715
-14.37 -54.2059799999999
27.03 59.0510795
-24.71 -13.296675
22.27 35.289958
11.97 6.40521
4.955 20.5100300000001
-0.001451 -8.39618499999995
-5.017 0.802535000000067
29.38 58.7961560000001
-7.236 -11.77932
26.61 23.4958974
5.928 -29.81097
28.42 29.6130450000001
1.056 -4.31616999999995
-20.22 -39.424325
29.34 13.9031015
-8.63 -2.10439499999998
28.65 94.093873
-10.43 -27.248021
-14.4 -16.52986
16.49 30.360165
-26.91 -0.0224599999999548
22.82 24.426739
26.19 25.865424
-8.784 -36.29845
4.945 -57.598435
-2.892 3.50397349999998
13.42 20.3971000000001
22.23 -39.669459
28.07 61.6713720000001
12.44 2.72942000000002
22.83 27.24739
0.4744 -18.163948
13.99 -0.0118949999999773
26.25 58.6026264
24.13 -0.074305000000022
27.1 88.976945
24.26 50.22408985
10.76 23.82897
-23.24 -49.8836985
18.78 72.158719
-28.26 -20.64585
10.98 -14.351015
12.7 27.0093640000001
10.07 47.5639457000001
23.05 51.208817
-2.755 27.4048835650001
-7.879 2.68921000000002
3.601 6.881825
-17.18 -42.7678149999999
-26.46 -10.68528
-2.403 -7.51756899999995
22.46 10.0638200000001
28.28 73.9571950000001
-22.83 -30.55543
-7.264 1.47770500000002
-11.68 6.84226000000005
-19.38 -15.982215
8.814 -7.64116499999995
1.369 0.0690000000000226
25.94 55.7669050000001
12.7 18.185745
-17.47 -15.7917249999999
-7.082 -29.66527115
5.464 -14.024485
-13.45 -9.92038000000002
14.62 31.8278
11.81 -0.932754999999954
-24.48 -8.614555
10.1 -7.18826499999998
-7.118 109.308785
-26.46 -29.573915
-12.28 9.61319
-23.79 -4.4467925
-12.34 -4.4009821
-9.335 8.23217500000007
-14.48 -13.472285
-0.6307 -14.50277
1.687 44.4035065000001
0.3376 -7.81120799999995
-1.748 67.996608
-1.932 -35.66515
27.62 4.51481000000007
1.479 -19.9252685
-25.05 -10.6256275
-13.5 -20.76465
4.653 8.59663000000002
7.081 13.3608475
-28.51 -67.359954
4.883 4.61608999999998
-5.787 11.562395
9.428 0.344050000000045
-12.36 -1.12314499999995
-28.07 -52.461485
19.43 13.482265
-0.6409 -69.2711519999999
-2.83 5.14134
28.39 51.509502
26.88 25.0563185
-20.74 -35.960445
19.42 42.253645
-7.19 -21.09951
-3.364 -14.4410399999999
17.19 18.457475
-11.6 -20.0491014999999
-24.59 -17.804531
-5.376 26.025798
-17.74 -70.001541
-12.62 -28.264708
8.219 32.1811608000001
4.786 -12.3871999999999
5.316 5.64455500000002
-25.4 -4.12484500000002
21.75 7.48175600000007
-24.02 -42.0992779999999
9.682 -5.14151000000002
-14.48 -17.9541699999999
11.88 26.913445
2.402 -11.75029
-24.99 26.698475
12.25 17.317764
20.53 33.0664450000001
4.035 -8.20797039999995
-29.29 -132.349319
13.28 -2.2984
21.57 35.045834
10.68 66.414399
4.795 48.0136450000001
-1.413 41.834695
-6.099 -36.179025
29.75 52.780195
9.761 -10.6512452999999
8.022 -18.6845475
1.854 16.086942
27.77 22.3256465
11.25 29.375775
20.68 11.7419150000001
-2.275 -21.752557
16.38 2.17145149999998
1.44 -0.785976999999955
20.09 11.4874215
12.71 5.29776000000007
-16.62 -43.905889
1.296 -28.899549
-14.28 -11.4513765
-16.37 -50.149033
-3.434 -16.312735
