33.92 33.90281742
28.23 28.58359628202
34.46 31.42921152
30.56 30.71187299352
31.16 30.36156391308
39.52 39.100625526
32.74 34.09301733132
37.63 37.910120934
36.22 40.155607938
36.49 36.947662566
27.09 28.07926229748
25.93 23.5704563175
24.48 24.970196262
25.95 25.812539980455
26.63 26.94889182282
38.9 38.8122024
36.81 36.933321504
26.2 27.929620884
38.59 38.423890482
29.19 29.66188872378
38.64 38.818483032
30.07 30.53721368712
36.9 37.098004962
37.62 38.84007615
30.77 31.195510176
27.94 27.6824492482218
29.54 29.16641018634
29.74 27.9712477065
37.99 37.699903896
36.48 36.796463508
28.3 27.76400194602
26.49 26.28650192442
28.27 27.67844728524
26.96 27.32356284
25.81 24.557776098
39.54 40.363701798
33.45 33.340089756
39.55 40.13814684
40.13 38.488227924
33.97 22.894584738
26.68 26.81671773
37.2 37.336399608
31.47 31.65999423
24.71 24.920178468
26.05 26.871560472
28.59 27.7414002428712
26.04 27.473641428
27.02 29.65526301
39.69 39.28830861
35.3 35.80148748
31.08 32.28216305622
37.52 37.538987412
33.72 34.317376536
40.09 39.80872128
34.72 36.185489922
35.69 36.26257494
39.88 40.463327766
34.61 35.24480994
32.88 31.93012509792
30.48 30.4072382937
26.21 25.9490144064
30.16 30.2910579504618
32.3 42.399740928
36.17 35.314571064
34.85 34.5927963
38.15 37.432608918
27.28 26.38658095338
24.83 23.87019036486
37.8 37.04212101
31.06 30.46451176704
31.08 31.14816825642
36.49 35.65727247
26.27 27.52438764
35.22 35.075816796
35.18 34.642478514
24.55 25.316585508
34.45 45.103791516
27.35 27.048620274
37.66 36.518903256
37.68 36.466985154
38.74 38.271714402
31.62 32.7360764309215
40.07 30.78122177928
38.84 38.307689382
28.4 27.362823446688
35.34 34.93485312
25.11 23.52232422912
31.29 31.05114721878
31.12 30.73239371316
38.19 38.597274732
26.2 28.24170621
34.57 34.70287101
25.22 22.72224432
32.97 33.11368301658
28.12 27.94626823494
34.41 35.11718733
33.26 33.36075130134
29.45 29.34471398538
32.66 31.64701754712
37.84 36.857601636
24.25 22.521833052
36.41 36.55493904
37.49 38.98799526
31.41 30.81810923418
36.69 36.13754181
39.6 39.343889874
28.95 28.871553894
27.36 27.1675522689
38.34 38.3237025
38.35 38.52753744
39.62 40.120618872
35.19 35.508532422
26.93 26.334362019
36.43 35.906601558
28.82 28.51553847768
36.63 36.484068324
36.01 36.405340644
34.32 34.232954532
27.48 26.97288483444
31.06 31.1000830338
31 30.29717855892
38.66 38.342119794
39 39.569332962
28.78 28.782207357
29.78 30.3762760472778
35.79 35.679836964
27.93 27.1505709375
38.07 38.433754338
35.27 33.563196066
35.5 35.123294868
37.52 38.218185444
34.55 35.64180615
35.8 35.766969222
29 28.8008951138778
28.35 27.1753151415
24.05 21.420051072
34.26 32.7887175
33.47 33.223328724
41.23 40.6994214
29.24 28.3308615303
26.7 26.514383145735
26.05 27.7051182
37.76 37.231188972
27.54 26.93314505964
32.06 32.20355136
30.95 32.226549222
34.25 34.86317703
26.44 26.0052684519
36.2 36.020714304
27.13 28.445296512
41.38 40.404893952
36 36.99237846
24.76 25.086906114
27.22 26.78086263018
37.73 37.754838582
31.45 31.311540156
24.28 24.065583756
27.93 28.52602099482
33.98 33.82921020972
34.58 34.7379426519
26.93 26.28479130888
29.68 28.80737500134
39.12 39.281573496
26.46 27.295142808
35.47 34.81767717
34.17 33.842046054
40.03 39.96090174
27.53 27.038321124
30.07 29.38276110936
34.65 34.51245447
39.31 39.669188844
39.4 34.70001807
38.82 38.763048444
28.47 29.648073612
25.91 27.419035584
40.41 40.415547126
29.16 28.76950266096
41.24 40.52395302
31.17 30.5780095705008
31.33 31.29149102358
40.56 40.24192143
28.37 29.15531491272
38.81 38.7455259
34.02 33.61497996
38.17 37.76775069
27.37 27.89811891408
24.15 24.03238360884
27.19 28.496206722
28.04 27.6062472105
31.18 30.77809444488
34.87 34.582884576
38.31 38.112450816
38.15 38.150363748
31.21 29.99828396202
38.7 39.06095925
29.98 30.73164852552
37.61 38.238793494
38.76 38.79278862
26.65 26.9844700486992
25.82 28.44160959
40.41 39.7459302
27.31 27.2085869361
36.17 35.507883126
35.75 34.926176724
28.56 29.4593391825
24.73 24.476635398
38.48 38.226047574
37.91 38.012666604
28.37 26.9859759486
32.92 31.797142104
36.52 36.663904596
25.71 26.903711478
39.18 39.0239859
24.78 25.46502186
26.14 24.08806245
30.99 31.44002870058
34.8 34.701183282
32.15 32.3242550625
34.5 33.478851522
26.13 21.85091661
39.86 39.958496724
28.43 28.5504049359552
29.9 28.49729849652
33.02 29.3979112185
35.75 35.45549709
29.84 -11.61778947
38.43 38.950512306
31.33 32.1080793537
27.38 28.28306208
38.73 38.832372024
25.79 28.585779168
27.76 27.0378683339088
28.31 30.437115276
27.3 27.117084342
24.05 22.6247415
39.27 38.690433408
32.36 32.381783058
25.41 23.86201985958
40.92 40.087480416
26.37 26.231986375545
30.08 31.19004068808
31.56 32.071465794
39.14 38.233013916
36.81 35.86544247
39.44 40.068651666
34.8 34.10987205
31.77 30.07455925632
29.92 29.453989336545
31.56 31.2412922076
24.36 27.23833221
38.27 37.4746269
36.77 36.194316708
28.34 27.54060532752
29.31 29.6850199353
36.79 37.130716326
34.3 34.463199462
35.17 34.589668152
29.42 29.745966072
27.81 28.88105079
34.09 34.12580109
27.48 26.4177689655
33.35 33.89741661
27.28 29.97574908
30.51 29.65791444582
28.77 28.3362866590218
24.78 23.096085024
31.87 30.66794933592
32.31 31.9701823935
25.62 25.76898246
28.8 28.457058972
31 30.71372349648
34.23 34.65485814
30.81 29.71846528728
32.08 31.92543220362
28.1 29.3859966
34.21 34.269528018
27.15 27.66169615242
33.51 32.75668791732
34.06 34.0166735292
34.81 35.053054908
28.27 28.35098108922
32.56 32.86635661254
35.35 35.574420288
27.41 29.455442796
36.92 37.19099661
40.31 39.50522976
25.12 28.5362733
38.52 39.441166176
39.72 39.129339
34.32 34.69626471
37.53 37.2285462
24.55 25.962614742
31.82 32.04267630708
39.86 39.608477304
36.38 37.389629604
37.37 36.827418198
33.07 32.681350716
33.71 33.24096383232
41.65 40.60261389
40.34 39.933974514
34.9 34.381526052
28.11 26.496173604
40 39.70031559
36.86 37.59175974
25.5 25.59332673888
27.3 26.33713766166
31.12 31.9190697019002
38.41 37.83661518
31.32 30.40672575072
25.95 25.777866516
28.81 29.3720760229116
37.67 38.212885344
39.34 39.169278348
38.17 37.96895415
31.81 31.74414984246
24.71 24.510100902
28.89 30.16384511322
29 28.0232097105
26.79 25.635072594
34.08 33.43195884
38.84 39.234086742
26.04 24.46809861
27.38 27.5231601043586
25.91 27.219729912
33.1 32.42920694232
32.3 31.43613614232
28.25 28.65196906968
31.42 31.2920500305
38.38 38.750305686
24.38 27.699280854
28.5 27.94726525272
28.57 27.793937418951
28.06 28.07061827082
36.03 35.900732802
34.33 33.676936338
28.44 29.5901649705
39.16 39.2321064
29.71 30.7134823785
34.86 35.96002287
35.35 35.449718322
35.43 35.71727367
36.59 36.318366948
29.33 28.88004053082
31.66 30.625451382
40.43 39.836761878
30.39 31.91446149888
38.95 38.486388882
32.54 33.113510994
32.62 32.36379959472
26.96 27.60990269898
26.49 25.4444950254
30.52 31.6051013690778
35.15 35.35076298
26.69 27.23396061
40.26 39.704529108
29.13 30.2561653646298
39.74 38.82136575
29.93 29.1066743656992
26.71 28.416922482
37.73 37.402870584
37.4 37.7473179
31.46 31.944857487672
28.89 30.34187507562
36.58 35.91986367
35.7 36.140630124
30.14 30.6997213458
24.67 23.4321154665
32.41 31.69040703
39.75 38.8001991
35.75 34.910124978
25.1 25.212203796
31.17 31.98914655744
24.33 26.438028774
33.34 32.9210290479
34.08 34.3353021495
26.33 27.818528568
30.27 31.0597991234472
37.99 38.3695377
34.19 34.21581564
40.1 39.49330821
33.85 34.46740107672
32.08 31.54168868532
32.62 32.615805894
28.96 29.09410844208
34.44 34.86806175
35.18 34.796787222
33.18 33.866690358
28.85 27.9515886396237
30.37 30.67778781192
32.33 33.37550543832
32.67 32.81696780424
24.42 26.05691022
34.96 36.136705794
29.78 29.30051671752
34 34.101847794
35.37 35.401087398
30.77 30.27218028528
36.42 36.570110016
27.81 28.149366777276
34.56 34.86320508
26.68 26.795141868
36.34 35.950291206
33.11 32.78058611178
33.44 32.44062306
35.09 35.34714399
38.08 38.158274694
28.4 28.3379591343
38.5 38.30004645
24.79 24.846077622
32.66 31.66341856392
29.27 28.60584482202
40.78 41.060328054
34.82 34.951547004
24.59 23.18649023316
30.99 30.82029907116
34.75 34.14475725
34.21 34.510613784
37.09 37.12635375
32.94 32.5644829041
27.71 27.478327602
35.39 36.297549372
31.32 31.2538432872
26.49 27.03332538042
36.18 35.789316492
39.8 40.209655602
33.77 33.79707242394
35.83 36.25894956
33.48 34.88877168
26.64 28.7019867
35.08 35.52845727
27.77 28.32801534408
30.87 30.138110502
41.11 40.372378374
29.84 30.95580625152
34.04 33.867287052
30.66 28.115349852
28.7 24.2851957401
29.22 29.0338142025
30.97 32.194454778345
28.7 28.18330892454
36.61 36.931915788
27.43 28.86676675338
38.27 39.287617842
38.21 38.509445856
30.77 30.944786532
38.38 38.565702624
30.49 30.9625420674
37.83 38.51321898
38.76 38.62257861
27.58 27.19732075818
34.93 35.149085778
35.39 35.54735757
34.8 35.062025442
26.08 27.01503141
40.26 39.797132124
35.25 35.163933702
30.99 31.814335074
39.04 39.331643286
36.07 36.266302524
37.94 38.357479392
30.94 30.06793303728
32.31 32.2889131785
27.55 30.31602816
24.61 23.6145475335
26.91 27.34431893418
31.03 30.8582204145
27.49 34.94606510388
36.33 35.565555954
26.57 25.20973471542
31.59 31.20384632052
41.02 38.34171606
37.91 37.830215136
38.63 38.86792023
33 33.00528
28.02 26.79548220768
26.97 27.57565415802
34.13 34.1199895071
27.4 25.431761496
25.35 25.76704908
30.47 30.21055560912
37.7 38.305308162
39.71 40.371531744
36.92 37.14286911
26.13 26.35181679
30.21 29.7778278566778
33.72 33.36474420246
26.41 29.33953023
35 35.219338662
31.27 31.4098181916
39.82 39.99653247
36.31 35.389636098
30.68 31.01003144448
36.92 37.12321965
38.8 38.177163348
28.82 28.4594396551818
28.21 28.23591914772
34.98 35.045798232
24.23 24.43123407
29.12 29.30312861322
34.09 34.404221472
39.13 39.256589814
36.28 36.186385044
26.3 26.35324991286
25.67 24.899859078
25.09 29.500832658
32.22 31.58921106618
30.97 30.47634316848
30.81 30.43983414378
34.36 34.518656262
37.72 37.701302178
27.94 28.1328821206872
32.99 32.224703388
41.29 41.001965394
40.79 41.00990214
35.16 35.17789584
31.48 30.8855072625
24.82 27.242102598
29.38 29.23831137162
33.5 32.99404365192
27.11 25.80950252298
24.88 26.10147621
39.25 39.74101887
34.71 34.806350226
30.02 29.91803507526
26.88 26.08634158122
36.13 36.174475164
37.29 37.36785135
30.33 29.90577309546
32.93 32.80948968522
34.53 33.64354221
32.96 32.903500134
31 30.44925547098
34.1 34.662867348
30.08 29.4602949417
37.33 36.351657654
27.36 26.16528876
34.49 33.59944608
32.32 32.473283574
26.43 25.13120698554
37.36 37.486782582
36.18 35.264523
25.48 27.09540597
27.09 23.00956572972
39.63 39.00905805
39.02 39.639219366
26 26.772754584
34.52 35.08976805
32.01 31.824993525
31.49 30.033327252
26.51 25.72446129036
38.04 37.677540972
32.59 33.08450349
35.23 36.036744384
25.53 -20.90389344
36.18 36.59415879
28.91 28.04765522448
29.61 29.06367858618
31.69 31.01307620682
33.5 32.69327640432
24.62 23.80630845
32.44 33.09624825612
27.38 27.2822294642682
37.75 37.231612086
26.61 27.61309383
38.86 39.625822182
33.83 35.37133743
37.15 37.411702392
27.03 28.88808834
37.62 37.336907796
29.97 30.8947913689818
39.6 39.394816908
34.62 34.252356192
36.11 34.791319608
34.91 34.8282624
29.59 30.03676799088
38.66 38.836909272
37.94 37.964277624
35.24 35.203638594
26.09 23.88824333976
27.4 28.41782954682
29.61 30.5205636281223
38.24 38.767342296
38.59 37.58199402
28.04 29.790452802
33.25 32.789287266
26.07 27.873046272
40.08 40.145546508
27.36 26.6714639167722
37.28 37.676559288
34.48 32.74125439116
29 28.48181206872
26.15 27.044228562
39.03 39.155458668
29.11 31.12167939258
24.86 25.3354875
35.73 35.206989414
31.78 31.972907532
28.29 29.65569200472
33.33 33.1405165326
25.48 26.996939778
29.77 29.76650829894
36.05 35.553048636
39.7 40.668026208
39.83 38.905596888
30.3 29.73777248352
35.89 35.203268352
34.07 34.1445939
39.96 40.065228066
37.41 34.26327121638
40.07 39.61956207
37.62 37.050369432
35.47 35.79743325
36.35 35.828298048
37.82 37.78985148
26.46 26.84814685338
30.36 31.47741086232
30.79 30.37251998922
37.18 37.63847868
39.83 38.889398454
24.37 24.838965732
24.73 26.137367832
40 40.41538653
36.83 37.313617728
30.5 31.09724718522
31.83 33.017363202
25.96 28.05115749
29.31 29.42671162368
25.9 26.32626975
33.28 33.29773703526
34.43 34.08802701
35.75 36.083812962
36.66 36.492977784
24.38 -5.78731908
34.11 33.499733016
29.62 29.73891301482
28.05 26.900672729025
26.79 27.867500022
38.17 35.93571693
25.31 25.423692288
39.34 39.387331416
36.74 36.748474482
34.85 35.5134898095
39.96 40.20007206
34.75 34.097600856
27.26 29.15490045
40.93 40.07810271
28.6 27.08090359896
29.8 29.82751285818
33.74 33.935290872
39.33 39.053767542
25.06 25.426969302
29.77 29.40754626768
29.31 27.84703242
38.16 38.81535522
32.86 32.504168082
34.83 35.32595703
25.92 26.272152518592
35.01 35.449188312
35.17 35.83067565
26.4 26.6832237
37.25 38.745079842
35.61 36.314540544
38.93 39.191304972
36.61 36.53998095
40.59 40.998988644
32.57 31.7758842375
25.83 25.64910735
27.63 26.24304087276
34.16 34.064421558
25.92 25.32567181578
38.37 38.88584391
29.64 31.818586182
40.41 40.130387682
28.85 29.59555223568
38.37 38.739490374
37.26 36.893384706
31.67 32.2411305801
26.63 27.34824207
33.29 32.44090300806
40.93 40.750430802
39.72 39.864736146
35.77 35.9234349
29.56 29.67430714968
29.35 29.63343526728
26.91 28.440154482
25.63 23.725730514
24.14 25.532064246
26.4 26.7425574
27.32 26.44960646472
35.83 35.739868728
26.35 26.1800001129
29.97 29.52630521184
29.42 28.78411044876
33.1 33.462227298
39.44 38.94706524
34.35 34.312926738
38.5 38.183881188
38.67 38.39792394
32.64 32.32066317
30.27 30.30583345608
27.93 28.33105999368
39.44 39.4699227
31.02 31.15895468568
31.92 31.11582374202
40.07 39.285903282
33.48 34.3060675032
25.27 25.90056375
29.2 28.43835295512
26.38 25.87865464362
25.72 24.36903256908
39.06 38.741663766
34.36 34.554423282
36.52 37.577945208
26.98 26.35504359402
29.87 29.48493232938
29.36 30.6062992785
32.51 31.43103432288
27.76 26.48359842762
31.76 31.88273749968
37.49 37.34639004
30.58 29.6068448697
27.79 19.446171906
26.2 25.80983173338
36.84 37.216901868
25.72 22.464793218
39.88 40.416783222
37.17 36.49920045
39.94 39.36162711
28.08 31.311068556
29.96 29.7336441225
30.42 30.3973203132138
40.16 40.20483999
32.68 32.5270136217
24.94 23.247865056
31.58 31.53430914924
27.29 28.491110556
27.52 25.9697167299642
26.8 26.08910141064
30.49 32.1245532465
37.71 38.026709004
34.15 33.39276618
36.14 35.233549698
28 28.03542950388
35.83 35.73081615
39.62 38.943173586
25.77 25.049823072
37.06 36.356280546
30.17 30.169727899392
39.96 40.637605524
29.27 29.11310009562
29.95 30.80826932694
29.62 29.030716524
40.35 40.487433564
27.75 29.552739864
27.11 25.94760039978
35.62 34.43785815
33.41 33.48253862124
30.86 30.874527460668
26.58 29.09683047
34.59 34.346647218
40.76 40.711613286
29.69 29.88022073808
33.16 32.493180198
38.48 38.88291975
37.33 37.206584706
37.97 37.761410166
32.53 33.89057142
28.64 26.9088678876138
33.63 32.682449856
28.94 34.69069796592
35.26 35.38701645
33 33.05858169606
39.02 39.102843936
38.89 39.073099746
27.57 26.172663436644
26.06 26.90364615
29.59 29.425132452
36.34 35.727794904
24.27 26.52574524
33.37 33.832373376
38.24 38.152466772
30.05 30.05495515092
26.21 25.78634238
41.77 40.45971279
30.52 29.38606508874
30.05 31.0851344224938
35.8 36.186961548
27.62 27.16606472712
40.53 39.8501184
33.53 34.02143272122
26.35 26.882837148
31.28 32.982815037
28.89 29.61332786298
25.82 25.93951206
39.59 40.15390431
33.03 33.59796550854
34.5 34.423596678
28.23 27.8960994318282
24.88 25.504645026
37.89 37.805832408
36.39 36.403505724
35.28 35.516371776
30.53 18.0854695742682
37.45 36.74306013
39.29 39.328366692
32.75 32.969453298
37.34 37.997554368
32.84 32.12094917802
30.55 30.27565902
26.41 29.5280526
35.4 35.02671573
36.6 36.21971751
36.65 35.982544002
28.06 28.07289798774
30.84 30.54306796458
40.15 39.35109495
38.82 38.574070584
39.38 39.65018871
39.73 39.8596422
32.84 32.66291703
25.93 28.374586764
26.04 29.336557836
30.09 29.7864757272
36.56 37.23688716
30.91 31.54919098998
27.18 28.182892422
31.86 32.492331192
25.36 23.6390364066
33.85 33.834918156
25.93 19.778409462
35.29 35.199303204
29.95 29.57386071
32.97 33.47520440628
34.72 34.263540822
26.39 29.156650836
37.52 36.73690626
24.59 24.25394082
37.29 35.94227781
33.26 33.7196253
34.45 32.79189954
32.29 31.977925248
26.74 63.960769362
34.21 33.62953029
28.55 28.483780386
25.42 24.822240384
31.21 31.4264732145
25.29 27.09184668
37.6 38.053810272
26.49 27.041504646
39.09 39.139325196
31.72 32.20171424202
33.79 33.754466712
26.98 27.870333627
26.3 26.33058637098
29.93 30.54117432648
41.46 40.49553693
26.63 27.14442722328
30.68 33.80014268634
33.96 33.827694564
26.81 25.43536279596
29.01 30.62754403098
34.86 33.784292994
25.09 26.9672469426408
36.67 37.36824
39.16 39.797939604
29.12 31.27996896648
35.75 35.875965558
24.69 25.64758533
39.5 39.09702306
28.05 27.85261722996
30.27 29.75935109178
35.01 40.124483346
37.46 36.94041501
32.28 31.87052241456
31.7 31.330114392
35.26 35.159278872
29.44 29.35190779158
39.33 39.147021462
36.61 36.122470176
31.1 31.28335095792
28.73 29.65069485498
35.62 35.35986774
34.58 35.56371783
31.75 30.8883920088
39.51 38.42696226
26.69 25.5207760626
32.73 33.757145778
30.49 29.55716955258
40.56 40.58243664
24.93 6.58060119894001
35.61 35.860004184
39.5 38.986914684
24.46 18.649049766
38.78 30.78966620568
36.7 36.5727552
29.63 29.64610709832
29.98 29.15026013418
26.78 25.41227030682
34.27 34.9087960776
33.02 32.16542286288
33.07 32.932319442
30.35 29.78172399162
39.62 39.916608918
35 35.115511308
38.94 37.40160909
34.27 34.352790144
36.84 40.056658464
35.94 36.141854424
29.15 29.31978253098
35.45 35.671282392
27.98 28.09264036992
26.4 24.4347206232
34.04 34.4375735295
36.5 36.4862397
33.29 32.801583099
31.08 31.09420407
24.34 23.788692372
27.38 29.211255138
31.9 33.52004411226
39.22 39.53437797
36.05 37.211940786
26.66 26.76391196394
40.12 39.571007736
40 39.501901056
37.16 36.659301906
34.22 34.269717462
30.95 30.5368616031
34.72 34.865867064
30.31 29.22475935072
37.51 37.557330132
27.13 26.977759302
34.81 34.891609782
32.73 32.02408182378
37.94 38.00981766
25.42 23.6928113364
40.27 40.272199986
33.21 33.712464018
40.05 40.887072294
38.41 37.567834854
29.74 31.62583096122
29.78 30.3103333038
32.13 33.0248476785
26.67 25.5157691871
26.51 26.32290070218
31.7 33.90407683482
39.35 39.86198823
29.24 30.70727571072
24.55 24.962481984
30.23 29.5989827816202
29.22 29.961676758
33.62 33.74029686
37.95 37.637579298
36.21 36.07930335
35.53 36.41071125
30.86 30.86054339082
40.86 40.54310742
31.23 32.643654978
40.11 40.077158802
31.21 31.9721669826
28.59 28.20701854698
35.81 36.816589632
30.88 30.31629219894
29.37 30.02117260938
30.05 30.798779228295
28.57 30.39415458
30.03 31.75934817792
37.4 36.37237557
33.74 33.7868351196
33.12 38.105142546
25.52 24.887197698
31.32 30.51138799632
37.23 36.91775415
30.44 30.3466140598602
26.02 26.304442212
35.17 35.09078487
34.69 34.64881248
29.7 28.3691859591
30.91 30.17160688236
31.33 31.11012334488
39.39 39.4177863
25.36 25.0865121705
24.95 24.41853378768
29.02 28.90901722128
39.06 39.11540919
40.55 40.96026816
30.24 30.0465797865
35.42 35.248682406
38.3 37.078203138
24.67 25.10943375
28.29 27.52225333062
25.13 24.937319424
29 28.41105069114
38.31 37.084057494
31.85 33.51413123592
32.13 32.18521186554
32.92 32.767136466
33.24 32.107517286
32.67 33.270103876152
25.61 22.53571804122
28.5 27.24489470154
40.19 40.3758102
24.25 23.29105398
35.7 35.648174838
29.75 30.07596951654
38.92 38.353259616
26.83 31.510480164
30.54 30.65571141702
34.24 33.720624834
28.71 27.9477556861848
39.56 38.96792589
31.42 30.71005473552
28.87 30.15839606232
34.1 33.0580947
33.93 33.133771884
27.78 28.83041995872
30.52 31.12055630058
34.57 33.811260006
28.71 28.53558260778
39.6 39.431064882
30.85 31.2385132799328
29.56 29.082806229
39.22 39.67857084
26.79 26.41084659984
29.07 29.56760872464
36.81 37.670486646
40.85 30.22344774192
26.7 27.0414601545
30.21 30.3705380145
25.13 26.338612998
26.3 26.8684960665
28.99 34.0751558322618
26.12 26.137936992
34.57 34.535186268
27.91 31.001934786
33.52 33.317006268
26.17 29.726970162
39.14 38.390510802
28.88 28.59000567
25.39 25.32484326
36.97 37.013700516
34.78 35.973116436
32.5 31.64255268522
36.63 36.082180434
26.32 24.76027683672
26.99 27.023450466
39.53 39.649324116
26.11 30.12191223
41.12 40.665570072
34.12 34.387677624
32.06 29.17923387738
35.09 26.89242442392
29.37 29.47149019272
26.6 31.984077984
27.85 28.650160914
32.51 32.706555345084
35.19 34.923896088
35.3 35.46875328
34.46 34.6682163183
26.87 19.60143744
24.66 23.38459242294
37.54 38.847718722
26.62 4.35534260232
31.12 31.16304341706
32.58 32.54159567658
37.75 38.081789412
37.75 37.77939255
39.9 40.318878432
39.54 39.146965446
26.78 27.4295309313432
35.78 35.4034776
28.1 29.3425758606
35.87 35.501378322
31.96 32.53282072662
25.37 24.889836504
30.31 30.39565139412
24.25 5.0396589255
24.2 24.8615949
41.42 40.31603925
31.31 30.63585044568
35.77 35.217730848
33.26 32.74237202952
28.1 28.2033479823
24.7 24.33567407898
29.75 30.71545620042
30.97 31.9865943643752
28.24 30.06381224442
32.88 32.5710766545
39.08 39.484030422
40.73 41.04925986
31.33 31.14440898
30.68 29.96431049802
37.1 37.215716352
30.13 29.2283354145
40.72 40.515199734
39.18 38.939860146
26.53 27.6429558
38.48 37.273175652
26.08 25.768494789
29.79 30.7460054798538
34.19 33.54781008
30.04 29.07477885
33.03 32.84059224378
38.97 38.6603661
34.12 34.107280356
32.47 33.34955798694
26.05 25.50088055112
40.81 40.49548719
33.7 33.09157012854
31.7 30.91180363872
33.69 33.28199895
38.09 37.86427191
36.17 23.761104114
38.43 38.632493346
26.02 24.22805298528
30.4 31.7868523678122
31.2 32.11599289728
39.23 40.211637132
34.68 32.70701997402
29.45 27.987198432
32.48 31.89683474922
28.98 28.01559136584
41.3 40.68236172
35.44 35.799846528
29.64 29.17609087782
30.23 30.08670433338
37.76 37.292132994
34.54 33.40840917
35.9 35.38253199
37.5 37.487422914
33.41 33.22817421312
27.9 26.646373443
38.1 37.608714678
32.06 31.29834189
39.67 39.221972034
27.5 28.585925652
32.95 31.98041762538
31.97 32.42928969984
24.58 25.681155648
36.94 36.092582502
26.97 26.29474789128
35.15 35.33619711
29.02 29.06118156288
27.09 27.486241944
28.63 27.2612911726632
33.65 32.99885994
28.03 28.67908448472
36.05 36.364323684
32.95 35.608940796
25.79 25.414563558
29.71 32.56185250032
39.75 38.610822342
30.55 31.55611521408
38.31 37.998812388
26.47 26.16508030326
34.57 34.7671137
35.67 36.11577669
40.42 39.86804661
37.59 37.728875058
34.47 34.181839416
31.39 38.88524415
28.2 26.0919604756992
28.55 29.07135977898
32.55 32.54885910858
26.3 25.29362940168
35.83 35.74794927
29.35 29.2055078334
26.3 27.668384472
24.22 24.195926838
33.22 32.23552191
24.55 26.157765612
34.4 34.53427821
35.75 35.551720338
28.4 28.667053506
33.21 33.254771424
39.43 39.362073474
24.6 26.9411664
24.78 24.626305446
32.9 33.8163740409
28.19 29.84541755952
33.59 34.084957944
40.45 40.5000255
33.21 32.560117878
34.77 34.652688438
32.34 31.77029190408
38.18 38.19234306
28.5 27.9812327092458
24.82 25.523932326
37.19 37.282598754
40.89 40.479602304
27.12 25.57614331686
37.95 38.733775032
29.63 28.37350285464
34.63 34.11246525
39.51 40.137234342
30.24 29.86466946456
36.14 29.9637312546
39.37 39.70823394
26.62 29.33689548
35.44 35.468974272
35.67 35.512507542
26.18 28.194930084
39.43 39.4181472
26 28.6200093
32.69 32.12464616832
27.67 25.89307913946
25.03 23.9072473344
31.23 29.86947876378
28.74 30.04920251898
31.4 30.91298680506
35.67 35.12810352
35.7 36.30265239
27.43 30.057877686
25.83 17.4101214
26.1 26.889809538
32.95 32.9189348937
29.11 21.73052933472
26.98 26.6964293532
34.19 34.4656047792
29.7 30.67862264832
34.47 34.36340934
34.93 35.14084284
36.08 36.158333862
33.29 33.168749142
37.58 36.43604463
28.21 48.27144183
39.09 39.462586104
26.51 27.35262977802
33.49 33.70711361928
27.42 28.04496546
38.23 38.284717332
35.76 35.32089468
36.43 36.51528198
34.39 34.057111062
40.59 40.054499436
39.62 38.890260642
34.66 33.741049692
32.84 32.58453771024
32.63 32.56865250648
30.61 29.99822159046
37.57 36.429954438
30.94 30.5355774108
38.85 38.7938967
31.57 30.87982195968
39.08 38.855430966
26.99 26.77881071532
31.93 33.112185708
36.28 36.518544066
37.1 37.33422783
38.79 38.383257252
31.85 31.6047856665
38.16 38.09187453
32.9 32.32661989656
30.22 30.013164534
32.22 31.45547767818
25.63 25.28255886
25.42 25.740337044
32.81 32.20839126618
37.07 38.860341474
37.04 37.32101727
24.66 19.898005404
24.74 25.28918742
33.87 33.97707213
26.97 25.640177856
32.67 32.33687991258
36.72 36.29977365
31.21 31.08598323348
37.25 37.343817408
35.48 41.273289606
32 32.416438962
38.78 39.0471384
27.37 27.0768059952
34.34 34.186882656
29.48 29.728498404
37.67 37.887963942
33.25 31.99401111
32.22 31.7948865087
39.13 39.547114788
28.63 29.68302057672
33.27 33.27146871
30.09 31.20626642928
38.18 37.734789468
28.72 28.442422461
31.9 30.73114456122
28.34 29.973892674
35.51 35.710139172
33.19 33.32281864332
25.46 25.555023886695
27.87 27.69630703482
25.62 24.4330650231
24.82 24.8688752631
24.57 24.55983933
29.53 30.3987261945
30.42 30.8094013080282
26.77 27.08737343112
41.15 40.580777112
31.77 31.477864415127
36.08 35.797862406
30.79 32.070541272
38.13 38.501080566
33.07 39.026267796
37.97 38.535545568
31.71 31.593614379108
36.81 37.557298902
30.25 30.04362230934
35.53 35.813575128
29.04 30.8364677265
29.56 28.9274380404
30.68 30.20514972744
33.77 33.42166014
30.13 31.824553344
27.33 27.20343111888
25 26.857387416
25.81 25.543051458
39.19 40.040960502
29.9 29.31741879168
34.41 33.821583234
34.93 34.832271522
36.19 36.69037068
27.12 29.44369220448
33.62 33.484399296
36.07 36.21145605
34.16 34.265614002
29.81 28.59171092682
26.83 26.40707219784
37.91 37.721815734
37.41 37.65008775
28.82 28.26836797128
24.88 26.4017051772
33.92 35.220717348
36.68 36.449832486
31.09 31.07911241802
26.76 25.61817884298
33.61 32.976204054
35.88 35.58111645
34.16 34.036507398
38.61 38.6425272
37.47 37.432737426
33.48 32.38452975
36.73 36.398018532
36.54 36.415402392
28.95 29.34953196618
24.11 26.00435046612
27.46 26.2368400593
28.43 28.16677557192
24.75 25.171370418
39.38 39.572779062
25.56 24.53857575
29.25 28.9788404511
33.7 32.92264333722
28.32 29.004525654
28.09 29.42910184152
26.49 25.23007580262
25.98 26.70537210522
30.16 31.61130899208
26.96 28.824293094
38.55 38.81879868
33.01 32.4691765185
38.51 38.031376422
31.63 30.888682392
37.22 37.498851906
39.06 39.057363084
33.38 33.59515551
35.22 35.1093171
38.56 38.211604224
25.78 29.548779492
28.22 27.424342638564
36.95 36.63099453
29.36 28.719541112457
29.91 29.52344840646
27 26.74395410988
31.64 31.55925447168
36.3 36.1230447
38.28 38.515515798
29.13 29.2884912663
29.29 27.9912201225
27.83 28.0399803
27.63 27.941259876
33.44 32.30742593928
33.37 33.21671570922
33.79 32.773182738
40.62 40.591892742
26.67 28.08811658208
38.37 38.348214582
27.17 28.15113646668
31.69 31.7148419865
28.61 27.71237927028
41.52 40.244535318
27.94 27.7208803201872
33.91 34.2025467537
26.55 27.41547658368
24.92 24.4285811778
32.67 33.23788923444
25.19 18.95335023
29.81 30.4256368311648
40.39 38.891328996
30.73 30.5855247567
40.04 39.835852518
36.5 35.359608828
28.01 26.9875744586112
35.04 35.243887938
30.28 32.39768252928
30.08 31.828598157705
32.85 32.03562378768
40.96 40.286418468
28.6 28.32233502792
33.25 34.136928642
35.94 35.798725302
26.59 26.60892383658
29.78 29.5224646571472
33.21 33.1175766831
32.31 33.12347975304
41.54 38.737487424
26.4 27.94070253
36.37 37.983794034
40.81 40.355393532
32.76 32.72827245
39.63 39.253295766
25.5 24.04760499948
40.13 39.28823148
31.54 31.45581140682
29.8 30.09825373242
39.81 38.4572391
31.06 31.9307069982
34.76 34.037043072
32.64 31.57123391418
40.23 39.675095076
35.58 35.688955128
29.53 29.13718614024
29.65 29.08879625478
34.66 33.771989634
32.75 32.927792082
26.46 27.27453378
39.16 39.072490482
25.51 24.3603321825
30.82 30.85310218278
31.81 31.13384514762
38.65 38.51186253
33.57 33.20698053
24.59 23.1991708161
25.03 26.30136561672
28.2 28.3717674159
33.22 32.534832018
35.31 35.912388054
26.4 29.18395605
31.1 32.9293120816992
33.82 26.61428718138
35.05 34.54148823
29.99 30.91453978362
32.51 32.840886936
32.87 33.155429028
27.45 26.97319623162
32.98 32.533564512
35.15 36.844731372
28.04 27.21856743642
36.9 37.341201216
33.98 33.227897484
33.34 32.634499746
38.11 38.237218584
30.1 29.32842748632
29.75 29.44403951322
39.52 39.221598108
36.27 35.818803462
36.34 36.479044416
28.69 28.7018647185
38.37 38.51233365
29.39 29.2744890366
33.65 33.89156205
25.76 24.240293634
38.43 38.21066535
30.91 32.0455205599818
30.91 32.3336631985098
38.2 38.266234752
34 33.42201708
38.76 39.14768607
36.88 36.896720532
38.93 38.36162541
24.81 24.763064358
37.99 38.1913473
28.52 30.63585220368
34.06 29.625078918
24.83 24.92632866
37.07 36.716487
41.72 40.690867872
38.61 38.20474317
28.87 28.52081320458
29.28 29.33595790566
32.19 32.5487573364
41.49 40.60079319
38.36 38.442452322
35.08 34.973311314
32.8 32.38594594392
24.27 25.286059236
28.09 27.4460254328058
33.93 33.909508518
30.29 30.956322072
35.78 35.636597346
35.27 34.998403476
40.04 39.633153366
39.3 37.932462726
36.08 35.762567682
31.89 32.34783851994
24.66 24.927948312
39.84 39.00856044
26.4 25.89916513548
40.22 40.348308504
29.96 30.2186964543
32.62 31.69348363488
27.28 26.2773745176
26.52 25.6281238626
27.41 27.6879847161
29.59 28.6226170338
26.82 27.749868756
37.62 38.24892399
26.22 27.680390166
32.48 30.82590427272
29.05 28.97275058058
31.51 30.84929941848
33.62 23.242192932
37.51 37.102310436
30.5 30.05187586122
32.16 31.92945895392
34.5 33.940540644
37.76 37.84799757
26.42 26.471177484
30.66 30.7588189035738
27.09 26.12660921556
38.24 37.693458588
37.13 37.35695319
26.51 29.51516445
31.72 32.9555351145882
32.63 32.47736210742
35.27 34.519182774
30.42 30.01988126028
32.68 32.7665719506
30.2 30.29262490698
31.49 31.15410152052
33.36 29.02049235408
34.27 34.047058188
39.19 38.897475708
36.53 36.671514006
30.82 31.1617672452858
32.28 32.35503663888
37.2 37.425370866
34.97 35.171230182
38.34 38.006910552
31.46 30.65942976762
37.94 38.257732482
32.32 32.89572385428
33.28 32.96093367
39.36 39.13961052
27.89 30.19724277
37.45 37.35152565
35.65 36.118104636
31.82 31.23311919942
33.05 33.0394542
32.14 32.434758534
32.88 33.643116903504
38.43 37.92181314
32.17 32.05247178282
24.1 22.8305464728
29.59 31.31467158792
25.3 27.18051231
25.42 26.156629698
30.36 30.18280710828
38.96 39.508165878
38.34 38.17627818
30.97 30.67857876504
28.82 29.07225167142
28.14 28.33516899366
35.1 35.113278108
41.47 40.517222838
24.07 22.54823565
39.44 38.788935126
39.84 39.558267348
35.98 35.983929252
24.89 24.831893496
25.42 25.315335516
31.56 30.93520212552
32.18 32.02158219348
35.81 35.220138306
24.09 25.743804384
31.35 30.95630550192
29.68 29.41834218888
28.69 28.30457016192
35.66 35.850824454
27.64 27.0065895589272
32.69 32.46682939032
29.78 30.6073902
25.5 24.206029702575
27.51 28.48716124698
29.03 28.9185383897862
24.79 23.855063622
36.56 36.875015832
25.73 24.069770652
30.03 30.02986718688
32.43 31.02566969112
27.47 28.91580735738
26.18 28.59314064
32.48 33.788043645
32.04 32.0797156695
37.44 37.7167296
29.28 28.63615443288
27.78 27.16818378
25.39 26.36789919
24.46 23.23050924
28.15 30.11101169322
26.74 27.78553545312
36.42 35.881974354
33.71 33.13574781
30.24 31.29813421008
31.29 31.22337900522
27.59 27.76859750874
29.71 29.21510806698
28.65 28.8123513207
30.44 29.7735211461072
29.81 29.33230136448
35.88 35.53988775
35.35 35.5902798
29.4 31.39313699928
27.48 29.396466264
33.34 32.83331794422
36.74 36.84014922
33.33 33.434935554
26.13 27.776743716
32.39 32.38355527764
34.12 33.801290724
24.08 22.829292258
34.58 34.051514592
24.17 24.507492258
26.58 25.50781874694
39.2 39.284728032
25.85 22.979236728
39.58 39.557769474
31.83 32.8076174226
40.62 39.10637775
39.23 39.86212551
38.56 37.77406662
37.83 37.689858114
37.57 37.88263533
38.27 38.688461346
24.76 24.05901181128
33.74 33.197143704
25.66 30.052302546
36.65 37.03551744
30.7 30.25531145946
29.32 31.80501154992
25.51 28.680842784
39.57 39.605219106
32.4 32.40616724058
38.87 39.410557638
25.83 27.0353377425
39.13 39.7705053
28.2 28.12746143712
33.45 33.3282963
28.81 29.70363410688
29.77 29.8266601359
24.3 23.865098988
27.52 29.39356555872
27.3 30.809985132
36.4 35.413440864
35.96 36.07617486
36.25 36.02574303
36.23 36.377935302
32.97 32.65406105082
28.45 29.32521102048
28.84 28.8784245072552
38.8 38.862558456
31.38 31.99659507174
35.28 34.67854605
33.93 33.454975332
39.09 38.889665106
40.98 40.3498014
29 28.7759720145
26.11 27.29554127328
29.12 28.6690475904618
34.96 34.1444967
34.49 34.7892172887
24.6 24.91963842
32.51 32.15875292112
36.03 38.035741199655
25.4 26.727102786
32.78 32.727910044
37.88 35.96069334
26.18 28.57900512
31.99 31.12068624042
34.83 39.976103928
25.37 24.94817895
37.82 38.362729944
29.31 28.796760525
31.97 31.66503413322
33.01 33.0737926353
27.53 26.25506596812
40.26 40.17398943
39.78 39.59826789
37.18 36.510735444
35.99 34.953242322
31.83 31.14728650848
32.18 32.14901244714
39.1 38.942685924
24.11 24.212284644
28.92 32.26231992408
25.01 27.73866567
25.35 26.05012782042
26.65 27.359397462
39.95 39.179293728
30.38 30.56473573728
34.79 34.7602070487
35.44 35.287385952
27.71 26.7454955919
36.99 37.23082284
33.55 34.02343420122
24.31 25.050647064
29.24 30.52004691408
30.94 32.62298859642
33.46 33.165194388
40.5 39.518203506
24.68 23.44441242054
36.21 34.960846908
34.33 33.38144592
38.52 38.228000514
39.26 38.653804092
34.1 33.489118002
41.45 40.75714749
39.05 38.75443536
25.59 25.115764692
38.33 38.124235842
28.67 28.60153333248
35.72 35.46204042
30.98 30.8077544775
37.76 36.67516032
37.96 36.883173432
32.25 31.60862773818
34.95 34.29768054
35.52 35.28131277
32.62 23.50796644938
26.35 26.6530065
29.47 28.80132799818
36.11 36.127706808
27.15 27.88751490072
36.81 36.870684834
30.43 30.27515266698
33.95 33.67017015
33.15 33.156749814
25.17 23.738389986
30.67 30.73881518682
34.04 34.0730715
25.08 38.63476221
36.14 36.631794738
33.1 32.15078718762
35.42 35.664563622
33.09 32.57474356992
28.84 28.72509632472
33.82 33.11846439018
34.48 35.674459968
34.41 34.11705741
39 39.217880064
28.99 29.42863329162
26.75 26.97980422488
26.05 25.46939217642
31.67 31.34498677482
39.51 38.131238292
36.33 36.64456743
25.3 23.235368376
36.87 37.197353814
40.02 39.15811965
29.54 29.10878308218
32.38 31.8899143554
40.94 40.71142101
40.71 40.606505952
35.55 35.120282754
40.01 39.384842916
39.23 39.912111096
28.18 30.42281665032
37.78 38.065418934
34.28 34.102147584
28.44 30.6871949625
29.31 28.21753243884
25.83 27.58092063
30.18 31.12978907802
39.62 39.194045076
28.61 28.89069078282
38 37.563940146
35.46 35.059375218
35.03 35.9833107
29.02 31.56141885
36.25 36.74471997
36.14 35.69553525
37.54 36.44421834
28.09 31.061174808
30.08 33.675102870105
32.12 31.27966585176
36.47 35.881533222
31 29.7391109439
27.37 26.9791416642
41 39.91263852
40.58 40.084427154
33.89 33.941423676
33.35 32.68405377402
36.53 36.467306508
33.24 33.553672788
29.49 29.78158765818
28.2 27.9808333359
30.19 29.827524642
35.72 35.99200983
25.29 25.8011167425
34.51 32.88344454102
28.84 27.05620361088
33.53 33.92411325
32.07 30.79215950682
31.02 29.18679153672
35.03 35.414310144
32.29 31.718064198
33.11 32.19854199168
34.78 34.863363924
37.32 37.1647758
33.6 33.110629122
33.37 33.1025853
32.32 31.76394452742
28.33 28.8707264256
36.57 36.6404577
26.03 26.7030814338048
37.27 37.51991655
28.35 27.33371255082
28.14 26.71671303552
37.95 38.071306488
32.68 31.9411538025
29.82 32.26997668602
35.13 35.505097266
31.21 31.7324536161757
32.73 32.7477009
33.48 32.45326386528
31.49 31.23505905078
37.76 37.84190367
40.99 40.24004181
36.14 36.776815968
37.85 38.491504086
27.39 29.467984854
39.03 38.233624344
37.12 36.58912725
35.67 38.719532352
34.38 34.989071448
28.71 30.32469156552
28.19 29.80779650832
24.24 24.888290898
35.05 35.125934712
38.25 38.491107996
35.5 35.09672271
40.55 40.974462642
31.58 30.05490120672
39.49 39.619384806
31.26 32.1423996609192
37.3 37.704399672
30.43 29.8531186250975
28.45 28.57333433808
25.64 28.474395744
38.98 38.918445216
31.73 31.5029988393
24.03 26.15699868
34.51 33.975507414
34.11 33.1395987
26.64 26.9649648105
33.03 32.562689016
34 34.45937373
30.63 29.5133810919
35.76 36.90264405
30.99 32.35371509658
34.24 32.1516787425
37.4 37.042314852
40.43 39.96385365
38.68 38.843847456
28.97 30.67189156608
39.97 40.150912386
31.24 29.96291543808
24.47 22.614164706
40.31 39.307741476
27.05 27.602245758468
28.79 28.22762796294
30.24 30.7210769847498
24.36 23.619522264
38.38 39.530589276
31.9 31.949412114
34.28 33.704002338
31.26 31.80767952768
38.33 38.917219092
32.96 32.76878206728
40.18 39.66038583
39.46 39.435340452
29.52 29.3395570404618
38.21 37.311953556
30.97 31.72693981848
32.68 32.5009848921
35.87 35.627159388
31.08 31.4611565646
35.08 34.6522359
34.7 34.478072358
29.51 29.65745602452
28.24 27.6144944304
37.94 37.969278978
37.03 37.404392664
30.16 31.57205949552
29.09 29.0260815321
37.3 36.6650871
24.68 25.134510918
32.03 32.40297505542
25.25 22.864044324
38.43 37.805141856
31.57 31.332257538
38.14 37.35606774
29.83 30.31021908762
37.98 38.697119292
27.39 26.74540048404
34.04 33.942973938
26.17 26.03479469172
35.43 34.46313936
30.99 32.23655411082
25.1 26.512294998
29.58 32.5029885105
40.37 39.86566698
34.16 33.917993508
27.94 27.54846290778
34.51 35.21894277
24.2 23.529480006
34.53 34.31250885
27.78 26.9388096952152
37.78 37.779265164
27.8 27.5429083996752
35.03 35.0349459
27.15 27.647669766
31.82 33.34800146502
28.74 28.54504297338
33.52 32.76848247
30.33 31.80384498282
27.97 28.17949678602
33.94 33.024707364
26.27 27.205896918
32.59 32.99142741
37.22 39.002856438
38.64 38.556337062
36.43 35.24055402
41.01 37.186689432
34.06 32.65649515992
24.15 23.13149205
40.75 40.557122454
30.17 29.27078369688
40.28 40.228247238
38.39 38.467397766
33.33 32.91833247
31.42 31.1038552335
26.16 28.555651362
27.22 27.56243351568
27.65 26.56400812314
27.98 28.94912454
28.88 27.07913002614
39.07 39.347024952
24.15 23.832955218
27.94 26.7004281876
34.51 36.1503272244
35.54 35.20569471
26.91 26.880779256
30.4 30.04857921648
39.43 39.26027055
26.3 25.73655544848
29.48 28.92099583884
33.21 32.74373703018
40.9 40.35817335
34.06 34.315850208
40.72 39.922474452
41.58 41.09185455
35.19 35.147383104
24.25 27.081386508
35.49 36.77168391
37.97 38.666778492
36.83 36.589214886
33.56 34.11849928854
36.52 36.261059052
30.47 30.9119705020248
25.71 25.42283230152
25.19 26.127650274
24.04 21.4164327
29.31 29.73292906368
34.7 37.4114603343
31.34 30.9888088545
27.04 28.31946211848
35.89 35.544458172
39.54 38.72332407
29.05 29.16592441032
38.06 38.238619638
39.52 38.384509848
31.31 31.433546839332
31.61 31.83205426968
24.15 25.731314898
27.15 27.438540636
25.78 25.073635066224
37.45 36.9242238
38.55 39.0259776
30.51 30.6203442672
29.14 27.33497803338
34.71 34.479059052
38.62 39.393302466
37.64 36.62463936
27.04 26.09151869364
36.54 36.171989688
27.45 27.1715523553128
33.96 32.939509206
36.33 35.84265222
40.17 40.569409164
27.89 28.570512738
25.52 26.324938182
28.21 27.01470138618
36.64 36.877407456
33.46 32.697482304
25.24 24.60450641754
35.55 35.7379665
31.11 30.5731646535
40.84 40.089764082
37.15 36.92134434
33.8 33.91304727
32.16 31.26138802032
33.91 33.985755264
30.56 31.3434558758688
39.68 38.785927836
24.44 23.082509856
33.93 33.27436389
27.15 30.267428178
26.89 27.730918488
35.2 35.107875708
40.26 40.312875864
38.7 39.783520086
30.63 31.08610392042
34.54 33.10508487
29.65 29.822985356775
33.22 32.847096306
36.16 38.264410068
29.14 27.82926346458
33.67 33.983314518
25.91 27.507855252
40.89 40.58569839
31.8 32.35173360384
31.69 30.85649971338
32.83 32.90773683072
41.82 38.691687
29.42 31.45800499968
36.97 37.525407672
32.64 33.25234624518
24.02 24.498188556
32.76 31.925254764
32.86 33.01971879
35.69 35.860877652
27.35 27.87983936502
30.02 29.99555299032
25.39 24.11856731082
32.53 32.623589150439
27.19 26.20634934378
25.51 28.37646183
38.7 38.811128556
34.06 33.57118653
28.86 28.50602342232
31.74 32.11928172102
39.68 39.15986367
31.35 31.43249921544
27.04 29.3100375
29.24 28.37062573332
31.19 31.22068358928
30.73 32.068895352
30.16 29.4252798759
37.55 36.656669202
36.37 36.655386054
30.16 29.37863125254
26.05 27.02220492552
37.6 37.692403608
38.59 38.829551268
29.74 29.00408291094
26.2 24.3413011056
38.34 37.86155661
33.27 33.08053386648
39.16 39.11003031
30.92 30.8550281775
33.25 32.756025912
34.17 34.65285232308
31.6 31.12873470552
28.01 27.85481418
40.67 40.092639744
27.31 28.61427565128
39.09 37.08667029
30.86 31.160487989895
39.79 39.413796546
35.96 36.307224534
35.93 36.57467895
31.02 30.41315980752
33.71 33.77986167462
31.54 31.50724908522
34.09 33.03227155152
34.26 34.054750806
31.78 30.8199315729
30.72 30.30625969152
26.06 27.292316118
30.52 32.35530769914
38.26 38.52919758
39.37 39.519216768
31.86 32.89119524436
35.84 35.309821668
24.73 26.8382471785482
40.05 39.902693772
36.5 37.127965494
34.52 34.094259606
37.58 37.905459492
35.53 34.398481602
37.24 36.92569197
39.28 39.370320768
33.55 33.453557628
27.24 29.393726982
28.92 30.37080559128
30.23 29.71342538022
32.59 30.1135750969728
31.99 33.03249479688
30.01 29.33438739072
34.53 34.954465548
36.39 36.6560583
35.34 35.399473752
34.06 34.599000468
37.63 36.71487294
31.42 30.48351544266
31.87 31.64739173562
35.07 35.491600896
24.54 23.9029145151
36.35 35.083707906
32.33 32.547627876
29.94 29.59747621482
31.45 31.02912598272
35.56 36.02076207
31.32 31.63149833736
30.45 30.6629604183
31.41 31.916501238
31.27 30.89819768268
27.8 27.87297009708
26.69 26.76613594164
33.59 32.450529282
34.14 34.6671085575
29.68 30.45016717512
29.68 28.4631920599512
32.4 32.94639218058
30.71 31.747297188
31.64 32.3725173234
39.83 39.870458508
25.9 23.145087603
40.45 39.999277308
40.4 40.872195192
36.09 34.99724688
25.57 26.055666552
33.22 33.39374862
30.36 30.23558218416
40.38 40.56046944
38.38 38.7078195
35.44 35.93535702
34.51 34.161895488
38.03 38.19735372
35.67 36.22107783
35.54 35.255664258
26.28 28.570672806
26.29 33.8858301
35.12 34.749003612
32.03 31.4208019065
34.23 34.253848146
27.15 25.29107495832
34.91 34.458412902
33.98 33.701591532
40.13 39.36127173
36.2 35.97251037
25.28 30.78028173
26.23 26.2558112145
36.44 36.794535564
35.46 35.675376504
25.99 25.94492175
24.09 24.07861596
26.75 25.54404924972
33.02 32.26586399688
29.69 28.48959136038
33.19 32.879089254
26.27 27.619467798
27.19 25.8336597858
28.47 32.533594944
29.91 30.163401075
33 32.70023515578
33.06 32.81763107352
38.02 37.561450434
40.59 39.585276966
39.96 39.70561002
25.49 22.988728128
26.41 26.29978267308
26.12 27.37281049872
26.37 25.13067010134
31.74 31.39446327
26.95 28.412757462
30.7 29.9804093826
40.15 39.78306087
34.97 35.116667772
29.08 28.4845806978
36.16 35.819212524
35.31 34.77441855
28.18 27.64752534282
35.01 35.024379456
25.5 19.54777665738
39 38.953262982
38.55 38.34398334
38.51 38.31242439
32.8 32.7226859097
35.49 35.196188064
27.41 27.71552253
26.98 27.69418804602
24.14 22.4131459647
30.88 31.27903450968
38.01 37.802416632
27.55 26.7902319399528
36.28 36.431776146
39.07 39.11660076
26.64 25.884211794
29.9 29.43161753352
33.97 34.2860553564
40.31 39.4586382
33.96 33.37115973
31.86 33.05911666548
29.08 30.7916630625
32.23 31.28675499258
36.78 37.319118582
32.67 33.11206989
38.06 38.04883743
25.68 24.904005144
28.55 28.85414505132
29.29 30.27472815
29.8 28.20475646922
34.79 34.27045845
39.5 39.3673575
38.68 38.811050556
36.41 36.451104216
26.5 26.98590405738
39.4 39.48160908
39.61 39.759262368
32.96 31.79028085728
35.15 35.151738402
39.64 40.184945634
37.55 36.771144582
36.65 35.81192325
31.64 31.30793961108
33.52 33.30659189082
37.75 36.847362828
28.92 19.685272818
26.61 26.66218313046
39.02 38.882817042
30.25 30.5571625085082
25.24 25.742735056545
34.84 34.695701868
35.74 34.75039749
37.94 39.358186806
29.07 28.83124336152
30.34 29.07541011144
27.07 25.535959698
33.62 33.42080992008
31.58 31.47781215432
27.36 27.7863699
39.36 39.763113708
27.75 26.8695726105
34.46 33.85388901
29.55 28.88625538698
31.89 32.98897337352
36.75 37.66747452
39 39.52898157
38.31 35.451721596
24.13 23.888477568
25.14 24.0170483967
35.4 34.498133958
41.36 40.23915189
27.62 27.925513158
27.79 27.0969866966637
36.67 37.6654998
34.17 33.716899218
30.52 31.672969188
33.74 33.716798562
31.46 28.5420055791
35.1 33.02841954
31.32 31.88002264392
36.08 36.3197679
27.9 25.4705455137
35.68 35.63805405
30.79 32.0242259097192
24.11 23.65366476
26.48 27.17370582378
38.13 38.051455836
25.32 26.105732742
36.01 35.451901938
31.23 31.2015919461072
26.91 29.279507748
37.51 37.1724927
37.6 38.403833196
30.5 31.12235090934
29.35 27.81698240442
30.84 29.52795216486
38.7 39.217396962
35.98 39.2302671495
29.04 31.79831905632
25.27 26.33971746
32.85 33.265417062
24.97 24.0805053552
28.84 28.76980453482
32.99 33.02933992518
37.2 37.08851718
34.72 34.011635052
35.01 31.361599896
24.83 26.010697026
38.53 38.017111314
27.51 28.49244009402
29.31 29.60250341448
26.22 23.192857218
40.75 40.99693872
27.42 27.60896888448
29.71 29.9333191566
25.41 22.20265021548
39.09 39.731422776
34.48 34.83266853
38.47 38.805299238
26.85 26.4941382705
39.48 39.90033186
28.28 28.5371131665
32.87 32.758608576
39.28 40.04321871
39.35 39.140027736
26.44 24.84482369736
35.35 35.615109156
33.77 33.16319937408
40.73 40.254700476
27.23 27.2601129798552
26.8 31.18835317872
26.01 25.54678092
38.62 38.809342182
33.51 32.41678034568
37.76 38.301419778
41.25 40.88026218
36.65 35.932167714
27.38 29.53045941
33.45 33.67886253
39.43 39.0193878
30.24 30.10850233392
38.18 37.827084396
29.68 31.61309978922
31.78 32.00719062918
25.64 26.97803013
39.35 34.56580389
25.89 27.193744788
29.62 29.47960701408
25.37 24.27153590472
28.87 29.0795464316778
30.22 31.26689572458
39.97 40.23154416
39.23 39.38048607
33.28 32.34278012538
31.84 32.4163179705
27.5 26.44176486198
32.91 33.34873677258
35.1 34.230035832
31.39 31.175644781568
24.25 23.780559714
31.54 32.056511612016
28.63 27.6443227612842
36.33 36.0775416
30.73 30.5373849260682
38.2 38.266675314
33.47 33.992932421568
34.8 35.30085663
25.28 26.772188322
28.43 28.82447709528
26.61 27.204706596
27.77 26.74590147258
29.34 29.48210618538
24.35 24.9771489
35.18 34.700073186
36.84 36.43434786
32.31 32.041235181
27.52 29.247854232
33.96 33.47160375
26.52 27.83911206
29.28 29.6641251912
38.48 38.10246879
25.31 26.831672886
25.81 26.978651634
37.25 37.222335174
35.5 36.895360674
28.92 28.46954600106
35.61 34.41681885
31.18 32.9719804865898
37.89 38.052268644
32.86 32.58141255606
35.87 35.506613496
29.71 29.0836131236796
35.51 33.612871782
34.87 35.079668418
34.37 34.414474566
30.27 29.647074624
32.82 32.37452825304
24.73 26.27697792
36.4 36.194880738
37.65 36.774245478
29.66 29.65959263562
28.41 28.2750221532
34.14 33.936200706
35.47 35.297215932
35.57 36.07755333
32.86 32.89396436976
31.05 31.02454701498
28.8 28.366444326
27.02 29.463394854
34.44 35.077790406
35.28 35.345705478
37.87 38.428502034
26.23 27.321332448
34.33 36.019455054375
26.71 26.44960490778
39.02 39.828368532
25.49 23.83844732922
37.09 37.252347846
37.14 36.765998688
32.07 31.4094548985
38.51 37.779507672
35.52 36.239447766
33.27 32.93888539476
33.73 32.997508674
36.87 36.91741575
25.31 25.929415794
36.62 36.71313213
34.36 33.79690182
38.22 38.618725926
33.83 33.690951858
41.35 40.354866438
34.42 34.117944096
35.6 34.960740492
33.09 33.6085698039
37.09 37.081055334
29.32 28.4250966827469
39.97 40.118098404
32.31 31.61832228528
40.66 40.444638144
35.73 36.063667236
31.48 32.01171036288
40.01 39.68528304
39.26 39.56018925
30.9 30.4365178878
32.7 35.3580369276
38.07 38.164237248
32.46 33.08974419306
34.22 35.644988004
29.48 32.085020964
24.49 24.46097709
37.21 37.118782308
26.21 -30.84608388
29.2 29.66759836458
36.51 36.692298642
32.51 33.16331946
41.54 40.56776268
30.48 29.45851523592
31.58 31.44280091208
34.13 33.866249874
35.55 35.956836948
26.91 29.650435158
36.8 36.22735743
32.74 33.8869355568
26.17 25.054167954
24.84 22.94998225584
24.02 25.77685002
34.47 33.37067778
25.43 27.589172448
27.65 28.92090333
30.35 30.6861745016202
26.67 27.804718236
40.14 40.560221208
26.06 25.40933068998
38.08 38.8558704
27.32 26.75047896726
28.86 28.54983475956
37.09 37.003592532
27.63 27.75897177312
31.59 32.66134175946
33.64 34.245748482
29.71 28.75708721688
35.37 35.519511444
26.23 26.105772066
25.24 24.418357122
38.94 38.370659388
39.01 37.922519436
24.93 25.085437152
25.79 25.621253112
37.78 37.663147974
32.18 32.90647956294
30.65 34.85882009946
27.87 26.56409548026
40.22 40.313773632
30.58 31.3656888921
35.45 35.64039855
32.36 31.908694818
38.97 39.707215122
27.58 27.31189987272
27.1 28.506003708
39.39 39.211257894
34.46 34.431297654
29.22 28.11788419962
26.84 26.19281369352
27.96 31.3307087505
32.81 32.45290284768
24.21 25.427145378
37.21 37.08008304
37.76 37.354332948
36.27 36.13736397
27.93 27.86707666968
39.02 39.491128056
27.4 27.70195347978
33.5 32.71340775
28.78 30.03617833608
36.53 36.441183
26.65 25.136477773743
37.13 36.848313228
27.31 28.020684372
25.51 25.658519106
34.31 34.378767174
37.19 36.77979039
36.3 36.140604348
27.48 26.31954711414
27.36 27.81593497578
25.06 26.568565248
30.82 30.75324115818
28.13 27.478234947
37.72 38.02972002
31.77 44.70229207002
26.15 26.19776991
28.73 29.32473405
35.56 35.929048632
28.2 29.77765879128
25.97 27.044327652
34.78 35.25224727
30.89 29.6013700905
37.32 37.99013613
26.49 26.55157026
36.59 36.852832146
33.25 33.1863322425
35.49 36.17291559
32.18 31.96061538888
30.13 29.57243638182
29.87 30.48240720282
36.63 36.302678976
36.87 36.892990722
35.82 35.726822436
25.44 25.6876888962
25.89 26.10344360058
29.48 29.73563504688
36.86 36.024604194
29.22 31.34607469512
32.37 32.790656658
32.03 31.85204299338
37.45 38.0860095
28.12 30.71582690568
34.54 34.479014304
40.42 39.63790077
34.31 34.095967644
25.83 25.847989728
40.41 39.40040775
24.3 25.69897623
34.46 33.95615469
25.71 26.894477814
25.64 25.84232853
27.41 26.637117378
30.63 31.47953247156
34.19 34.37710926
26.26 32.139979608
26.2 26.540713986
33.57 33.203176284
37.6 38.356030272
29.31 28.7563390105596
35.63 36.309189732
37.13 36.455159616
25.69 26.9173492953
29.98 30.4723469755002
29.36 31.441416384
40.82 40.562488002
40 40.465227072
25.71 25.72389499242
32.86 32.271152838
35.67 35.07983751
24.39 24.61822602
36.32 36.5860614
25.67 24.98220141
34.92 34.84000695
32.8 32.882231634
33.33 33.03047298
25.1 25.51794266442
32.74 33.27944268
33.74 34.11368445
34.81 35.8155202503
33.13 32.142202437
27.18 27.172827138
36.02 36.543434358
38.05 37.037129496
29.22 32.44698129072
37.02 37.161424722
27.33 30.076359612
35.44 35.407526784
33.2 33.7250332641
30.07 29.4873716895
38.57 38.637865308
27.44 7.31736490998
33.47 33.1608656487
26.37 18.8639429736
28.54 23.02557249738
38.65 38.69168844
26.92 27.414688674
39.56 39.727433172
34.55 34.69532853
25.94 25.00398434352
41.24 40.744554816
34.6 35.3184140751
27.35 28.02048559482
27.35 26.59578185748
29.78 30.33509978208
37.79 38.41755234
35.97 35.663211276
29.74 29.743160214
29.04 28.52034742218
35.22 37.3639812063
31.64 31.401530693664
32.42 32.307141846
31.46 30.65928431028
26.68 26.088496626
33.67 33.319980354
25.65 27.61089954
27.76 26.759970144345
35.28 35.141600748
38.49 38.284211544
34.39 34.83022461
33.44 32.457605394
32.95 32.0730385425
26.14 27.117456096
39.82 39.6119649
31.08 29.96883460218
30.32 31.1399690570058
37.64 37.52848191
30.79 32.348640678
37.23 36.47090688
27.65 27.785400834
26.63 26.86671381
33.08 32.49484928922
35.59 35.261911956
25.13 24.66065706582
32.4 31.63230506568
38.55 38.744396436
34.43 33.83412711
25.55 25.016139462
29.97 29.677878816
28.72 29.0132659425
37.11 37.573500594
32.97 33.49357311
35.4 35.488078806
30.29 30.7676870712192
38.1 37.57731798
28.88 30.03402501978
40.25 40.116221592
33.53 32.885569254
29.14 29.65311854592
37.73 37.598050236
27.12 26.76117571494
34.64 34.612220514
31.28 31.06083127008
27.28 26.44897719558
35.17 38.635480356
28.65 28.9518002625
35.96 35.662232148
37.86 38.10266274
35.04 35.908988928
34.54 34.41528102
29.55 29.1439698249
25.35 25.812470904
28.43 30.310084896
26.97 27.30244003098
39.43 38.763471954
39.38 38.497403814
40.7 40.625012388
26.12 27.452089212
29.12 27.89345924778
31.19 30.88947441018
31.54 31.29574093482
29.12 30.55587838122
29.69 29.8533588375
36.75 36.611429574
26.76 28.36117101
38.87 39.20343996
40.13 39.863964342
25.26 25.15102626072
34.15 34.8215231472
38.3 37.313208804
39.02 38.577897138
36.94 37.075628892
26.27 25.356385014
30.34 31.55156954922
32.06 32.53792062
38.5 38.411084856
24.01 23.993858712
27.05 25.9787888148
35.16 35.388267576
24.73 24.713977206
34.13 34.418755992
35.02 34.003140198
38.58 38.852384694
26.89 26.6598251093568
31.74 30.47390525964
27.12 26.9697573375
34.62 34.9838753088
34.53 34.755980178
31.22 30.6908161566
34.81 34.753210716
39.37 39.466636962
33.62 34.714267247775
34.2 33.95056704
39.76 39.480572406
32.07 32.7819719631
38.69 41.488800852
25 24.78510039
36.05 35.19574197
36.31 36.106123218
26.06 29.226579864
27.33 27.53621997
30.21 29.6146315806
30.67 30.22621081068
38.06 37.07357253
29.44 28.40389605888
36.32 36.017112774
38.67 38.871070356
24.36 21.9440159391
30.92 32.0653580046288
27.77 27.62574603594
26.88 27.609882258
36.54 36.73397334
40.02 38.981722566
29.18 28.23982588524
38.14 38.584316544
35.31 34.932906912
36.6 36.30022653
40.14 40.429672194
32.5 32.62283265162
25.21 25.601516184
38.86 39.01224234
37.36 37.41221247
32.06 31.6014801177
29.28 28.7767447836762
31.23 32.276316396
24.8 26.357157618
41.77 40.380513042
29.67 28.691623155849
32.86 33.35744557272
34.66 34.61945559
32.66 27.67656653592
30.05 31.35783539802
39.38 38.900915736
34.84 34.59016383
38.21 37.573498038
31.58 31.16276691978
37.19 37.279962732
37.65 37.889598828
33.38 33.15367951338
30.03 30.70053209928
34.32 34.8026192079
30.53 31.210753962585
32.1 31.70228538324
33.5 33.84344778
34.41 34.22429751
37.7 37.13692695
29.33 30.51626443872
27.57 26.179410858492
25.92 25.471609302
26.52 24.687960852
29.81 29.5719463998048
25.24 26.86901757
37.98 37.188951846
34.12 33.6411249
37.93 37.772783808
34.39 34.65268302
26.6 26.1332447025
28.46 28.56181794348
25.54 26.11168269702
29.27 28.77093718842
26.37 25.73320933452
29.5 28.8723222194454
37.61 36.707524662
35.81 35.548214934
35.82 35.205593556
32.91 32.98632391482
25.42 24.599978454
29.77 29.3453969840922
31.77 30.99697844916
37.37 37.702234914
36.09 35.650359282
39.46 37.01890245
36.4 35.732180802
24.95 2.9626436316
38.38 37.63112226
24.89 24.5047089
31.94 31.51799370138
33.87 34.441784844
40.96 40.301128146
28.24 24.96772037964
27.81 28.20967855242
34 33.94910154
34.58 34.567425048
39.22 38.85863133
29.49 29.32106311632
31.19 31.8629489068032
24.65 25.563499584
28.17 29.146112088
26.91 26.58892999632
33.25 32.815374726
31.4 30.89976207888
32.87 32.26951602192
34.45 34.65564834
26.75 26.31572483712
36.28 35.36797728
29.15 33.08851245
35.27 35.6554011
36.94 35.849290998
27.67 27.83654446872
32.05 31.06178758488
27.63 28.797700278
36.87 36.581953926
31.34 30.13893297804
37.57 36.789230262
37.84 37.549349688
37.88 37.251027876
33.46 34.38351111
24.75 25.276316597391
26.69 25.455134976
34.69 34.83616098
39.3 39.48165501
36.65 36.5024865
29.99 30.58458916746
29.07 26.77287608436
31.73 25.85437269978
36.35 36.348990108
28.53 29.85095064792
28.06 27.596898912
33.31 33.217494924
33.03 33.2934393633
37.12 38.076824868
29.13 28.75506341784
26.86 29.44308495
39.08 39.440731512
33.73 34.913311764
29.34 28.79493833802
40.47 40.58543607
38.84 38.765463456
35.24 35.080485186
27.59 26.09373321318
34.26 33.753798786
28.94 29.92155393288
28.58 27.86220160968
26.59 27.437739078
38.29 38.35437936
38.34 38.03645487
31.06 30.14226955992
24.6 24.168446628
26.98 31.57857654
29.56 30.55196724888
31.11 31.451331936
34.09 33.724067826
32.51 34.05144029556
27.38 26.98099116378
41.15 40.07672205
39.2 38.593991352
25.82 24.13170579702
30.37 29.80263721866
38.84 38.64836496
33.13 33.53369114568
36.33 35.79433062
27.31 26.91814587672
36.11 35.369047896
28.48 28.51639073328
32.38 31.47881625498
30.96 31.76661469674
28.06 27.59322420138
38.78 37.244950356
39.07 38.97796839
36.17 35.67163458
32.98 32.52630486
34.39 33.55568718
37.8 37.488240852
24.23 22.2425263128
36.41 36.03397776
28.41 25.2220461927
34.06 33.804220098
24.95 25.66282431
28.91 28.10482094694
30.6 30.44719830858
28.57 28.816906398465
40.54 40.129367622
27.73 26.6591412564
25.99 25.28675375448
37.2 37.18634775
37.18 37.470655398
39.19 39.083905536
26.78 26.898472902
26.24 26.8132274025
35.38 36.54995637
41.17 29.296372434
30.41 30.22900502196
25.49 24.397493664
33.56 35.00148045
37.85 39.488870706
39.28 38.545425336
36.19 35.53984293
32.98 34.22706915288
25.85 24.67862812662
25.4 23.00803396116
35.2 35.022567
31.43 31.07262700074
28.72 29.44226342352
37.91 38.795811366
29.53 27.265099985295
37.42 38.00198469
30.96 29.9781617784
28.46 27.8104337977818
35.34 35.186277972
30.75 29.69771383128
25.51 28.10784549
24.85 22.909376658
24.99 30.119260908
32.29 32.5498388946
41.14 40.064349462
37.52 36.962026338
26.95 27.19152925014
27.63 27.36045214266
29.47 30.3450990537
26.16 28.574147172
37.5 36.6706653
32.48 33.57462899706
35.46 35.28297309
37.81 37.43545359
30.22 29.361786789
38.5 38.775287622
39.61 39.347627442
35.01 35.469919074
34.37 33.721193622
33.88 33.39085125
32.44 32.63341211526
37.96 38.615733696
36.4 35.53735488
29.27 28.41055807722
27.61 27.11737415514
31.3 31.4200517025
35.86 35.35297086
35.73 33.596581974
25.2 25.545196092
35.54 35.34681738
37.21 37.22712816
38.89 38.71548246
38.22 38.337168102
29.06 28.28204508432
38.65 38.99692578
26.7 25.25449408854
32.17 32.854855548
40.3 40.272656214
24.49 21.903153906
34.56 33.79341111
35.54 35.578880472
29.25 29.4279336111
35.1 34.834489878
39.55 39.797180436
34.84 34.853661426
26.05 26.83834144608
27.66 28.473176562
