33.92 33.461110434
30.29 30.93915647418
27.45 28.7883768
33.49 33.032575524
31.99 31.1582436159
34.48 34.606064928
30.11 30.32244952968
35.58 34.619296224
33.42 32.08548807402
33.28 33.304024614
38.94 38.6758299
26.91 26.7646712025
28.27 27.19060235412
35.18 35.091569244
33.83 33.65730165
35.94 36.636044358
40.62 40.181502054
36.31 36.726484344
38.2 38.298066432
26.89 28.02239766858
27.06 26.95361834442
25.93 26.8314861
25.67 27.159643416
25.7 25.40786559258
27.51 24.64151011608
29.63 29.6844562425
31.84 31.71386469018
36.24 36.489744498
25.36 24.865103244
24.67 25.208147616
36.87 36.073804098
38.12 37.992020088
34.84 34.323955878
36.39 37.32418101
32.45 33.1995014814
27.31 25.3584877745832
32.34 31.51465569408
27.83 29.65004270922
36.13 35.92194423
24.03 21.04101303
25.84 24.66882455808
39.23 38.080854102
26.15 27.3753796494
37.11 37.110442008
33.76 33.851707842
38.15 38.211398328
25.17 25.22797942218
34.82 33.727371324
35.57 35.50918476
39.84 39.749794284
36.15 35.612972184
40.36 40.075588578
39.57 39.51977631
40.92 40.810535778
32.39 31.85546957814
33.89 33.00333244122
31.47 30.60956466618
29.18 28.8994353198
39.8 39.931067424
38.42 38.736891876
37.63 37.900743288
37.71 38.623132338
36.57 36.614307876
25.73 25.3254975
39.72 39.643085874
38.18 37.763601942
26.5 27.581974392
26.25 29.112873618
31.66 32.59790474682
36.93 36.16539357
25.68 26.184063588
27.26 25.5631902024
26.46 25.00081943178
31.79 31.308355128
40.64 39.774204948
26.12 25.905977304
39.28 39.23601375
30.86 30.956608722
26.94 24.90164865642
30.75 30.41790597192
32.91 32.39006875392
34.95 34.67434983
39.18 38.387182854
34.6 35.370477336
36.87 36.40461159
32.82 33.036180018
35.83 35.403148578
28.22 30.65597328
39.54 39.86916303
28.24 27.3436100829642
26.9 29.611075872
29.72 29.67468063258
37.55 37.4408454
36.69 36.18368013
38.83 38.85911877
28.69 30.00960341472
36.97 37.648564422
39.77 39.299180964
25.2 25.10038623
36.99 38.168957292
30.35 29.81310902448
37.96 37.032912312
34.81 35.452172946
36.76 35.92492935
36.81 36.348521952
29.29 28.73280326406
39.5 38.334009252
32.31 32.417634650376
36.74 36.64621245
24.63 23.211715224
28.07 29.02416048912
27.85 27.88368413232
38.33 38.085574548
26.98 27.602414652
28.47 28.75098305172
30.51 31.0977967890522
37.97 37.90702911
40.04 39.9939744
37.26 38.3764845
27.76 26.836833828
39.73 38.993311842
37.13 37.06102605
39.73 38.86250208
25.26 26.271176502
31.23 31.5718011327
32.48 31.9223832177
30.88 30.41885659596
29.02 29.05894316928
35.37 35.182503462
26.55 27.99115341258
27.19 28.142774808
35.7 35.582623122
24.81 26.91060919338
27.42 27.69188975328
33.13 32.09690322138
35.42 34.73217789
31.56 30.28697541888
31.69 30.92149940298
25.35 24.2063091228
25.62 25.29756463872
28.09 27.68952906696
29.33 29.23628024712
25.33 27.68156175
36.99 37.031975544
28.77 29.4905420025
35.68 35.756724108
26.73 27.14733276
37.3 37.262004978
28.39 28.17673905306
39.39 39.40331646
29.46 29.35264520136
32.17 33.029809446
24.74 24.21881594502
28.17 28.6308740991
34.27 33.364973112
31.46 32.6086931334858
25.32 25.749115428
36.64 38.929784838
24.56 23.021832684
26.45 25.1470965471
24.81 23.68762114314
31.28 30.83550022608
25.83 24.679521124527
38.81 39.033578076
33.43 33.454515
30.02 29.57844724872
38.67 38.677470816
25.1 24.679233876
29.99 30.2248787621928
40 39.438751794
29.39 29.85786700842
34.72 34.893266646
36.27 36.117325734
25.95 25.07760054516
25.32 24.959362584
33.09 32.53961292
31.08 30.41688793062
37.32 38.404428582
35.6 35.714953074
25.88 25.55112472428
32.94 33.39474158298
26.72 30.688606482
31.36 29.89817141178
33.16 32.80140313482
34.7 34.848844836
38.95 39.21427455
29.27 32.05386375978
24.56 24.01048182
34.1 35.714061696
25.25 24.5558597646
36.21 37.664920128
31.06 32.3754021993
31.37 32.7684891
35.07 35.312168226
26.98 27.5743758
33.35 34.5550134
39.82 39.9643953
38.93 39.03460413
40.85 39.927316224
38.43 37.761379968
32.97 32.9033167545
33.84 33.00576610992
31.07 31.55173434042
35.08 35.123868672
32.82 33.769776108
37.01 37.54213959
31.77 31.96103104752
36.94 37.050911616
26.46 26.8653345
28.68 28.1868095346
32.23 31.7433221607
32.13 31.31253093018
31.61 31.27030021488
24.2 23.829640152
35.8 35.80944429
29.12 28.63458339846
33.33 33.91541719476
25.83 25.554342372
38.95 40.817675766
38.81 37.6388382
29.53 29.79607366272
28.39 29.41575897432
37.88 37.458865812
32.32 33.15623541
38.62 38.287405698
32.76 32.91565447776
34.42 34.008349206
25.81 27.041640096
25.43 27.37185443898
39.46 39.407726802
34.99 35.073119526
36.06 34.67228205
32.04 31.3612129425
31.55 31.07128575048
25.82 27.18869493
28.85 28.7311801458
24.33 25.459350924
33.24 34.17603269016
32.63 33.1022941716
33.38 34.079264322
25.65 24.99325814112
26.99 26.3480436831
37.94 38.1541107
28.09 28.31908757448
36.59 36.111530724
30.6 29.9762970519
32.69 32.915151174
30.79 31.1263147428522
29.08 30.7774823025
32.85 32.5981662
32.44 32.69033617722
30.62 29.2845536025162
32.45 32.7213241815
29.04 28.46218701162
28.41 17.18353592088
29.79 29.75308130712
29.66 29.37219191418
26.28 27.1114772592
31.34 31.57846403322
25.77 26.128432128
30.59 30.6344509095
27.55 5.94958043352
35.71 35.820351606
36.54 36.93150588
36.92 37.19734242
27.9 28.902422082
24.2 30.269209314
34.49 34.40330733
31.13 30.92650015962
36.28 37.535737062
28.34 27.81044865708
29.03 29.416464075
34.7 33.8396349
35.72 35.602696866
33.68 33.80210274
31.85 31.91701047
30.55 29.77289132592
24.44 25.476522546
41.12 40.492297248
34.57 34.27572966
37.97 37.416891558
37.25 36.856163724
31.7 32.27080813356
34.24 33.801796956
30.16 29.43514514964
38.12 38.268365304
32.11 31.7901694191
36.34 35.900312316
35.31 34.601931186
35.33 35.211031638
36.28 36.460517682
25.75 24.95528349528
30.93 31.1048707036422
36.67 37.730768268
34.25 36.7208943375
36.02 35.77141047
25.62 29.716254876
37.31 37.664705586
36.33 36.88486797
29.06 32.58911282298
30.47 30.71573337414
25.28 25.26849132
39.5 38.84352807
31.41 30.6962809032
32.02 31.8556101585
33.16 33.421683684
40.44 40.513567956
25.94 26.36709010854
26.55 28.56506592
26.59 4.075340466
28.13 27.34774839768
31.54 31.740066910407
40.83 40.313695314
38.61 38.343767268
29.49 29.71164846714
30.13 30.09248775498
28.33 27.19122817638
37.23 38.409837036
38.48 38.664878496
37.56 37.97627655
33.01 33.01511466768
28.53 27.31235050632
33 32.646287382
30.05 30.00569853
37.73 38.203369698
35.36 35.043425058
29 30.1168994025
26.42 25.00965887046
38.78 38.252193492
29.32 30.113363154
25.36 23.49472674
30.17 30.60202951752
32.48 31.52391251898
27.88 27.32789746272
35.35 35.44492719
36.83 36.524137458
26.85 27.61075259574
32.19 32.84254605606
34.92 34.511721702
35.98 36.01078914
26.92 26.5533211473
27.1 27.77373223158
28.07 28.0754962575978
24.63 18.5740915008
40.06 39.709757478
27.23 26.69109878604
36.33 36.067122582
31.96 33.10984992
24.85 25.03718270922
24.02 24.498822786
31.56 31.345823563287
30.93 31.475244882
33.47 32.68613576778
35.84 37.50698766
38.08 38.08697052
30.76 30.409541041719
34.6 34.56658677
36.81 37.405621974
38.55 38.785914048
36.1 35.830150626
27.36 26.2981540884
38.32 38.37883638
28.24 27.94738729488
28.35 28.066149552471
35.48 35.075092998
38.22 38.333687916
26.44 28.612016868
38.13 38.101246908
28.73 30.1046314665
33.64 33.146181042
31.33 32.35684098
36.99 36.69452796
40.07 40.376339238
32.24 33.676743378
25.22 27.42497418
33.78 33.01431618
32.56 32.6408794608
38.81 38.726066028
30.19 29.99557535712
25.33 24.544631877924
29.4 30.037065892284
34.2 33.85872010776
40.47 40.801655202
24.7 23.125981026
29.15 31.75692641808
32.39 31.40458214538
24.11 25.077708354
27.66 26.39495940054
28.51 31.48571581098
31.63 31.33165042842
38 37.72785045
38.35 37.773441696
24.02 24.17197758
40.33 39.573320172
30.25 29.5343627649
34.14 34.56161947632
32.07 32.45790782442
33.35 33.0885932529
27.27 26.7632507913
30.14 28.7478058065
28.88 29.2592567361
30.3 29.707855923
34.28 34.179837924
28.92 31.02830572218
40.95 40.763250102
34.33 33.292025382
37.94 37.451442648
26.39 25.29183540012
41.01 39.990207612
35.6 36.636210276
28.15 28.58881558368
25.05 27.248422296
32.47 31.62979069512
26.37 27.964828338
36.69 36.417720306
37.32 37.846557852
26.32 26.721251538
31.43 31.94443888008
40.78 40.834963506
29.71 31.72929261168
29.59 31.37082786528
27.55 27.55541028048
25.55 27.54225258
29.63 28.2834429825
38.35 38.587331766
32.44 33.55081343832
24.28 22.1689398
32.03 31.40451777792
29.38 27.91676174448
35.7 36.297878484
28.72 28.1888325032682
24.25 24.033958386
35.07 34.581128916
31.01 31.7602682175
28.35 28.1104979025
36.47 36.567659328
29.7 29.63951326992
27.41 28.84017257472
29.04 28.79509026282
38.48 38.394890562
32.76 32.10306000042
30.42 31.40570420538
32.82 32.2597563825
33.46 33.954260880324
39.86 39.949498812
38.91 40.08688647
24.86 24.92022207
26.62 27.32555819928
39.33 38.45508672
29.53 28.93421433894
39.61 39.78989133
38.23 39.430074324
38.03 37.837729446
39.9 39.896563008
37.95 37.289252418
26.22 25.83389178282
27 24.71953906218
29.43 28.49815193568
29.93 29.69338771272
27.85 27.4676944737738
34.7 33.7991187
28.44 28.41504620682
37.47 40.077508566
31.3 32.1899130241397
30.64 29.92988024472
32.14 32.02185524352
24.09 23.41524855
34.72 33.97590951
28.89 29.2151561025
28.15 27.94065030618
39.27 39.522584532
24.45 27.704118822
33.13 33.692327526
34.04 34.974429666
30.36 30.14022564588
32.38 34.1687400654
30.6 30.42735655128
31.94 31.77537589632
37.51 36.92405325
35.17 35.293353618
37.09 37.674570822
28.03 28.743301734
26.71 13.5403418136
30.84 29.58800444844
26.16 27.349582296
26.81 27.7450524825
37.33 36.90453255
26.93 27.083516029935
37.37 38.65609677
30.48 30.50202786762
33.55 33.341152674
36.94 36.735302424
32.89 32.9307645
40.01 39.03876093
31 30.69266221272
29.51 30.41752420938
36.39 36.30573183
35.43 35.34221838
37.45 36.675825078
39.74 40.550504226
27.13 28.32546817722
24.54 24.3007629468
29.46 27.79063445226
27.92 26.9592541167
28.48 27.7605869627562
33.82 34.4613843768
27.34 25.719101574024
32.71 34.02718716
37 37.414493106
28.29 29.13215149128
30.7 30.093907992
38.62 39.18995916
31.89 31.66228744032
29.65 29.3910534090282
37.46 37.95997701
33.7 33.433032162
27.3 27.5786056177242
41.54 40.923166872
26.64 28.9026402322152
38.96 38.359885944
39.92 38.508483576
39.5 39.96825276
26.93 29.801008166505
31.35 31.7628248313
28.76 27.356891100825
33.61 33.26158165728
32.26 31.840296051
36.04 36.370838514
32.61 32.190818172
24.53 25.547506572
28.79 30.51435041112
33.6 33.52744858362
26.44 27.37731015888
37.11 37.307689734
30.89 32.195636322
39.36 39.25173711
24.02 22.8372936
35.85 35.8404126
30.27 31.437953778
26.3 27.1468334625
24.96 23.0811491433
25.86 24.5473674063
26.57 27.399343224
34.78 34.952187072
31.36 31.89669485196
38.3 38.446049436
35.85 36.16598982
28.94 28.62899362248
30.9 31.6490241954
27.68 28.72250583312
33.3 33.17495243736
29.07 29.44649649018
26.92 27.09847220394
36.1 36.024201444
37.7 37.55249994
33.56 33.06412891992
25.79 26.443039314
35.13 34.41862767
38.6 39.449888454
34.65 34.69996479
31.45 31.92101173446
31.19 31.612743321735
35.92 36.4149768
24.88 25.3488027
32.35 32.44549610778
25.22 25.604543136
39.09 39.450748098
39.32 38.85552042
28.62 27.55378631802
28.3 28.1095113372
30.19 29.49443433168
32.85 32.9923943016
29.05 28.9814782091178
27.07 25.93200654708
38.86 38.951271174
34.87 34.374648198
24.94 24.127755684
34.86 35.433887538
30.91 28.78553942202
26.44 29.635707378
25.3 26.459517318
34.48 34.757427072
29.67 30.52343598042
30.36 31.379259932625
39.98 39.294141078
34.47 35.905962552
36.76 37.119539136
38.26 38.270278194
26.55 26.436681876
24.81 26.3502129
25.64 25.43390129928
32.38 32.11675103328
32.39 32.50711565034
36.32 36.08175102
25.19 24.1645251426
37.32 36.867813798
39.9 39.315778998
39.1 39.72424764
31.48 32.33524053738
31.07 29.7143771865
29.14 30.83903288202
40.64 40.788521526
34.66 34.848321144
29.8 30.34543827288
31.32 31.3224140703
31.9 31.48748705658
29.28 30.72044043888
37.74 37.81433046
37.6 37.421289816
35.48 34.925121696
31.81 31.64063309592
28.2 27.5416305151152
28.77 28.5012399033354
37.37 37.736077458
35.18 35.491116216
25.41 25.6905110748
29.96 28.96163062122
36.72 36.71928642
31.16 32.91801136008
30.34 30.74113833162
24.6 26.97678012
31.34 30.92931454728
24.26 24.211558182
30.91 30.2243946681
34.92 36.552074304
35.05 35.645894022
38.7 38.825905548
35.18 34.833454296
25.09 24.4692438978
27.85 29.916857868
33.9 32.70136965
38.78 39.041366466
28.57 29.85598386618
38.04 36.765535926
26.53 25.65616920672
26.15 26.499930744
36.2 36.173993718
30.75 30.547145310855
32.83 32.5761055905
26.24 33.90385213578
32.87 33.180243744
33.67 35.347595532
39.05 38.374612662
34.53 34.335287382
39.4 39.363274752
36.78 37.165085292
39.5 39.451845174
27.66 29.874286374
28.48 30.19186346442
25.76 25.170770388
35.8 35.573991828
25.29 24.88725606
25.12 25.38052431
33.06 33.5177413104
25.66 24.71046444168
40.67 40.48555818
29.93 30.3553877385
30.3 29.67234326202
35.94 35.84753589
34.83 34.483296774
24.5 24.1500342
34.72 34.210254162
35.07 34.93872357
35.23 35.255909958
39.83 40.272075876
40.21 40.34779239
38.69 38.431779348
32.81 32.98820475702
24.13 23.130062754
28.76 29.03238271488
27.92 28.89915594
34.25 33.933852582
28.2 28.20595950804
26.45 26.449599648
40.24 40.265489244
36.62 36.74417826
30.04 29.17557331032
29.29 32.7541453545
35.51 35.07714183
25.08 24.628336536
37.74 38.22821538
25.62 26.972277042
39.2 38.914842342
38.99 39.742247136
38.7 37.462140786
40.17 40.188876
28.87 27.8125747087393
35.88 35.522037606
26.18 25.79854880436
34.83 33.891042354
32.28 31.78604679402
31.08 30.50247662358
27.31 27.0038780738682
41.87 40.72566567
28.89 29.2713155481
29.04 28.245499690665
35.45 34.074652962
32.12 30.8381319825
35.13 36.951067542
31.12 30.76206258828
33.54 33.70771055688
27.3 26.29752866292
27.38 28.095260888367
32.88 33.0829374
30.39 28.4414512785
29.6 29.273470923
30.11 29.511602847831
37.24 37.714755666
35.37 35.545321362
36.51 36.107462742
39.7 40.04105181
26.82 27.3922652802
30.75 30.60778258776
31.67 30.92512575
29.58 29.19189547338
24.4 22.933735646631
30.78 30.97960793418
34.01 33.593952498
36.85 36.55650525
31.63 32.48434446
26.06 26.51248823322
35.82 36.235085952
30.27 30.14314345482
35.36 34.543680672
36.75 36.511867704
31.18 29.863788294
37 37.753740546
24.64 23.626333056
28.29 30.20137925178
30.6 30.78896370906
34.71 35.448833382
31.26 31.6960851327
35.09 34.763603394
37.56 37.470510786
32.5 31.28192026458
24.88 25.090477716
38.78 38.704382418
40.53 39.777284706
30.9 32.33739322752
39.32 39.669723132
36.57 36.350259378
25.35 24.8511696778362
30.88 29.45665776648
26.47 28.053782646
32.35 32.05973423472
26.3 26.29167132
34.93 34.655433492
37.43 37.30617093
33.11 32.900885016
27.13 26.04114471162
39.43 39.104067138
36.9 36.12357996
35.56 35.200796376
31.13 31.75398454992
35.26 35.16444141
27.05 27.58605577482
31.73 31.8751935753
25.47 24.72407141082
34.7 34.42883181
24.42 23.300236182
38.36 38.352150948
25.54 25.344798294
36.7 33.214769346
33.37 32.107290324
34.76 34.46414256
29.25 29.695548504
30.7 30.97672072968
25.59 26.324719158
37.08 37.760391942
25.95 29.036890182
25.86 29.764168818
28.23 30.000666468
35.48 35.513220444
33.6 32.94838509
25.7 27.75478173
32.25 33.60347647176
26.9 26.6570675535
29.69 30.2387812694232
26.81 25.8761828416872
24.72 27.21891702
33.24 33.2752692225
36.63 36.942521196
34.47 34.33898688
31.93 31.9353097692
38.2 38.33080149
36.78 36.93868365
25.93 27.370889634
31.63 30.78805975248
28.9 31.26710481432
25.95 26.2630476831
30.63 30.6865511596362
27.56 27.1860870197418
34.55 24.6607521945
38.46 38.440990884
26.71 27.03754941
40.85 40.462933638
33.51 39.9606910647
27.88 26.603740934745
39.52 39.305936148
41.77 41.031877602
38.51 38.831724012
40.18 38.874599922
28.12 28.78924564218
35.18 34.89978039
31.73 31.3043424594
37.97 38.114024934
32.71 33.3747554150184
34.55 34.70671965
38.58 38.04407463
39.77 39.852526692
34.47 35.6469438
25.17 26.12109072
36.8 37.202510706
34.74 34.801483974
39.63 39.84757581
30.81 31.72236096
29.37 29.2670609344608
33.72 33.06733023498
24.35 24.336344496072
37.73 38.047044354
33.18 32.681538516
34.54 34.965341814
37.8 37.89358278
33.14 31.92644988858
29.83 29.68728362328
29.31 29.7372386935194
37.14 36.89663655
36.86 36.646959702
37.96 37.40302086
36.02 34.905937638
39.73 39.741871548
27.22 26.8315690263
37.68 36.78568206
26.45 27.037693921188
34.78 35.261471478
29.39 29.3342907534
24.03 21.325255746
26.4 27.60098541
28.1 27.69526958394
28.51 27.88350658008
29.57 30.9756100425
28.62 29.65210224
30.56 31.36078288842
39.98 39.773674488
40.19 40.579478868
29.97 29.97261332724
40.93 40.588535334
35.92 35.414276028
36.31 36.06465516
35.61 35.31366285
30.57 29.51766448368
38.71 38.49224784
32.95 33.3862114521
31.06 30.7696131105
40.56 39.845995872
25.77 26.597849718
39.85 39.097547286
36.71 36.227565012
28.75 27.76209293208
36.97 37.81141692
39.4 39.266304348
30.69 29.92659996588
35.32 35.418502932
39.46 39.310480626
24.94 22.4244552
36.52 36.200736156
35.11 34.41072642
33.61 33.15510363642
40.25 40.077633408
33.29 33.5939141154
36.27 35.99255463
41.16 40.89164118
24.06 22.97570397
38.65 38.358858822
31.33 31.61139540888
35.02 35.103541506
30.77 30.8344646865
36.47 36.48053343
35.2 34.953312486
37.83 37.493761164
25.58 28.366145292
32.32 32.82981682506
31.29 31.65464172
36.88 36.574405644
28.09 28.15502361018
39.78 40.107020502
35.32 36.467973984
27.79 27.7223859426
37.16 36.829535136
39.44 39.220772322
28.18 28.72798696344
29.37 28.8412073742
40.18 40.177903188
29.15 30.10243031112
25.63 26.09336584842
27.21 27.120634674
35.56 35.079730752
29.03 29.56910186298
38.87 39.21279735
39.58 39.172896996
41.44 40.222421346
41.3 40.57326831
28.9 27.7469111721552
30.63 30.03398589192
27.27 26.8416899385
39.28 40.28401452
31.06 32.2120786351578
30.7 32.5085196666792
25.49 26.2371504
25.91 28.403769282
33.89 33.892287132
32.85 33.02498361882
37.99 39.793747026
38.58 38.76477261
25.97 26.07393129744
33.41 32.1125523456
33.55 33.94059050598
34.16 34.976706754071
27.27 26.527284534
32.24 31.690380732
36.75 37.435783332
29.75 28.42325584392
28.92 29.12987518602
25.12 24.4047024993
30.94 30.448955478
28.18 28.19671275498
35.79 35.61978288
27.27 27.37656129738
34.43 34.295739846
28.77 28.5826373010042
25.92 24.9808999998
38.27 38.411232492
39.3 39.5264091
38 37.844013144
29.38 29.83671942096
36.54 38.18273727
32.97 33.04681575
34.68 34.59027774
31.54 30.67300022442
39.77 39.275445378
34.52 34.22770878
29.23 28.9175734325589
39.51 40.262760696
36.99 37.416867378
24.7 25.130451714
26.6 25.7607582384
40.65 40.155105792
29.14 32.01381210282
32.52 32.769899256
26.23 27.3637948191162
25.86 28.474582764
38.72 39.23663298
37.85 38.769502146
32.65 32.79932978448
40.53 39.562368
30.84 29.99165688282
26.44 25.8475401903
24.72 24.79213767
34.93 34.73808846
30.94 29.19355151448
35.51 35.391500706
24.22 22.36907515578
36.79 36.23672109
35 35.090318118
28.4 27.96568742892
32.98 32.868236892
37.93 37.83204606
38.02 38.06689632
24.61 28.84648677
29.15 30.01147956192
27.03 29.913744228
29.99 28.6067170413408
40.16 40.677049446
33.78 34.371021558
38.85 38.44931082
31.58 31.548357372
26.53 27.051352536
40.16 40.323412326
29.88 28.4419276211658
36.83 36.663777858
31.02 29.78405952792
33.62 34.493814678
31.22 31.438774740576
29.71 29.66280741354
34.25 34.13165295
38.07 38.31991302
27.35 29.114013954
27.77 26.62218297816
27.47 28.32539109
25.45 25.1164051503
37.22 37.182860214
27.98 28.1542459617498
35.83 36.29684316
29.07 32.2900525065
33.82 33.021214716
28.67 30.300394947
32.4 31.73614921338
26.1 25.751470268775
41 40.7887923
31.47 31.326049248231
37.43 37.076918412
36.17 36.815116758
38.85 37.977667698
36.78 37.26520032
26.89 27.49388334522
28.74 28.79231517804
39.35 38.80669404
41.26 40.62867357
34.62 34.568728428
33.51 33.71031402
35.77 37.908657906
40.08 39.30575196
37.72 37.714800468
26.57 30.025361208
33.2 33.22809404202
39.03 39.010025976
33.02 33.260209446
32.67 32.269201842
24.16 23.22191271
27.6 29.5119230025
24.32 24.723229452
29.99 29.1496231902858
25.44 24.17942901
30.05 32.80223939928
37.37 38.32570524
37.23 38.330201244
31.56 31.84810861704
34.65 34.239004338
26.22 27.405416892
37.35 37.696571364
35.65 35.24393712
38.65 39.57447423
31.54 30.86205654
26.22 26.118717348
39.36 38.455368402
30.49 29.99902164522
26.46 27.567934872
34.68 34.404806676
35.8 36.048696312
27.41 28.470097506
36.63 36.592931586
33.87 33.905071554
36.5 36.157458534
38.53 39.28078527
37.53 36.680841708
36.49 36.175375884
30.64 30.54122132448
29.28 28.19303171808
36.03 37.734740052
34.07 32.91478197
40.18 39.964488882
24.63 25.63365216
25.64 26.4519624
35.59 36.414525522
31.16 30.83685355686
25.95 28.5808539
25.56 26.730423174
30.62 29.31187287
26.99 26.67036217098
34.9 34.154788422
38.01 38.782853484
36.14 36.086845368
30.31 29.5743893847
26.95 26.4283203095198
29.18 29.01123237192
38.08 37.67792349
30.68 30.11125996752
31.67 31.68179011014
27.27 26.568434157312
37.74 37.658073228
37.22 36.807523554
39.67 39.160577856
35.96 35.80545639
38.91 38.917643232
36.51 35.798253558
28.72 28.54834017288
34.2 34.281038946
40.27 40.356428214
36.72 37.235020566
30.3 30.34479203274
30.35 31.38421866
32.9 33.291385158
32.43 32.4191352
33.49 33.32081474538
35.43 35.031851868
33.63 32.48192472648
28.26 30.69673506768
27.99 28.0673130567
29.95 29.650123074
27.68 26.578140865305
32.81 34.23253479
36.03 36.481193688
37.71 38.06606685
28.32 28.57263049002
25.36 25.46343372
34.79 34.611456408
38.71 38.389397268
26.46 33.89039090688
35.28 34.69508853
26.17 25.69316876232
33.63 33.475127808
34.44 36.241304754
34.43 34.852648596
38.06 38.547537888
28.29 27.94565452314
27.68 28.2239390193
32.24 32.290949442
30.79 30.71713111248
38.39 38.702976036
28.86 28.49684209338
29.65 29.5908942225
31.89 31.91761269642
26.09 27.9499245
36.07 36.317404452
26.74 26.2276560881418
32.03 32.02410667404
26.77 28.101332946
27.22 27.3941044014
26.26 27.77055095802
41.11 40.8706113
35.24 35.339573778
33.43 32.72592294912
40.9 40.725131682
36.39 36.17720742
30.93 32.1184664614362
32.76 32.581563654
33.95 33.723286818
29.41 29.59057275978
37.44 37.646199606
26.73 27.795622116
30.95 30.4410893025
34.06 33.89103424266
28.39 29.28804886218
33.01 34.384452564
38 38.309893458
32.77 31.72592859018
38.02 38.496270342
39.25 39.051412374
32.05 32.019453138
25.63 27.06077118
31.96 30.85008791082
37.23 37.646839686
27.28 26.8700403200808
31.64 32.052016194
36.77 35.924512404
35.21 34.332738978
25.42 27.2041464
27.93 30.77245683312
38.61 39.245976006
33.27 34.0949332722
33.4 33.2659705377
30.98 31.39345117338
24.51 23.2860359874
33.99 33.716394534
36.23 36.1362351
38.46 38.607384036
38.02 38.032494756
24.83 27.872900472
30.47 28.98489128448
34.31 34.0240173
24.41 27.358870848
26 25.21728885
39.78 39.74182998
40.77 39.93713751
33.91 32.979072054
25.95 25.338245052
30.12 28.8708067549722
28.07 27.81253543818
28.3 27.15586038168
24.93 23.756336178
37.32 37.37361648
29.17 29.4424468577178
25.69 25.13759930508
29.18 28.0921079920848
38.33 38.493556248
25.1 25.24717533
24.51 25.7195451
29.53 30.44628996042
32.04 27.690073878
37.32 38.28158805
40.25 40.632517668
27.57 27.7293145728
26.87 25.082093318268
31.34 31.08756142488
27.28 28.059966246
30.63 30.68571332886
30.02 29.51619374982
27.67 26.57235731628
31.57 32.0766824695654
36.06 35.08340565
31.77 32.72657483526
26.45 25.49657479818
38.27 38.8240392
27.14 26.02781553018
35.66 36.073615974
37.49 36.605841906
24.59 29.407793496
34.43 34.103849286
35.46 34.45151775
29.55 30.13184644842
35.37 35.284982592
30.2 31.1280207981978
26.83 28.18350717
38.43 38.458886592
39.36 39.877882194
38.91 39.166638018
40.11 39.5496973056
27.04 27.05063685
32.31 31.319258124
39.45 39.989472312
29.8 30.0204702786
37.75 37.37070498
25.37 26.046656472
33.74 34.093805088
30.64 29.5847025825
33.95 35.093135814
39.16 39.197773554
36.94 36.449807892
25.47 27.349656204
36.35 36.633812178
29.83 30.30544730202
37.81 37.057088262
31.1 30.71340871338
34.31 34.6816567536
31.69 33.940704774
34.86 34.570825824
26.7 25.124723292
34.73 35.26507056
38.28 38.303437656
33.48 32.9141094708
29.09 28.42073006088
25.94 26.347738236
24.24 25.15522446858
25.82 25.45826775114
38.26 38.085702636
29.24 30.34981116888
30.74 29.94520911366
34.94 36.16551042
38.51 39.07390206
29.35 28.7020520993418
32.85 32.226706788
26.76 26.54126356938
26.13 25.39830186192
28.99 30.94935305178
31.52 30.6962649618
28.8 28.24175884272
30.92 31.78023675924
34.43 34.55013189
28.53 29.65223148672
24.08 24.30800994
25.45 25.198727532
31.48 30.84673996632
29.77 29.78939571882
40.15 39.404541378
32.44 32.27688957
31.01 31.66191135318
29.32 30.33164459352
27.2 26.62664932218
28.89 29.018249376
31.23 30.9623408463
33.83 33.95699247
34.79 34.907269494
38.81 38.260302612
31.96 31.75598422662
38.54 37.970936214
38.06 38.269913532
35.36 35.43132207
28.71 27.4786400145
33.65 34.4898042672
35.99 35.967137394
36.53 37.232320962
24.66 24.88922205
33.28 33.00060547686
31.04 31.4663486016
36.99 37.484039478
37.25 37.09631946
31.18 31.631895168
38.12 38.68500678
41.26 40.510464402
28.17 27.447023202
33.23 32.81375526378
31.67 31.64567300112
24.98 24.48074105688
31.12 30.59212419978
28.14 28.38196305168
39.21 38.979320754
28.56 28.52848976538
35.68 36.08926365
33.68 33.088110996
37.55 39.2612295
34.78 34.930508952
28.71 29.34732202752
34.66 35.08678524
34.06 33.307765446
27.97 26.99094000108
32.67 33.188897622
39.24 39.60822477
31.29 31.9444252248
30.73 32.16733553112
39.92 40.261632402
28.39 27.63268177008
39.93 40.135366482
24.07 25.286410086
38.71 39.031845348
35.99 34.807779948
34.1 34.776984918
38.53 38.275043748
36.04 35.807034498
33.77 33.3906861
29.28 29.09721673722
32 31.32223371672
37.33 37.52372496
41.15 40.952311014
36.55 36.877767654
28.79 27.8594016165498
29.92 29.95445671338
30.28 29.76354881562
35.87 34.260538836
28.93 28.220220885
25.03 27.1978935
32.54 32.20487868
37.89 38.176725702
27.09 26.12358444012
34.69 33.875780664
34.76 35.935938276
35.59 35.73417381
32.1 31.14198615018
33.9 34.339247106
39.75 39.550589412
25.31 23.13529638
41.82 41.069730648
34.03 34.22957646
37.8 38.84626839
26.8 27.4898949699498
27.85 27.4824042845592
29.78 29.4096678465
27.8 27.95567569872
33.89 34.3697579454
27.5 27.05461646586
25.64 27.921824412
38.27 38.610062454
25.42 26.566651992
24.3 24.61764632538
32.26 33.038690412
29.58 28.6521259064406
27.08 26.34238183722
30.38 30.78803338374
26.85 25.49653095
34.33 34.26750885
37.16 36.255687384
33.11 33.0857556825
32.21 32.0879145639
37.76 39.877986306
38.64 38.277308184
26.12 27.66192042
30.36 30.16286765292
36.13 35.495640852
40.22 40.076539986
24.19 24.724635276
30.52 31.1045444175
34.03 33.568153824
37.99 38.180685714
36.75 36.715529526
25.3 25.679867682
37.69 37.936267698
25.03 24.681562806
38.03 36.92724942
39.95 39.74766765
35.32 35.443773372
29 29.81464773882
39.44 39.824714208
38.31 38.149460472
35.63 36.2268903
38.39 38.499723768
30.12 29.83896924
26.48 27.64554108
31.8 31.48256942202
39.06 37.624998498
34.88 34.63117359
25.63 28.0408557
32.32 31.94387154858
35.01 34.628771238
40.05 40.246061844
35.32 35.948859276
31.74 32.32029999
34.79 35.943903264
37.02 36.58407663
35.02 35.213138016
29.49 28.8210651825
30.22 29.29116544458
24.22 24.38522229
27.17 28.17191373018
37.26 37.167677682
41.44 40.411126578
33.41 33.38225823
36.24 35.9522112
36.07 35.7590496
34.44 33.635200674
29.21 31.02944323962
36.24 35.28474636
28.67 28.27571627802
39.29 39.99510645
24.5 23.88470223
37.91 37.54166061
29.24 29.17480478538
38.91 38.0792064
40.26 40.627371684
32.28 32.194736034
26.57 28.491449298
35.95 36.530608674
28.77 28.33192596954
38.75 39.231676308
27.67 28.645118688
25.76 25.11156622944
40.35 40.325895894
32.97 33.12883067754
41.18 40.663555032
32.84 31.74878625402
31.24 30.7790424825
39.09 38.653636668
34.82 35.799295596
26.21 24.12347726832
35.55 35.018089068
33.87 33.686167704
37.19 38.31337533
36.56 37.5498822
30.34 29.88203584812
25.51 24.578890104
24.74 25.968075708
27.83 26.7325313529
26.87 25.098269844
28.96 30.93029061528
38.14 37.788398232
34.23 34.993913892
36.5 34.616294436
24.17 23.2890876321
28.26 28.01521211952
28.75 30.27469231578
27.4 26.9696843337
27.87 27.07268703504
28.72 28.4149105999512
38.08 37.274200032
25.17 25.88172156294
30.28 31.35057047808
38.08 38.072864226
37.68 38.00502798
27.36 27.244954002
31.48 31.79126266968
27.12 27.3851466469338
38.33 38.738831142
36.3 35.406279222
28.26 28.31313363528
28.38 29.32805560728
36.55 36.301877916
37.85 37.95013671
31.69 31.8100202319
36.57 35.80768428
37.23 36.901938336
25.66 25.56482018952
26.94 26.7646154025
36.24 35.357927772
29.54 29.3573191647
38.35 37.263589212
32.08 31.69629935562
33.49 33.148954104
37.63 37.522576326
27.5 28.981279572
25.3 24.027747107223
26.85 27.38308923912
37.27 37.241496354
30.72 30.36295099272
28.67 30.49987630488
25.15 26.267577186
35.42 35.44913136
35.07 35.542819974
28 27.818843229375
38.57 38.098455996
36.09 36.11047983
35.4 35.159843136
30.87 30.925798989375
35.41 35.63076
34.46 34.173027168
34.08 33.45476193894
39.69 39.511580352
38.95 38.446064508
37.48 37.0726365
38.94 38.623686258
28.57 28.24223310552
33.41 32.739907452
27.61 27.77770997448
34.4 34.080061362
36.45 37.8576923604
26.11 27.01772871
33.66 34.205571858
33.41 32.4771237825
35.94 35.233959324
26.76 27.595366176
24.99 23.80069758
38.96 39.256742802
33.28 34.03594480224
37.54 37.717468626
26.69 26.96515320138
26.78 26.03985726252
25.01 24.606215086215
28.16 28.23013300458
37.61 37.551758502
35.27 34.733385444
28.74 29.9724658431072
24.92 30.250587756
25.48 27.39143436
27.02 27.93984357882
38.78 39.638533056
39.12 38.276419512
27.52 26.6930989655898
27.26 27.88387001688
40.24 40.386918072
37.05 36.76889424
36.95 36.30346071
34.71 34.579564914
27.86 28.80058126872
32.56 32.00571072528
41.19 41.148523884
31.98 31.81555821072
33.18 32.9258949945
37.62 37.71233826
33.67 34.383639522
38.42 38.09498853
40.51 39.836700102
24.91 24.547789848
26.76 27.62822652
26.73 18.8623171473
36.02 34.88235807
25.49 26.57722992
29.58 28.9690607625
25.62 26.28940109016
38.9 32.831186358
27.97 26.29653952458
36.17 36.30423423
32.21 32.0823090471
35.92 36.591810936
25.95 23.27270937216
30.6 30.71897216742
31.91 31.7541863298
31.04 32.3004502640202
36.44 36.770321874
27.55 26.679813791655
25.14 25.30226766432
27.79 28.1180226585
37.66 38.46471645
38.85 38.886143064
34.2 33.79964622
34.36 34.78869066
34.31 34.427279766
26.31 27.75731622
25.23 24.336011382
35.47 35.869466532
36.56 36.09030135
39.84 39.294954624
32.92 32.35051172154
37.68 38.013683424
36.68 36.612712812
37.09 37.137429318
36.3 36.01919586
34.83 34.809968568
41.4 41.211481926
35.47 37.124981634
37.44 37.45095429
28.2 27.82183825392
33.1 32.994523776
31.13 30.4441253076
39.68 39.63345312
30.7 31.4470218637032
33.66 33.64094152938
24.23 23.395066296
37.67 38.09172261
27.55 26.35148457672
35.38 34.947440742
25.07 36.68403408
27.06 34.358205378
26.73 26.3345360244
40.68 39.850599
34.6 34.337846172
40.23 40.790381622
27.82 27.149248314744
27.85 27.81718247112
26.63 25.850669478
25.84 26.02483821912
29.93 29.5013990847
38.53 39.12860928
34.84 34.75683237
25.12 24.5714268207
32.42 31.72924209018
39.44 38.193544614
37.76 37.60310973
24.45 25.21629606
39.56 39.032208786
38.18 37.820636934
39.03 39.012555768
28.76 29.39834362458
35.57 35.805603558
36.66 37.650035436
24.22 24.740057586
26.01 26.21489566452
35.3 35.83310655
24.37 24.13650864
30.36 30.4061654791632
30.89 30.27193620234
33.06 32.103180708
33.44 33.921498140463
24.72 26.109811776
25.95 25.205562516
26.32 27.21479529108
40.06 40.206760824
31.64 31.06878350538
31.38 32.06433084
36.89 36.765155064
29.84 29.69362996752
28.09 29.07447178602
40.98 40.408515732
35.3 35.703773076
25.91 25.18689933366
39.84 39.63759789
26.55 27.777871938
39.22 38.46519255
33 32.4363834825
34.17 33.947511798
25.02 26.78571906
39.2 40.015065378
38.25 37.732411794
34.44 35.3672524959
35.88 36.246137304
29.41 30.68651937162
31.69 32.14806586374
29.88 29.109049944
36.1 37.423998294
33.35 32.78805735
28.22 29.45267412762
32.34 31.753417362
36.23 35.527477332
31.39 31.41409767432
39.02 38.58991221
26.18 27.36083637888
28.85 28.90463047728
40.11 40.018717794
31.85 32.02542294792
40.48 39.801032178
30.29 29.08804892928
25.65 26.437612476
35.66 35.40474183
34.14 33.7119294
29.45 35.2699727981802
31.22 31.2040049628
34.71 34.209679938
29.33 29.66101441836
34.82 33.853292466
33.14 33.32864111604
31.42 31.30023391968
25.2 26.92894278252
32.13 32.99557194228
32.28 31.5498058185
27.8 28.38933918768
29.71 31.31592062208
28.17 27.9604552103833
38.42 37.49088288
25.94 29.242752054
38.96 38.752645074
34.75 34.574559618
35.06 35.093236902
35.26 35.187540546
32.92 32.28838058328
34.58 34.43603376
29.11 29.0940793253178
24.19 22.51177815
26.88 27.10269972744
24.56 25.872695922
31.55 30.57777193962
31.71 31.53361775082
36.61 35.956175424
40.03 39.03288429
31.93 31.6068696552
30.4 30.232020198
30.04 29.6753662887018
27.11 26.19362842608
35.85 35.98158966
26.47 25.98026404908
37.1 36.895772694
26.83 26.6851407522
39.91 39.124321554
26.53 26.77686015
36.99 37.16645118
33.21 33.40994937708
40.22 39.80419404
26.84 26.9160798594
36.33 36.83243343
24.72 23.3611707495
26.39 25.89151276248
36.63 36.485042772
29.32 29.0171691465
30.85 31.9400238079848
24.64 23.53436502
39.2 41.057451096
37.72 37.918422678
40.39 39.897307884
37.54 37.203938418
26.18 25.37836859208
35.8 35.501125314
25.15 24.667711734
31.85 31.4084647425
35.28 35.307123288
32.85 32.6999015247
30.45 30.87205141452
33.57 32.726609184
33.22 33.94433328
30.16 30.1497051058608
29.93 31.90110664602
30.79 30.755437068
37.69 37.712060214
24.51 24.13650378
36.23 36.440857122
31.21 30.754574413239
30.42 29.65561849524
30.58 29.49508861338
34.52 34.434625656
30.76 31.6704476009568
28.78 29.67001627962
25.57 27.510617964
24.39 25.04851282074
38.76 38.95357308
29.09 29.07192041562
35.79 35.966916834
32.39 32.21683561002
35.59 35.789039328
32.56 32.332866528
38.06 38.739267606
24.19 24.3150672
32.41 31.88975455752
32.11 32.06789134698
37.55 38.683814514
33.3 32.66060439018
24.98 25.892731104
24.84 25.0315581
30.47 29.92184493258
39.62 38.981732898
29.52 28.28769277818
28.23 28.55269396716
34.37 33.84742218
26.5 26.12252392008
37.44 36.81733389
31.86 32.4703508628
35.93 36.04675584
34.31 34.27436305608
24.33 27.583063188
36.1 35.664322998
39.2 39.306867492
27.5 27.59277822168
28.08 28.03249352064
36.09 35.928974784
29.36 29.74678870362
32.05 31.959988374
25.54 25.86510503382
37.43 37.876648164
31.31 31.19115056826
26.58 28.52177808
29.04 34.10745324888
34.85 35.232853314
31.7 32.852218944
33.25 32.56123842282
27.25 27.79452735
36.29 35.7994968
35.71 35.6866707
33.1 33.07601551962
37.37 37.80557031
37.22 36.728716998
25.9 27.03361991178
30.29 29.0551853625
32.8 33.2007664668
38.54 38.029254432
35.47 34.242968076
28.92 28.30686247398
26.68 25.3351602876
31.97 31.98664316976
24.17 23.363717664
24.69 25.070796192
29.25 29.0718024411018
35.76 35.219577138
26.54 26.1950345544
30.66 29.6718119625
40.33 40.641290004
27.78 30.05848977402
29.39 30.98832687402
25.34 24.970714068
31.69 31.48166679648
30.04 31.00887676032
28.94 27.63705371208
38.86 39.535061916
37.13 36.3311607
31.36 30.8101229265
37.91 37.98754653
33.43 33.406530276
32.22 32.18127064752
25.68 25.311459666
37.98 37.063917654
38.72 38.82270045
37.44 36.811914018
38.14 38.113012146
30.8 30.5752963695168
30.1 30.3635719024152
26.27 27.694510116
28.46 28.627752576
24.53 23.88650274708
34.39 34.71744135
37.23 37.92480234
25.84 24.57889541754
35.85 36.263594994
33.88 34.33068006
37.7 37.61005431
25.7 27.088186008
34.5 33.40874346
30.81 29.99893731798
39.46 39.79411068
37.27 37.09490064
36.57 36.784750776
31.06 31.04398299462
24.53 23.027023956
40.57 40.588153176
26.17 27.708112662
30.82 30.22549069206
29.94 28.8531192945
28.79 26.9757064708008
28.14 28.57342390512
26.86 27.45436044
24.39 27.1049367
26.65 26.874847032
39.77 40.175220966
26 26.492611704
26.04 12.482754528
33.63 33.515414139
32.4 32.79287694
25.67 25.829305464
30.5 72.68064963168
24.45 23.45943907014
25.48 26.615851158
28.07 30.191952228
26.08 25.54677354
33.69 33.598784472
25.3 27.623600724
31.05 31.099806923448
39 38.689056888
30.12 30.74142152208
32.54 32.60121099312
32.47 31.9585803042
36.55 37.748061804
24.2 25.036811634
25.18 23.949474924
33.55 32.54865720072
30.71 29.86381951284
26.94 30.797525478
37.45 37.33255614
39.74 40.006553532
31.36 30.17931177432
27.63 28.074795612
31.01 29.86738744746
24.68 25.47065354682
30.7 31.0068175447578
35.6 35.207589408
24.89 27.218418744
26.29 25.89290071368
27.39 28.589220768
35.62 35.40651366
26.58 27.851864064
30.24 29.76566099322
26.48 24.8606328783
36.84 35.85151149
37.12 37.332727842
31.82 31.68074165574
24.23 27.09473538
27.3 26.2604464185
29.99 32.88386355312
24.8 25.10783013
32.38 33.033406848
24.81 26.475686886
36.75 36.564023154
38.05 38.13996639
24.13 22.2899622735
30.41 30.6316479975
30.18 30.57986457318
41 40.17473157
28.13 27.4225163745
34.96 34.444573122
35.5 36.584624514
31.31 32.0302213190058
27.92 27.9292100025
25.44 25.30065954036
30.09 30.95159041632
35.53 34.827123
33.49 32.857162134
33.35 32.79382309488
37.75 37.559427168
40.27 39.2715219
26.66 27.15848587578
33.85 33.96795424026
27.56 26.96036908692
29.42 29.05787291604
28.06 28.47812174808
36.16 34.873090242
32.95 32.053618212
26.44 26.20864776468
38.53 37.19499024
29.24 28.79230397862
39.31 39.60307974
37.06 37.030538172
34.56 34.173697314
33.81 34.4771115036
35.14 35.219585778
25.76 28.813081236
39.03 38.63788608
40.55 40.68637014
30.54 31.5114949921368
37.01 36.86705679
36.39 36.778829268
38.52 38.59536108
38.92 38.755305606
37.69 38.586974754
35.09 35.171342688
34.9 35.3540945919
26.11 26.5918582905
32.36 32.20968860808
39.01 39.481719222
37.21 36.121283958
39.14 38.924037606
35.94 35.976877554
27.55 29.860644918
33.92 33.4306929
36.94 37.422309216
26.26 28.31077596
34.06 34.18582908
32.2 31.7335914969
29.03 32.04001400088
40.72 40.086028086
27.4 30.667117668
25.87 24.06959797818
39.9 39.481659552
31.07 30.6455280372768
29.39 28.9523013225
33.23 33.0484594305
27.45 26.963437908
39.23 39.550307052
29.27 30.94318973418
36.64 36.69578013
39.72 39.856051938
30.75 30.81572238432
38.39 39.043886676
35.94 36.602505228
27.26 28.091512824
33.17 32.13215303808
29.3 30.79899373962
27.5 25.82772170196
31.77 31.8618530745
35 34.9430630556
28.83 29.215222466079
25.06 23.20165640058
28.91 29.75167059672
37.33 37.212954528
29.57 31.12190138202
32.31 32.858424546
26.68 25.89286368792
33.19 33.9460384521
38.24 28.96374207
36.31 36.69507519
27.29 27.1810784532
32.25 31.53586530342
24.55 24.09352455
30.12 31.48862160648
30.34 30.6588502569
32.67 32.14497439248
37.12 39.1193715
40.37 39.650017692
27.83 26.76256377222
34.25 34.4769053844
24.23 25.03438035882
24.4 25.1288562684
29.07 29.92778265552
32.14 32.55731755872
26.82 27.865931916
29.46 35.77968090138
31.75 32.21904732
32.71 33.00867214122
33.09 33.422752596
35.51 35.80169826
37.94 38.116445142
30.81 29.93143104408
29.99 29.73058013568
32.61 33.13964153184
33.84 33.97827856182
34.83 34.7975254716
34.46 34.542345792
28.03 27.70248947322
27.74 28.4602726545
33.01 32.77346502
37.68 36.7139928
38.84 39.757754712
30.91 39.8432750592
24.64 24.2164195854
37.11 38.569820412
39.17 38.89510869
29.75 29.93147462298
34.69 34.803792312
29.06 31.139890752
24.85 23.684574117
27.74 27.58202772528
24.6 24.225596004
31.57 30.804547701
40.51 40.0237467
25.25 24.516250584
31.12 31.24640163882
26.61 28.56470559
34.15 34.19013760392
33.35 33.145883148
28.62 27.74974747008
34.83 34.769110002
25.67 25.88746370586
30.52 30.33766745286
34.62 34.9290006
39.99 38.891970156
29.8 29.67917099178
28.67 27.65842566438
28.52 29.45421093
24.75 23.922992406
38.55 37.971206562
30.08 29.85486058248
27.32 27.298424426916
28.47 27.93978788448
38.78 39.50004903
26.63 26.62421699784
28.51 27.4496545929
29.42 29.1090447345
28.83 28.21290469818
29.22 29.49233677512
25.34 24.66141854682
27.67 29.321646456
29.62 28.3682765487
36.3 36.28469328
36.33 36.861832482
32.66 32.79611016084
28.59 27.89806119306
32.58 31.82237268168
24.54 23.0429535879
25.19 23.031774647304
30.49 30.34809513606
29.82 29.49552750288
34.13 33.18730302
31.24 30.91158486102
24.78 28.354908918
28.48 29.50265343432
31.97 31.8969345
34.68 34.69825887
28.08 29.02101274122
29.94 29.30003066496
41.04 40.906223724
32.52 32.41276743
34.37 33.730741092
30.7 30.729271929015
28.77 28.26626256102
36.81 36.896585124
37.77 38.715585024
27.59 27.31327665594
30.77 30.8585345025
37.49 38.200387074
40.21 40.331477442
30 30.43570307898
36.45 36.758893362
31.82 31.33230029832
37.56 37.180142994
33.32 34.72490329824
27.32 27.39720549504
29.22 28.64198809338
30.56 30.46498571928
40.69 39.445574484
30.7 30.02058968592
29.48 29.30596810266
31.76 31.31826893328
38.32 38.244728982
30.35 30.9059906702682
32.16 31.52054016906
25.1 22.78666389
32.41 32.53658277
35.08 35.18906997
39.42 38.91124245
28.73 28.57416927402
38.25 37.73096448
34.11 33.62774367
32.97 32.44087605018
36.02 35.984358948
33.39 32.66595453738
38.33 43.733496162
31.91 31.61138064792
31.87 32.0777172894
34.75 33.23292816
36.84 36.348702072
32.43 32.5524895329
28.75 28.72341462378
28.16 18.64018663368
32.76 32.23697482752
32.86 31.85891805408
31.14 30.5071931262
24.21 23.159263254
37.15 37.657866516
30.52 30.47543186892
38.68 38.267967264
32.77 32.0271117825
27.79 28.30119172608
37.54 37.305277464
29.54 28.55291482068
38.39 38.17138767
28.85 28.3516971100392
31.66 30.48268932048
37.18 37.32295836
26.61 27.18623676
28.06 26.2314891057
28.37 28.4806946912264
38.47 38.54075388
33.47 33.00635548632
34.1 33.8316744
40.76 40.04984703
33.8 33.857095188
26.78 26.37508561638
28.19 28.79336618538
34.79 34.67489052
33.59 34.0154576007
40.87 40.463454648
36.8 37.08058767
28.99 28.0623622215
28.94 30.363274578
33.65 34.2099246
27.97 28.37385988248
37.11 37.02072975
38.19 38.92485966
40.78 40.249539516
33.12 32.973084582
31.58 30.46589270682
24.89 27.35817078
30.93 31.4767472991072
36.05 35.673992484
40.36 39.518942628
24.24 22.60892829738
32.01 31.81652386698
38.62 39.34557948
29.95 29.3023897746792
35.87 35.68137303
35.68 35.86121022
27.79 28.49269674
25.38 24.95299464264
37.54 37.72941546
27.99 28.29267419322
36 35.303963736
34.31 33.605433444
37.46 38.69078016
33.67 32.677105074
32.56 31.9586613897
34.9 34.94604864
36.47 35.654053152
34.4 33.909373164
29.62 29.7512434785
39.5 39.530000886
39.03 38.935860636
25.65 26.108215968
32.14 31.81964323578
32.78 33.125454446556
35.15 36.366015612
38.89 39.277193016
29.32 30.58534051608
35.34 34.645403238
39.01 38.874031734
37.33 37.467940038
25.49 24.85288121754
33.03 33.1955101362
34.18 34.2350245704
38.19 38.172512064
34.62 34.125468438
34.62 33.9647808
27.6 29.52991806
39.84 40.353429336
33.26 32.88570937338
38.53 37.852296276
24.6 24.24553455
32.28 31.68131955402
30.08 29.41223394072
27.62 27.11756202618
34.15 34.58604414
28.56 29.638213266
34.48 35.015839554
29.86 30.72112577178
28.34 27.660049395
29.33 30.36331393608
33.33 33.605172678
35.92 35.800338552
38.98 38.802072
30.1 29.6003026425
24.91 24.27790381338
35.14 34.916244888
32.03 31.84460781384
30.43 29.65121899008
27.05 24.91843306278
37.92 38.356720152
37.14 36.892336002
26.04 25.9220896728
35.17 34.4419536
27.09 26.85899661312
24.08 23.443631628
30.45 29.7371608665
26.6 26.50997520858
28.99 32.08998857928
26.97 26.199165727905
29.5 29.50617645228
33.07 33.930427476
27.93 27.99231498732
38.45 38.46541686
30.3 22.28520360534
30.98 30.95935672938
28.63 28.9564447647
31.73 31.3076318025
32.62 33.72407130954
33.26 33.6303627321
24.02 24.276556578
38.96 39.22533615
24.78 25.152993912
40.13 40.05162015
32.92 32.32470678474
39.7 39.95629968
35.98 36.283656966
38.07 38.136984162
40.24 39.73256679
28.64 28.972410030345
33.64 34.16287884
39.39 39.600307074
32.76 33.23398096236
28 25.8760069041
37.2 36.652131462
25.81 25.268831838975
26.01 25.160518524
39.56 39.832890636
26.74 28.483300644
36.35 36.377643522
35.34 35.227533606
39.8 40.074370662
37.46 37.569595116
34.61 35.017548402
25.06 25.305508914
34.91 34.7007507
36.51 35.805548856
28.14 28.229067192
26.9 26.16418944084
38.97 39.64620495
36.56 36.66009045
30.07 29.39480506776
37.03 37.194026496
27.8 27.401240181
37.71 36.69333303
24.13 25.252104804
25.03 23.583458028
37.22 37.59442698
29.44 28.27914460086
29.13 28.97189527542
30.31 30.15971830362
37.72 38.145723846
26.68 26.43460982004
26.47 26.232948546
29.89 29.27369187024
32.96 32.86597488
38.26 38.484106368
37 37.387207122
32.26 31.396658754
32.94 34.361706678
34.01 33.263560896
28.82 28.61058901206
25.01 25.79134215
32.86 33.368621538711
34.76 34.39186125
39.69 39.14053863
24.5 24.72069804
26.03 26.6275722354
30.39 30.2230694897952
36.13 35.490692514
25.24 24.660790392
36.1 36.22703466
37.85 36.89138028
41.1 40.796360472
36.99 36.931748646
24.32 19.88786983782
34.06 34.37893986
27.85 28.5383047335
38.35 39.033249528
41.29 40.319641398
24.67 24.71006829
25.87 26.55350346
40.76 40.9474113
40.6 40.8061551
38.89 38.374553172
26.64 26.0508733311
33.61 33.676328418
27.8 27.603897740967
27.76 26.7579901248
39.09 39.311165238
38.38 38.635233186
25.25 27.24824514
28.98 27.93412898184
31 31.23129264396
27.47 27.1458841209
27.98 29.43493498842
38.92 39.2778912
34.91 34.60380087
39.87 39.426086418
29.75 29.22851284752
31.77 31.680418430415
31.69 30.69701187978
34.04 34.062758358
37.39 37.389139878
25.21 26.16378213
24.24 25.49960322
31.05 30.82569357498
31.15 30.438723
29.16 29.41371947352
34.71 34.057049106
27.98 30.592248612
28.81 29.15292284688
26.8 28.562186652
28.15 28.20721421082
32.14 31.17583422408
28.14 28.7262235425
29.91 29.05504695642
25.18 24.5671689012
32.99 32.95722899316
38.16 38.74899324
24.59 24.89565425082
27.88 28.25142375
39.02 38.11780578
36.94 36.043306908
37.85 38.982897084
25.64 24.8295815313
34.98 34.66242039
35.55 35.439379122
35.17 33.891289248
39.25 38.79858063
38.81 38.21811951
30.19 30.70118561352
26.17 26.614583904
35.12 35.161381284
32.86 32.307438738
40.65 40.752972012
29.06 28.75462213818
35.39 35.58510573
31.69 31.13639848362
39.2 39.024296472
36.77 36.79094748
24.62 22.556131104
33.24 33.82847405274
25.22 26.063412582
33.82 35.01731055
32.17 31.88976663192
29.09 27.4277379282
25.25 25.266814194
27.96 28.80953531088
35.19 34.697096844
26.72 26.98989987162
25.26 27.549579732
29.63 29.60612732406
36.87 36.59930544
32.5 32.953455852
40.63 40.672798932
34.32 34.19969415
25.14 24.734588988
41.48 41.14578144
36.86 36.660004032
37.95 38.176258278
38.83 38.26377519
27.82 27.6193372047
24.58 26.009580354
35.24 35.027087196
39.19 38.784003654
30.45 31.52238252312
26.69 26.305926834
26 25.4003695390272
30.47 31.64494447542
36.42 37.02523845
35.67 35.135998098
36.71 36.307239414
34.96 35.7808998684
33.59 33.192762738
29.19 28.56270955008
34.03 33.58010343
28.48 26.4636571116522
32.72 32.77092138
28.35 24.686569686
32.51 32.72787409578
37.71 38.107695
27.81 27.9030391185
32.51 31.51527966138
30.41 32.11745107152
40.91 40.75111671
33.81 34.0613201409
34.58 34.632023388
35.52 35.17308573
26.42 27.765520662
34.12 33.8728737
33.63 33.54957221592
27.82 27.842040669
32.06 32.66806413
34 32.81670975
30.23 29.6722034025
24.05 20.51103183978
38.05 38.001290196
25.17 24.21380028
33.34 34.38267509076
39.76 39.14890914
37.62 38.282613906
30.01 31.51089751962
31.96 32.509077366
38.29 38.310940308
24.42 24.2773454208
33.81 33.547735842
24.37 23.49499152
37.86 38.301875616
24.98 25.4413488
39.55 39.71242335
30.07 30.1525817197221
26.32 26.9597928945
27.82 28.57700052282
32.26 32.38018780116
36.88 36.557341788
31.09 31.546994232
37.32 37.08132528
35.5 35.47440894
28.42 27.73262121216
26.83 26.243599452
29.94 30.41779700244
28.22 29.834116962
31.13 30.11347098888
36.54 36.16820805
31.74 31.76366106252
36.71 37.167821976
35.98 35.261418306
26.57 27.892057074
38.27 37.57024119
25.78 27.39716592
27.16 26.9141821698
25.43 25.75993921032
37.58 38.02881045
26.03 25.3044045465
26.84 28.422669174
27.48 28.51013511888
35.59 35.193200214
28.99 28.0069051892747
27.08 27.41195064522
24.59 24.5556807447
29.91 29.25276834768
27.65 28.93630161432
30.52 30.1978648866
30.86 30.607110237
38.32 37.698223686
30.44 30.5246685585
24.36 24.396933432
24.52 25.52315375802
31.29 33.0194784263178
37.44 37.88497965
26.16 26.30263395288
29.05 30.24597775488
36.39 35.88964464
34.97 35.3973171
30.36 28.85154373128
39.64 40.154516664
34.05 34.725223608
37.79 38.229759462
25.15 27.462446652
26.97 25.261693266
29.93 29.4994110927
33.44 33.676953888
27.57 27.75875259414
36.89 36.066711426
35.08 35.549423634
39.2 38.577072792
27.43 26.6764540638
35.88 36.0363135
39.3 39.574544676
36.43 36.36231429
38.47 38.214241734
24.65 23.65112829
34.06 33.82064736
33.75 33.779037396
28.59 27.5765430606
24.04 24.41800663284
24.74 19.92602919
28.38 29.46792355032
27.23 28.380694866
36.74 36.08940918
37.9 37.89086538
31.4 30.61625051208
27.4 26.973738966
31.27 31.30448742912
37.26 37.333971516
24.57 24.600306828
27.68 29.452551618
28.78 29.322148003545
30.54 29.413249548
37.52 37.664664888
37.63 32.457385446
27.07 27.55387743
35.69 35.423877396
31.74 31.17147482442
25 24.32119023498
38.57 38.261059206
29.52 31.29682457562
30.68 30.2265041854458
35.46 36.67730205
32.67 32.7917433081
35.46 35.750071788
39.83 39.6907341
35.77 35.61383778
33.65 33.312572832
28.03 27.9726906225
31.7 31.9086615489
28.8 29.4303170127
32.91 34.553372052
33.03 32.3514747615
40.25 40.44762597
37.44 36.860995266
32.29 32.04284088522
35.48 34.59403029
31.35 31.03548249162
31.03 32.0271680832
39.58 39.66542544
30.58 30.81214814448
38.24 38.142820182
30.52 31.2644936265
37.18 37.426204614
34.97 34.93639533
29.33 29.12792468448
32.3 32.67432734826
31.61 30.83410754904
27.23 27.1830754823208
26.71 23.68854568986
38.12 38.520929346
38.01 37.98746058
34.3 34.191888294
29.67 30.4966081074
35.76 35.89241487
24.6 24.28374624
38.39 37.703398134
28.45 29.64685150362
30.26 30.79085079264
24 23.571103488
38.13 37.538000292
32.51 32.34045795258
28.92 29.65685356362
31.64 31.968529556007
40.85 39.519404544
29.03 28.50943963152
36.35 36.63958749
30.24 30.23870569098
40.3 39.741264546
37.16 37.607790036
36.62 36.71778765
33.93 34.057327602
29.87 29.2241683425
31.36 32.5408761097512
37.44 36.659290092
25.39 28.06967301
27.45 27.0674377032
37.77 37.750556274
28.29 28.706232774
36.48 36.338329218
26.53 29.493904908
32.17 30.962328402
30.97 30.90941026122
33.52 33.34544412
25.05 28.06759452
26.12 27.011876772
36.36 32.33498268
37.74 37.566066828
38.37 39.300457254
33.17 32.83098652122
39.44 39.731373204
38.88 39.002437842
32.2 36.38685021258
33.41 35.02047495
24.35 25.226577876
26.98 25.931875836
40.59 39.653571894
36.57 36.875729784
31.6 31.80183422088
35.88 35.986221912
33.67 33.56407068378
34.5 34.949033952
35.87 35.408245404
34.07 33.55217774778
38.66 39.35091261
38.42 38.16764277
36.5 36.510494232
33.24 33.42554633112
36.7 37.263531414
36.31 35.95009485
38.47 38.27527005
29.77 31.74707672922
32.55 31.80125551002
25.83 28.70909157
39.76 39.191166804
26.72 26.822152578
39.64 39.56440638
32.88 30.99521813448
37.99 37.955846076
25.65 25.86309473004
28.85 29.3224706131962
25.75 25.71702726378
26.26 26.64798666
36.7 37.286630706
33.32 33.013813782
37.89 37.65363375
33.72 34.50636912
38.33 39.07284258
26.63 26.59525647
35.43 35.74232133
29.31 29.85629383002
37.27 37.22368125
27.27 29.555104038
24.9 25.51378821
30.69 31.6717782585
37.74 38.778718332
31.72 31.33038228528
28.17 29.49671392608
29.92 29.0740031868
26.77 27.83971104
38.1 38.45368029
40.11 39.396620562
26.45 26.580221814
25.82 29.22130722
37.11 38.538759612
38.36 38.53725357
24.63 23.46040078554
37.22 37.437906534
35.33 35.500179282
31.7 31.46134947978
25.97 28.09177797
35.55 36.123624408
29.28 28.793643149625
27.24 26.7239925375
33.69 33.061641312
25.03 27.937147638
36.73 36.803584194
30.31 30.31523922648
24.56 23.251005696
26.97 28.349800374
37.95 38.640112476
34.34 34.362123744
32.06 33.52551078612
29.85 29.4570305367
37.12 37.307310402
25.71 27.679648962
26.72 27.97547325
32.8 33.1089171135
30.89 32.05670174538
26.12 26.3299745364
30.28 30.78757502922
26.69 27.487162092
32.53 32.46014156808
36.47 36.898277394
35.13 34.915758726
31.05 31.33307210694
28.79 21.196076187
26.98 26.925303414
25.7 25.555746072
24.23 23.13918858
36.59 36.13047294
25.18 24.46562445
37.4 37.863909714
32.36 33.741915042
27.44 27.35289828168
36.59 36.38701182
39.47 39.300638466
28.86 28.35766430832
39.52 39.392473836
33.95 33.68762076
31.22 30.70597420938
30.42 29.62314949962
38.1 37.607191392
31.57 31.57568670954
36.44 35.558961954
26.44 28.61834487
24.35 23.55965013
30.07 29.982853641111
30.12 29.1474768072
37.74 37.970841282
24.11 24.714984504
25.53 26.386034226
40.76 41.038143168
35 34.750630272
28.38 29.4981058425
31.39 31.0224353745
28 27.318462357
29.49 28.92970559814
29.33 30.70479399018
39.81 40.452612594
33.96 34.03930232076
33.93 34.51886142
34.08 33.750795876
24.1 23.500175622
24.37 22.538146422
30.3 29.93540418042
30.53 30.16799156832
24.06 23.341312866
27.02 26.49793970388
35.09 34.565524536
37.28 37.320862584
34.89 35.31485838
34.23 33.934695276
33.78 32.947468818
29.08 28.38307989
31 30.68067083178
24.46 27.421552758
30.02 29.5151246586042
33.03 32.6833811484
36.54 35.774771412
24.54 24.7027425
28.39 31.3729901025
33.05 33.50080119
24.48 23.611814796
33.43 32.87264077002
27.55 29.806257282
40.34 39.807366162
25.73 28.996866066
26.11 28.804124694
33.91 34.4142998904
29.35 28.6580413929
38.96 39.27810999
38.86 38.827429878
38.63 38.606713698
34.66 35.0330112408
29.19 29.9555087025
38.09 37.342993728
32.89 32.67834212586
35.74 34.562662278
34.65 34.427051916
37.68 37.804883622
40.56 39.90984618
38.67 38.59121406
39.59 39.13532895
28.47 28.61804976618
32.01 31.64405433882
29.72 29.7367900732938
36.16 36.065799366
26.61 26.3650584441
31.56 30.77281895496
36.06 36.01489548
26.13 25.395964032
38.29 37.964068482
41.2 40.772825958
27.49 28.04707554522
29.44 29.1720933653385
38.91 38.646468006
34.65 34.66315077
33.54 33.55877006808
37.79 37.859121408
36.94 36.97825821
36.21 36.524226966
30.63 31.5301341079338
34.4 33.425173632
30.01 31.45580749848
34.06 33.571612428
38.21 37.239605778
33.69 33.639958902
33.12 33.2891801022
34.08 34.14027525
35.49 35.985260658
30.75 30.5960171673
38.53 38.388885024
31.39 30.99078809952
34.64 33.74626332
34.15 33.909772416
31.87 32.04122131722
34.34 33.74181084
33.72 33.09747737952
26.92 26.48656791168
36.54 36.09589605
31.89 31.34060124
26.57 28.910831736
28.1 28.32076571082
34.6 34.193841252
40.59 40.8129294
33.55 34.32149877
35.67 36.324532092
33.87 36.7903132815
37.83 37.331927382
34.17 33.852004566
35.28 35.9234175
27.06 27.57748562922
33.31 33.428946324
34.61 36.2059062
24.51 22.69081725
29.48 28.93180482006
29.82 28.6165053552048
35.2 33.75066255
36.84 36.82942653
31.93 31.94227727112
25.02 25.80916071
30.81 32.28857585862
36 37.063651812
32.36 31.24469870448
29.29 28.6134570228288
26.91 26.0673843
28.8 28.669536219
27.22 32.852083044
27.42 27.78191851632
38.34 38.197482348
28.03 28.6718182728
34.15 34.36334305878
40.34 40.31536098
38.4 38.3372787
31.97 31.27353014262
36.2 36.7699281
26.38 24.99713850504
29.93 28.75568124288
29.51 29.2905412556592
39.99 39.564498054
32.2 32.32569969606
27.9 28.73248016682
32.71 32.52733789152
27.55 28.403959404
40.64 40.846501014
28.75 30.4928114385
28.09 27.41469311946
25.51 25.142711808
31.12 30.73507684698
33.63 33.739753602
35.22 35.588009316
34.55 34.411134018
33.54 33.531225366
29.01 29.27177728122
30.65 32.19039264918
37.25 36.81405447
35.81 36.053381244
34.52 34.479039378
34.87 34.949525592
31.76 32.3086284273
37.39 37.48501623
27.05 31.406556738
30.38 31.02310921368
31.46 31.0732408425
39.18 38.199149094
39.9 39.57372255
34.36 34.815265044
30.46 30.0196892505
31.26 31.88802329562
37.55 37.587850752
40.33 40.52325567
26.95 26.7602034593802
27.57 29.547034386
32.35 32.83456390698
31.25 31.001474756847
38.84 38.76868623
35.4 35.61464919
30.86 31.16761797144
26.18 25.89539476656
37.64 38.08212924
25.28 25.5310278423
31.2 31.24841739528
26.88 26.768834796
26.57 27.2263611342
30.47 31.0522318143
37.53 37.728408498
38.34 38.255832534
38.51 38.28356268
31.21 32.8646881385472
24.43 26.346024114
28.36 28.95247503084
28.59 26.427867109212
24.42 24.91697991
34.99 35.92876053
40.59 40.519298712
35.2 35.73392325
27.18 27.7607046
38.42 37.87279536
31.2 30.51909948246
35.58 36.022883352
33.41 33.8362141911
27.99 28.0548907234458
28.74 29.33693076504
24.6 23.69032311
26.75 27.944713542
32.37 32.31248096742
30.25 29.66443356504
34.37 34.543574466
29.77 28.6379645821242
28.84 28.417038003903
28.83 28.624374552
35.07 34.335939
27.88 28.80210556362
26.52 25.87762415472
33.19 33.528496242
38.45 39.072923796
28.84 29.49791187882
37.99 38.359968312
37.92 38.316752916
38.35 37.776013752
40.45 40.96108101
38.98 38.944821522
35.08 34.984166322
38.69 38.017228116
34.34 35.110576248
30.5 31.4420495749338
35.82 35.632736832
35.98 35.737189656
28.37 28.54734366432
32.31 32.15129654616
24.84 26.264159814
31.62 31.14417290448
29.54 31.81435835898
25.5 27.149478612
33.51 34.88947331736
32.71 32.6434151586
36.01 36.597544788
33.28 33.734502075
24.82 15.96320096088
37.98 37.974187878
39.06 39.48069162
30.9 30.222954438
29.03 28.6693005225
37.71 37.4621043
34.92 34.929563916
25.55 26.456224188
25.83 28.134637332
34.22 34.11054501
38.35 37.628250132
30.8 32.305062975825
30.51 31.87133398938
34.25 36.713648406
32.09 32.6018223705
34.57 33.309685542
29.3 30.42320765568
26.54 27.1873944705
33.29 34.4050048668
27.92 26.969662105887
32.54 33.416162763
40.16 39.88752582
27.97 29.486871948
32.46 33.405542113692
31.37 32.42141585364
38.2 38.147565558
26.07 25.6768593135
35.83 36.206190564
31.02 31.268422264551
38.81 38.659018962
35.74 35.90458815
28.46 29.16202062432
39.35 38.729581698
29.84 29.64421736148
36.66 36.091573986
27.57 27.80597645268
34.43 34.21064535
31.67 32.17573458714
25.05 26.2130164905
27.51 29.029450476
31.54 56.5067918505
34.79 34.322272626
33.24 34.131003461832
37.75 37.383946104
30.69 30.40663109802
30.24 30.43873050312
28.83 27.585979788
29.05 29.86382124858
34.19 34.080446784
37.58 38.294369292
32.68 32.50657266888
32.69 32.681154102
34.41 34.8390583104
25.52 24.7770170895
28.65 28.70245454808
36.53 37.862077908
39.48 38.61805218
37.97 37.81176069
35.19 35.61902895
26.3 27.05804391
39.93 39.471538188
28.51 27.99626166618
28.49 16.9788594307242
29.23 28.0131496701792
34.72 34.55824767
35.18 35.039054166
29.28 30.06096229392
30.62 31.40100289002
25.8 23.92296765
27.05 28.562153334
40.6 40.331125938
33.08 32.8165422567
34.5 33.270997506
32.83 31.42970443272
25.7 26.53221549
33.25 32.95383663
33.17 33.60258570198
28.51 30.361990278
25.21 26.988330246
33.28 33.50118655578
25.88 26.004084204
30.39 31.06909555482
36.92 37.015461048
28.94 29.53161963402
24.71 28.542188994
30.98 26.83361229978
32.89 32.56147725
35.02 34.71660912
29.99 29.17587109272
38.56 38.457773526
41.23 41.09006325
38.15 38.106995478
27.69 27.63285307302
24.59 23.4444938514
38.64 38.364878418
36.28 35.842728984
27.63 27.7748202618858
36.04 35.331776022
32.89 32.46206824614
33.21 32.89447335
33.74 33.923259156
37.54 36.600945312
39.91 39.691831164
25.46 24.697128
39.38 39.22463094
29.78 30.86555706282
34.06 34.140664668
38.57 38.821861356
28.46 28.3833647478888
33.94 33.6601695849
41.53 40.57315932
25.41 24.55213828116
37.19 38.101615878
34.85 34.571160822
27.42 26.770664171343
32.14 32.696906772
37.69 37.498448796
24.76 26.509016148
27.03 26.30802662202
29.99 31.78623320202
27.92 27.41219801958
29.56 32.4266008557738
25.89 25.11243867648
33.34 34.2986212185
37.64 37.347683286
29.39 29.48663601834
40.23 40.20107925
35.55 35.762301138
29.46 30.24735174168
40.08 40.318004964
37.2 36.6060621
35.69 35.148115542
33.27 32.78161814214
37.4 37.065273702
28.93 22.0916701425
35.35 35.494610532
37.16 37.2550182
25.02 26.346359766
32.91 33.15055439802
38.21 37.446981312
33.49 33.816887634
37.98 36.849516054
30.78 30.97612385958
24.17 25.47935997
24.68 23.946947616
40.5 40.19175408
32.52 32.880431478
31.64 30.60501321738
30.62 30.07780722138
37.6 37.085516466
35.26 35.843849202
34.3 34.8124233048
31.41 31.1886452127
37.24 36.7317393
37.96 37.519869624
28.69 28.004542597695
32.87 32.23951759488
38.14 37.933338774
36.9 36.97250991
37.29 37.169090916
32.69 32.86146
36.2 35.774191596
34.82 35.566538034
26.02 26.508221058
24.3 27.27229413
30.09 31.0385485056
28.25 28.7999912703
29.03 27.5105997319818
30.65 29.89684520472
24.51 23.6543148096
30.05 30.9889624935
34.55 34.354419
27.97 27.21578852208
27.98 29.40101925
32.62 31.88247342618
26.78 25.9832413281
39.93 39.837509922
38.65 38.535721836
36.73 36.317796708
27.33 26.83247007
39.03 39.0736086
36.36 36.601088502
39.92 36.106665186
28.79 27.4370091163338
26.55 25.35821954682
30.61 31.72053807768
24.41 26.95217538
33.31 33.65999529558
27.45 26.58043527366
31.41 31.10192904432
35.12 34.915867068
35.42 35.204692566
28.1 30.227642994
38.82 38.358822156
29.42 29.09714029104
25.03 23.376332172
40 38.994011148
36.07 36.338106162
35.05 35.418717696
41.3 40.923236838
38.86 44.604545304
24.03 23.986620102
37.58 37.766570934
26.52 27.07420512
29.92 29.83503792768
27.76 27.9487979985
27.27 28.836079572
40.66 40.502370486
27.99 27.9056582367528
31.29 31.6610785497
40.36 40.162901106
26.4 27.053344596
31.16 31.16147016648
26.37 25.34727077034
40.2 40.213882104
35.43 34.36099053
25.01 25.651487622
29.21 29.88339537432
34.75 36.12460893
27.84 27.0127702581288
24.66 25.3347732258
34.75 33.398383398
30.09 29.45132183532
37.63 38.022172194
29.06 29.38694149128
27.02 25.95838343622
32.63 31.900891026
25.24 24.357298452
39.24 38.216357472
32.59 32.64317550138
24.08 22.28538292518
32.77 32.04615440586
30.78 30.628294388292
27.35 26.55851151
30.35 31.34453926602
25.92 24.93363814608
37.5 37.819150176
34.73 34.71911328
36.56 36.136232706
25.09 27.448422396
27.43 27.84025450572
32.36 32.656323228
34.98 35.19003984
33.52 33.69458226918
28.51 28.7349552913488
39.67 38.63671104
25.25 24.437353314
33.3 34.1354887521
29.45 37.0714535354298
31.55 31.65095387658
36.57 36.949781208
34.36 33.773352594
35.06 34.758544242
30.76 30.5920155841338
37.91 38.23042263
26.11 25.384739538
31.09 32.0656397785338
25.55 26.414580342
38.71 38.600556978
33.39 33.281011704
37.24 37.44763356
33.87 33.711159576
40.14 40.781766948
31.6 31.11843023562
39.69 40.337859138
35.67 35.410893816
38.09 38.09953506
26.9 27.00439354122
29.54 29.25115388454
30.41 29.14809499608
29.68 30.1509493374
38.09 38.337424662
28.74 28.17765935448
31.76 31.915187056776
32.69 33.30731528328
26.46 27.0706855575
39.14 39.58520109
34.91 34.738213746
33.73 33.7816946031
24.04 25.547642214
36.88 36.751703478
38.53 39.26248806
25.75 25.86314217648
37.02 36.42205902
35.41 34.853204928
32.98 32.6345592495
24.34 24.474087588
30.22 30.4423931987418
37.3 37.54470093
36.03 36.35033325
37.51 38.26574268
30.97 32.924932242
35.98 35.61011799
30.3 29.255434899
34.68 34.794650748
27.6 29.32863792
29.42 30.406071846
33.32 35.40062257482
38.87 39.004147428
38.17 38.14914156
27.65 27.0783675993
26.6 26.58922977786
36.39 36.19729158
39.36 38.653087836
37.36 38.235035046
28.85 28.67405565594
33.67 33.194936982
34.19 34.3131956079
30.62 29.80323507912
37.47 37.192030872
35.25 35.7282291
28.62 29.77992366042
35.17 34.497301062
34.51 34.540220802
35.03 34.667867766
32.85 32.675594178
40.89 40.52214039
26.26 23.86912126602
30.59 31.6685355652122
24.71 25.753428534
29.56 30.43928983578
27.77 26.83723726902
32.68 32.7986284425
38.22 37.824411558
33.98 33.9425571954
27.92 28.0706830587298
28.93 29.1615645
34.03 34.322357388
37.46 38.10020709
35.93 35.711187942
27.14 26.51881274484
26.77 26.305819224
24.05 26.036420376
27.72 28.034785122
25.21 25.9850804001
36.03 35.259459744
25.35 24.88755234
25.75 25.17056233728
25.89 24.145768539735
26.36 24.019850397927
30.87 30.24567280608
36.22 36.148300626
31.43 31.212069654
36.81 36.856241058
33.07 32.919317004
25.05 24.86551299312
38.72 38.615393334
34.26 33.576859704
34.64 35.147052192
36.55 36.46240485
28.77 28.5136165326
27.34 25.47946662864
31.96 32.485022484
26.91 26.4594555636
29.63 28.98893828832
30.73 31.769009700945
34.58 33.261173796
33.96 33.98281509
29.06 28.61868047466
29.28 29.06659714512
30.88 32.1904701661818
24.35 23.738486782911
35.04 34.634726844
29.98 29.82903156762
27.97 28.62433130568
38.36 38.91745884
28.6 28.0286821272
38.06 38.328783846
26.23 29.453788536
35.66 36.22563264
34.55 35.52539916
26.56 26.81381199
32.46 31.35424968048
36.3 37.094786796
24.42 24.760008588
28.33 28.3261202601
28.6 27.66553600728
31.77 31.19329037562
29.07 30.68049569928
36.35 36.22411014
37.69 37.399777188
24.53 24.985000338
28.89 27.91542224922
28.36 29.25406480008
32.72 32.529461682
30.91 30.0319620825
26.1 26.77113687
32.95 33.574600434
34.55 34.85752674
34.32 33.98850093
25.93 28.441665894
24.73 23.06612349804
30.81 30.9307846062
34.33 34.5314631
27.99 30.089575356
27.03 27.41636995482
25.58 26.073381138
24.86 22.905539238
34.31 34.20748839
31.41 30.8285380185
38.83 38.937976914
26.05 26.50428615
39.1 38.256046338
24.24 20.694567702
39.89 43.61013264
35.6 35.779074108
37.82 37.877812518
35.1 31.215882786
24.28 21.7454220732
26.97 26.68100209104
30.54 29.28329270922
31.77 31.06258920048
32.83 31.618790688
30.45 31.412556545385
37 37.323763062
35.34 36.430907916
31.68 31.45764675252
38.39 37.45948431
40.08 39.08338509
33.14 33.61832147976
29.7 28.83438780888
25.94 25.24696892922
36.21 35.928753654
24.06 19.706097684
33.77 35.102041764
26.37 27.57372837
30.69 29.85895596
29.53 31.9967072625
24.82 23.721094776
37.97 37.47368928
36.28 37.238080614
35.45 35.21838039
24.07 21.671757804
31.56 30.37805066058
35.14 34.160719542
29.73 30.161859780324
25.83 30.471308322
36.84 36.503867424
35.75 35.47802832
32.11 31.910747928
34.88 34.981492386
27.83 27.25378161996
27.14 30.243015012
24.62 23.1831683193
25.05 30.342483714
36.9 37.251700536
40.76 40.85506914
38.92 38.711990694
33.2 32.30715755802
39.81 39.790243896
27.77 25.956154576452
37.43 37.71587532
25.9 30.699737436
34.27 34.234266648
33.39 33.780234198
29.6 29.24853452022
24.15 25.59863382
33.31 41.38813874328
28.27 27.66301447512
36.23 36.415851672
24.09 24.618763974
27.79 29.98146864
24.85 24.1273203033
28.56 27.82944763482
24.09 23.095300152
33.8 34.856541174
32.08 32.6777387394
25.78 26.768123058
28.91 30.22641797592
33.23 31.99772124138
27.62 31.287886386
29.21 28.69752702048
29.09 28.66864281978
24.12 23.826120996
28.43 27.9316102668672
41.1 40.395893718
25.64 17.309418468
27.87 27.422270095647
34.7 34.346572338
28.75 28.73076010644
28.93 28.62835902552
35.97 36.307830018
26.96 28.94560095
25.7 25.09073097672
27.74 26.8827675851568
30.66 29.98039348848
26.84 25.3657100977478
36.48 36.46956957
25.14 27.002799228
31.85 31.50734613402
26.35 25.337213826
31.59 31.85120646744
24.21 25.232355168
29.93 29.51971383
30.72 30.1997377425
36.32 37.001500836
32.6 32.985813954
35.4 35.052810342
37.06 36.88586319
32.11 33.512050968
38.39 38.179176996
37.97 37.564381308
26.81 25.775946708
29.36 28.099772917071
26.59 29.764297254
39.97 39.84309669
24.86 23.118447
39.48 38.977433436
35.71 35.738332806
25.84 27.255983124
32.82 22.8838993545
40.4 40.4988591
35.99 36.170621304
31.79 32.563199253
30.66 31.2935102252112
40.05 40.266382188
27.22 29.038193364
34.66 35.213807928
28.02 27.18356882934
31.93 31.813514178
25.07 22.830043008
35.37 36.150901248
30.73 29.7767882145
27.79 27.52797456102
31.87 32.11508876262
39.02 39.46860165
36.14 36.345962658
28.17 27.38215694118
28.46 28.37363134362
36.1 36.11185437
38.19 38.494736646
24.39 22.9152846
32.96 32.410255596
38.74 39.41941758
26.22 25.682236572
24.2 24.07909013178
37.22 36.418876824
33.68 32.79672195528
28.14 27.0858735186
35.86 36.68796642
25.15 24.453880356
24.55 21.89739228
32.84 33.023379264
26.5 26.012450838
26.85 26.74202932374
28.37 27.95714541552
28.22 28.13208451386
32.38 31.07514286842
32.32 31.79461405098
28.15 27.1715889425448
38.73 39.087736512
34.82 34.93625151
36.44 36.80182911
28.47 30.24886212552
25.71 24.9697544916
36.07 36.065594424
35.01 35.36549232
36.54 35.716490886
38.98 39.028762194
38.34 38.830230822
28.32 27.67299123072
38.81 37.99750767
27.36 27.3859492864512
39.01 37.9304723964
27.51 28.774484562
26.36 25.19475887514
27.65 26.40455687832
24.88 25.049979228
33.76 33.475749366
33.51 33.5004819
39.18 38.008638246
28.6 28.4887917335706
31.89 32.650207869
32.82 32.11520467848
24.87 23.0095473159
32.5 32.6051805
34.63 34.17896766
28.55 30.24542421168
27.75 27.33635388534
28.65 28.31139228378
32.45 32.33277314004
37.2 37.069490424
30.8 28.86839951322
25.33 25.09097108682
33.28 33.05141596524
31.22 31.22725984698
28.83 28.002350244
