6.193 -21.587285
-18.94 -2.71569399999998
-20.02 -13.1610299999999
7.507 8.71133100000007
27.33 44.1558245
24.04 30.265745
-8.018 8.7134865
11.58 -0.137164999999977
-3.673 -62.2102
19.39 81.273955
0.6623 -9.22900449999998
-2.171 -51.4395735
21.44 36.3633350000001
-24.61 -60.87120575
-7.25 -13.6613009999999
20.97 24.46271
-6.04 8.65005999999998
-4.595 14.455915
3.52 58.60976
-22.94 -43.737827
16.78 -5.62909999999993
16.65 -13.477654
17.43 22.15854
-8.629 -43.285975
-29.02 -17.27762
5.526 -11.8842232
17.15 40.467221
-29.12 -25.962408
27.57 8.98102
-12.86 -40.339005
-6.801 -3.03008099999998
9.223 -18.448066
17.92 31.0716985
-9.303 -25.9391199999999
12.81 43.7601
-23.48 -41.027455
16.43 -33.769495
-6.07 -1.00651999999998
1.39 70.373235
-16.37 -50.7062799999999
-10.04 -37.45131
-8.33 20.60013
8.239 8.29690500000002
29.3 -44.072195
-0.8262 7.52099999999998
-13.52 -21.9857603999999
-28.34 1.39589500000005
15.83 -25.39448
8.747 16.91664
0.176 -6.12080999999995
27.74 -9.42782649999998
19.38 -52.708165
-20.66 -32.38207
-1.054 -17.3717199999999
6.233 14.02861
-13.86 -22.217555
-18.28 -28.697895
-17.65 -7.88664499999996
-3.808 -53.229184
10.29 15.4452720000001
18.63 58.8533020000001
28.65 -34.8842168
-26.48 108.77277
6.317 28.47849
13.43 26.804375
11.09 54.727425
11.9 6.47329699999998
-18.04 -15.1035995
19.79 57.85448
-4.628 -54.512056
-24.07 -35.798334
-11.94 74.1290050000001
-13.37 -3.66925999999996
-20.33 -27.759755
3.415 55.57406
-11.06 16.103625
24.61 -135.593655
18.88 49.95774
19.95 58.46467
20.4 53.73281
5.914 -7.39394
-25.96 -1.85827436
29.54 -24.46602
-10.49 -34.672775
13.1 59.5108882000001
-12.57 -38.6121099999999
-12.01 30.177354
-24.07 14.1890855000001
11.54 14.2668995
-2.979 -10.064325
29.6 -12.09208
-29.81 -16.81279
-15.47 -45.5910199999999
-18.13 -12.018838
2.448 -6.95555350000002
9.965 -21.96446
7.452 8.53007149999998
-28.16 -22.2402029999999
29.77 62.991729
5.215 6.43140500000005
14.19 -10.242075
-25.3 -11.53674
-19.56 -68.254495
4.14 41.479882
-0.07893 28.64967
19.79 8.69911
-9.113 -9.49428499999995
13.92 56.0743580000001
-15.25 -24.764315
10.24 -14.93669
-22.33 -16.5723999999999
18.91 19.5793250000001
13.7 -4.68376949999993
24.91 57.324625
-18.58 -31.0027429999999
21.28 15.8088850000001
17.78 -11.304535
-17.34 -11.196615
25.19 14.5149115000001
-9.526 -11.6239585
21.4 42.8148535000001
-6.1 -20.19614
6.352 -13.0483999999999
-13.51 0.2266975
-8.92 -9.83544730000002
1.373 7.10686500000002
0.7184 0.760307500000045
-14.95 -51.16895
-10.85 89.82558
16.82 37.129695
-10.68 -21.113415
3.328 26.750265
-18.21 -22.127875
8.898 -3.03246020000002
-7.962 -20.2377895
0.8039 -4.59694999999998
21.71 45.440525
-19.89 14.251515
-22.96 3.28471999999998
-6.553 -32.9934705
-20.93 46.7293666500001
17.61 25.21102
19.41 44.530515
23.52 -21.4393985
-5.577 8.10787999999998
-6.15 -23.257475
-27.91 -55.402835
16.08 29.6651965
18.99 -23.7414399999999
-25.5 30.6309600000001
22.6 43.9014400000001
-7.476 -21.608155
-10.62 39.70144
27.91 53.891268
1.086 -7.96313499999998
-7.35 36.204245
-19.02 -39.064805
19.6 0.860649000000045
-8.661 -25.3068765
3.802 8.2199935
24.55 51.529772
-7.822 15.8826165
-12.25 -1.40266999999993
-13.37 -49.7882
-2.33 -33.49679
-12.7 -23.431915
6.275 25.216195
-5.831 -12.423015
7.954 0.522147000000068
3.975 10.168905
-9.402 -75.2138649999999
25.18 20.985665
-11.73 0.536385000000069
16.26 -0.363624999999977
23.17 11.72429
9.584 -37.004555
-17.89 -25.2614069999999
20.21 21.907705
17.72 38.9990713
28.13 -21.7953024999999
-10.81 -6.41143499999995
-21.65 -13.8034639999999
-11.27 -1.81352499999995
-10.37 -19.98011
24.51 0.57639
19.67 -6.88431299999998
20.11 -31.9181165
9.583 10.17936
6.977 -26.707864
-0.6601 -12.090072
-4.796 -8.11141999999995
14.63 -8.09166999999998
-13.55 33.9949250000001
2.995 39.9755190000001
-22.36 1.59545
15.53 17.019244
14.88 -9.55873499999998
15.92 23.3134950000001
-22.16 -48.0406559
-16.43 99.782055
2.451 50.27315
-11.98 -42.091126
24.26 34.346705
13.35 32.253815
4.092 6.86472999999998
-18.49 36.2652050000001
-15.6 -10.105485
-8.888 12.002635
-8.526 9.55200850000002
21.18 43.3626400000001
29.76 30.202495
21.11 43.718645
-9.04 7.36947499999998
29.74 35.5344650000001
-2.727 -63.33619
7.715 3.96816300000007
-26.73 -39.87224
18.3 11.490815
1.012 18.4363
-12.59 -22.18416
-14.78 17.102735
15.53 58.8705494000001
-6.349 -23.6692325
-23.85 75.990345
-3.399 36.7510400000001
23.65 36.45852
-8.378 -19.5317299999999
-11.62 -7.22224100000002
2.273 18.43396
5.723 -4.40926000000002
16.43 20.30682
-23.31 4.56542030000002
8.15 -2.64994500000002
-6.96 -34.087715
-4.267 -28.036975
4.599 14.2358800000001
-0.3905 -47.34788
-5.93 -25.3853495
28.81 31.21898
-25.33 53.624484
-21.42 1.47021199999998
-15.29 26.58841
14.11 31.427105
9.451 41.859915
-27.46 -12.25697
12.19 19.0854700000001
4.765 51.391574
-11.1 -33.6911035
-6.401 -10.256121
2.128 -58.61779
23.2 36.162155
27.06 51.4112250000001
-24.13 -41.9766949999999
-4.047 -18.361463
-21.27 -27.906555
28.26 46.462915
-8.944 5.77220000000005
-10.78 -8.02914999999998
-3.662 -15.654755
-7.156 -4.98720999999995
22.78 2.36523750000007
-10.58 -27.99876
-10.55 -16.25811
-18.36 -2.21761350000002
-6.587 53.575635
-20.75 -36.36741
16.28 47.817391
12.9 -0.4197925
24.13 17.278245
-5.701 -27.5159749999999
-15.87 27.7893670000001
-13.54 -58.360895
8.937 32.866123
15.27 0.0889290000000225
4.922 -35.8318099999999
-10.18 -37.1429
-3.55 -16.370991
-13.12 -71.6404615
-3.532 3.65020100000007
-23.24 -35.8330749999999
15.6 -56.8882639999999
16.46 9.63537350000005
7.057 37.25085
23.46 34.218255
-17.99 -2.79651000000002
20.64 48.89841
9.706 8.235575
5.368 10.9126200000001
17.22 39.64895
-18.16 -54.998885
4.857 19.73628
-20.52 -25.1092849999999
-12.36 -30.7110925
-19.43 -17.39624
-11.48 -16.221515
-10.14 53.3147050000001
15.35 17.105005
-27.02 19.657226
-7.567 -27.90017
15.43 17.01454
-22.92 -41.222275
2.002 23.299185
16.42 -9.11256500000002
-5.169 -9.766615
1.783 -22.650772
17.39 29.1208355000001
-20.81 10.9426369
-24.85 -2.08590500000002
15.62 27.863086
-12.58 -6.72874500000002
17.11 3.42302395000002
-11.53 9.00419
-23.71 -2.20104499999993
-3.774 19.342975
1.371 -14.0720495
20.55 9.11968500000002
23.32 21.807036
-6.515 -20.88508
20.6 44.36496
6.6 20.93172
12.66 6.01678499999998
24.15 42.56358
1.146 -28.82376818
-23.18 -8.71145999999996
25.13 20.028299
18.75 37.9023510000001
-1.807 -18.211593
11.45 5.40507000000007
12.87 80.704845
17.1 86.867285
-13.62 -30.077761
-28.99 -43.65324305
20.22 -63.733251
1.855 -16.90781
-6.375 -94.3105499999999
20.97 15.2315250000001
-6.69 7.02835
6.794 -11.7907949999999
-19.15 -65.9467949999999
18.47 8.26084999999998
18.94 -37.034895
-5.393 -5.148455
23.37 -8.88564899999993
23.28 32.797385
11.16 5.93437500000002
-10.72 10.024672
26.11 90.7741
-26.7 -27.36389
-1.385 17.623811
0.6025 3.252958
23.94 -7.01704049999995
-7.837 8.2278102
22.96 -2.60241500000002
2.726 38.5802300000001
28.47 14.0061750000001
-16.23 -12.3821217
18.9 21.3957850000001
22.09 45.8208016
21.5 12.96275
11.56 -20.56174
11.41 29.3891950000001
9.764 -25.2352657
15.96 28.0865790000001
-5.677 32.4617450000001
-8.688 -24.850565
21.5 12.7059635000001
-9.47 10.120124
17.08 68.530535
21.49 61.966005
17.92 27.7152
3.402 35.844595
-4.427 8.41278600000002
16.95 29.1760150000001
6.644 19.4759765
-14.3 10.2032195
-9.639 -25.89607
9.857 -11.5703086
11.2 18.9936450000001
27.37 34.05267
2.556 13.4555200000001
-1.521 -1.56338899999995
16.01 10.5406875
21.49 38.947935
-26.93 -31.034313
-15.59 6.591995
25.97 28.0972650000001
12.05 -27.488755
15.17 -36.85278588
-20.32 30.6204160000001
-19.98 6.59449900000005
-24.52 -3.38696399999998
-9.692 -50.945365
21.76 -19.95286
-20.95 -8.55479399999995
-26.08 -26.01649
-1.347 -23.463955
-26.62 12.047973
-12.41 7.50137
-6.927 20.6537741
-23.53 -30.64907
-15.47 -28.367425
-5.342 -16.539945
25.24 22.882702
-20.2 60.081455
18.61 1.43795500000007
2.307 -14.062785
14.4 26.9634265
17.97 4.45727
-15.14 11.977425
-7.312 59.513116
-20.76 -40.379106
-12.1 -19.895785
8.697 18.319985
-22.74 -44.5001945
-22.3 -8.48767449999995
6.385 16.3080700000001
-29.8 -49.88831
-24.39 -18.479145
-2.184 2.16724299999998
-0.9487 -16.44894
-25.75 -44.163475
23.14 7.947701
-19.81 -15.637966
-13.5 34.330535
-13.06 -18.429
-6.397 -3.247094
-1.061 11.87516
-10.9 -41.86193
-8.697 -25.478905
-5.47 -5.82664499999993
-1.915 -0.387212
-3.805 -36.586925
4.784 1.003735
-3.493 46.5416560000001
-6.893 -23.311025
22.54 -68.973075
-27.1 86.921974
-2.987 22.707957
6.663 -13.062339
3.772 -4.88084349999998
6.109 -12.479725
8.083 26.374272
-5.624 -42.54784
-21.03 -11.06853
-15.76 -28.197135
-12.21 -12.0158599999999
6.73 22.7391415
9.93 -4.18611499999993
12.84 11.40109
5.484 -3.697018
-9.989 -16.40602
-8.402 -31.62771
23.2 -55.25865
22.08 9.53355999999998
21.77 16.3084850000001
-3.461 11.1969350000001
11.49 -0.401739999999932
9.474 9.46769500000002
-20.97 -33.375035
-12.1 -28.1939
25.18 46.704123
-13.15 13.51717
14.74 -12.1489599999999
-0.1948 31.9780675
-4.086 -31.649068
-9.411 -30.595525
22.21 43.2055155
21.21 65.65034
16.66 24.2503875
-20.12 -18.1525565
-5.237 85.028565
2.65 -28.79918
-6.924 -27.7712149999999
-23.53 -63.36207
-3.311 -20.705482
29.01 45.520031
20.83 8.10691350000005
23.7 -10.68238
-19.09 3.14774000000007
-25.81 12.061371
8.733 29.08535
-23.41 -23.73094
-5.664 4.59648500000007
-29.42 -35.593285
12.49 7.73227730000005
23.12 28.9979395
6.432 24.248435
-16.86 -5.176575
20.66 -2.18518899999993
-7.247 -1.36643499999998
14.78 28.89183
-0.4117 -47.877142
18.4 -24.83373
20.83 14.051375
-28.83 -100.5899432
-17.21 -28.6018674999999
-23.06 -59.74149
23.6 -34.4776549999999
14.59 -18.08
-21.53 -15.34689
-1.248 -38.081765
11.05 12.874935
-12.76 -24.2737654999999
-20.37 -19.923225
-6.487 -43.97287
24.7 54.019157
-10.02 -40.154517
-18.88 24.389052
-15.4 -4.29787499999995
15.44 13.06077
-11.26 -41.7364339
-8.425 24.107825
-7.471 25.60311
17.67 -29.738195
24.05 40.29907
-21.57 -13.43411
-13.31 -6.66657499999998
-5.242 18.22395
19.07 25.193366
22.94 20.9738420000001
-18.91 -8.88321000000002
13.63 7.80909500000005
-22.71 -91.4201299999999
-12.48 -35.8597805
-28.98 -56.2047139999999
-15.18 -28.450615
-10.28 55.886155
-20.36 -47.464678
-15.22 -3.60383599999995
14.58 38.9328300000001
-23.76 -94.098985
-20.93 -55.3593919999999
8.399 60.0100750000001
14.39 -12.2304189999999
18.42 38.418665
-29.26 0.100180000000023
-3.722 37.89141
-0.9503 -9.830565
-18.12 54.859484
-3.009 -11.190025
-13.87 44.68887
-7.079 51.4948800000001
-27.58 -48.9548125
16.24 3.81646999999998
-4.893 -16.777305
29.03 52.4231100000001
-12.68 -8.73055000000002
-11.83 63.7170875
15.91 -137.875825
-10.9 -30.9692945
-28.53 -45.095325
-18.48 -23.5522199999999
-5.009 -15.26484
-5.513 -30.50227
-10.67 1.219245
16.1 -18.051867
4.294 51.243157
25.63 29.325751
-25.94 37.067549
-8.219 -11.57265
26.04 30.4884915000001
-4.715 6.94372239999998
-29.83 -16.8007949999999
-5.543 35.482185
-12.31 -128.867675
9.381 -37.5540649999999
19.33 17.44415
16.45 16.047615
-20.98 -34.201905
18.22 -2.45289819999998
-22.96 -18.090025
2.981 5.68058999999998
20.54 26.40163
28.68 -11.49603
16.77 -2.30310299999995
8.24 6.70261
9.225 40.78831
18.16 13.9161900000001
-5.188 -41.8310469999999
28.05 -3.54552599999993
28.13 35.1121047400001
10.15 -12.9074199999999
25.89 49.0407450000001
-25.52 -47.67345
-1.996 7.28992999999998
-2.053 21.50385
-16.2 7.69025500000007
-3.476 -31.8927811
-11.95 -34.21205
14.14 21.6323795
-15.34 33.190185
-15.23 3.97210000000007
-24.59 -14.778425
10.74 -31.870513
-8.234 -12.648625
22.42 -32.287685
24.23 40.467615
-27.21 6.11506100000002
-18.77 -13.6242734999999
4.863 49.5526
0.5616 23.3790065000001
4.798 30.277605
-27.77 61.41255
-16.26 54.40128
-6.312 7.74515600000002
-10.39 -3.19518999999998
-20.14 -63.242605
-18.45 -33.5200699999999
25.3 8.93110250000007
24.8 27.1950050000001
13.57 21.29849
7.11 -20.5025599999999
-5.205 7.14708000000007
17.16 19.4298700000001
-17.58 -37.297328
2.031 -73.217149
10.71 -17.313114
4.732 -5.56778999999995
9.792 50.318165
3.794 -58.706275
-25.12 -29.99249
-9.488 13.37171
-21.32 -18.3244
8.271 -2.06991400000002
9.255 -36.74365
-18.76 -65.18958
-5.239 14.580968
-21.62 -32.551855
21.15 10.0686805000001
4.162 -0.94483
-25.51 -14.04896
-6.935 -20.53089
20.39 -69.97027
24.34 -2.88577999999998
10.94 46.026901
19.07 23.6335040000001
18.51 9.21526500000007
-2.493 -57.16268
-17.2 -39.33075
16.69 -4.85712
19.31 -27.6074499999999
26.11 17.2700475
-19.84 -2.173015
-4.672 8.94818000000005
-4.813 -7.33200000000002
-8.819 -61.461465
-12.94 -17.817323
17.87 -8.027818
-6.601 12.1486100000001
-4.231 48.000975
5.457 11.677225
28.98 -40.615993
-3.572 69.060885
-22.43 -27.912985
-21.17 -55.9166
-27.92 -22.458715
-8.577 21.9780852
-6.899 6.24621000000007
-1.471 -17.95312
-12.67 -1.74562499999998
15.77 89.6212
6.333 -15.53904
19.97 -29.343985
15.09 10.9153750000001
-13.97 -40.709235
14.84 65.1777235
-5.405 -38.237325
-2.22 27.5112905
7.762 6.66949499999998
15.91 27.671377
-27.28 -43.8690949999999
20.91 22.179115
3.516 22.5575100000001
28.48 13.205557
-12.74 -30.4418849999999
20.76 15.75128
13.78 35.501738
-20.5 12.408015
15.19 -5.10352549999995
21.17 14.90006
4.104 -17.72393
19.6 3.22353500000007
10.97 6.49164300000002
-14.97 -13.9011519999999
4.897 -10.1046
-11.72 -27.65674
-2.574 35.373655
7.842 25.15738
14.94 47.427914
10.94 28.8425
17.23 7.19537700000005
10.82 -33.907914
7.029 62.4517795
1.72 -50.56885
1.633 8.88567000000002
5.919 -4.62134999999993
-29.71 -35.714595
-16.85 -28.405995
-27.06 -58.4475799999999
-27.58 -48.971612
20.51 34.644082
-12.94 -5.52746500000002
-6.744 8.41640499999998
7.19 -5.386869
23.61 -56.6582999999999
-16.17 26.979209
29.86 27.422575
-28.89 -36.5264209999999
12.09 4.65467500000007
-18.25 -81.8014004999999
-26.83 -28.5225549999999
20.07 31.8124500000001
-25 -53.44312
20.04 -3.97471899999993
28.8 1.26325300000005
10.7 -3.32511999999993
-28.86 -32.753778
1.782 18.186854
27.48 -35.296157
1.019 6.34572000000005
15.41 18.936446
22.41 7.04457000000007
17.2 -2.47885299999998
-5.14 -30.3247249999999
28.83 -79.6568
-13.4 -4.60082500000002
18.83 56.2385800000001
-2.545 -1.44046499999995
15.85 -13.074505
4.529 -4.54321999999998
9.537 -3.06996029999995
1.252 18.306235
-5.658 -2.17934300000002
-15.29 16.22103
-26.02 -5.83788849999995
3.147 29.207705
23.55 49.4177716
-25.29 37.369154
-28.22 -32.441115
-25.45 -36.773585
-1.386 39.454045
20.19 29.5579
-23.66 2.42486249999998
18.93 -62.430275
29.43 21.72893
-12.4 35.4521100000001
-11.56 65.75112
-8.096 -26.3875384
-13.07 -24.331385
8.978 6.68602900000007
-28.4 -2.35961149999995
5.247 -62.122265
14.01 -2.14491499999993
-16.2 -26.93036
-7.523 -7.69532999999998
24.15 25.352685
-1.396 -33.5307735
-1.301 -0.430731699999954
-1.863 -4.686705
-13.67 -35.08907
22.21 32.779805
-27.25 -24.385013
-7.309 -37.6583749999999
-19.48 -15.893575
7.831 19.05623
-6.789 -8.22344499999995
-2.998 -20.224615
9.251 -55.9811377999999
-15.08 -33.98947
23.6 -63.857359
-1.208 6.91685000000007
20.48 -2.02474950000002
-7.32 1.33566999999998
-12.29 -40.18267
0.8316 -31.7515592
-11.59 -32.7590449999999
9.477 -5.72931499999993
28.84 -2.47365999999995
-26.3 -2.29012999999998
-25.76 -31.91887
-8.214 -19.397225
-29.28 -23.9234675
-22.67 -33.082265
-9.288 -5.95774500000002
-27.94 -17.244761
-1.156 7.23015220000005
6.149 25.121175
-19.05 -11.9003539999999
18.47 29.09133
10.11 16.043839
-4.234 -25.345975
-14.13 12.5402375000001
-15.34 -8.35831699999998
14.66 -3.96901499999993
-9.604 -4.459945
-14.48 -29.1313985
-17.76 -40.499855
27.4 19.0586449
-2.983 18.69663
-11.6 19.9457
-18.38 -8.67671499999998
-27.79 6.14268000000007
-0.54 -74.5234124
8.343 1.79684
-22.66 -1.61337500000002
21.85 -7.24035000000002
-18.68 -34.6914
25.15 13.626131
-25.87 -51.105265
-4.916 14.3572000000001
29.04 38.43509
14.71 27.511945
15.17 29.7230600000001
25.56 50.7078015
-23.34 13.678338
21.22 -8.691475
13.27 40.8899400000001
5.54 -2.78651500000002
-14.46 -1.59818999999995
-16.53 -12.285105
11.48 6.16941500000002
6.604 -4.70284500000002
-3.774 -17.309703
-29.48 -48.43234
-10.84 -5.50978249999993
-26.08 -6.45462499999998
-15.91 -13.265622
1.764 26.0926215000001
-29.48 -31.744445
-12.64 -51.695725
11.92 5.85908500000005
-13.94 3.25864899999998
-11.69 -6.23839750000002
-3.633 11.4510150000001
16.44 -6.85510499999995
18.89 22.867195
5.592 -20.293565
26.44 54.5028800000001
19.35 -16.947925
12.65 50.836015
-7.218 -44.65992
29.79 -86.99855
-3.796 40.40802
4.847 8.20332000000002
-2.636 -18.90471
-2.513 -8.05131499999998
21.23 12.93471
9.522 -13.7516499999999
-10.97 -4.826955
2.453 17.616495
6.726 -10.7642309999999
25.63 54.1405400000001
-17.6 -15.3323405
-5.505 -37.2371419999999
17.56 16.353992
2.166 -32.30517
-11.89 -15.319623
-16.37 58.160989
-26.13 -32.022735
8.429 19.7200995
-2.981 -4.223792
13.59 43.67829
-9.695 -8.67974380000002
-14.59 -16.5018
-2.194 -10.498965
-3.573 -14.476758
29.36 26.9195050000001
-14.43 42.6175300000001
-20.61 31.157655
-23.8 -21.5234445
16.36 65.552173
17.69 46.56817
-18.28 -10.45401
29.38 10.1119630000001
9.608 50.7637
-23.45 -4.1317
-10.76 -22.7921524999999
-9.044 -3.27366499999998
8.652 27.31387
-3.932 -30.867859
0.5007 2.09311700000002
-6.782 -12.661835
-1.832 -4.169165
-14.87 -7.97755099999993
-17.3 60.4860150000001
18.62 28.7998345000001
-21.89 -38.3622
25.18 19.887588
18.5 14.61387
3.839 48.2316917000001
-8.01 -8.94574
-23.54 -21.638215
-13.88 71.775945
-11.53 10.910893
25.83 -32.3756
16.41 5.553874
13.73 -2.53063199999993
-21.93 -42.50101
2.637 -2.33936899999993
-12.72 -7.58215300000002
7.698 -17.53584
-15 -43.6511459999999
21.65 -5.30197499999995
14.27 -27.842225
26.58 40.85687
22.49 -33.56411
6.646 151.77434
9.34 -35.90184
5.19 -6.60323299999998
10.83 -33.86534
-22.04 9.570316
17.17 66.717373
-1.759 -6.26056249999998
3.909 17.5004750000001
-3.06 4.63122750000007
18.33 -10.657095
-21.67 15.059515
-6.009 28.20475
27.62 26.464738
-11.71 -3.44035999999993
-23 -33.6788199999999
6.185 15.566154
14.44 29.3449300000001
16.7 9.86992999999998
19.8 46.87217
13.22 -4.462025
20.19 40.0712405
-25.02 -15.93374
26.11 33.953914
3.983 -31.1927249999999
-2.728 31.358065
6.895 6.27463500000007
24.94 41.007302
-1.417 -7.34955500000002
-10.34 34.925424
-16.26 -24.3131299999999
-5.807 26.95243
4.586 -10.731785
18.82 36.771765
-2.587 -0.249485999999977
-1.871 -17.2303205
5.254 -2.15943899999998
-16.36 -37.3752235
-20.55 -57.860815
27.33 8.090099
-8.855 -9.86460499999995
26.86 32.912236
-0.896 3.98696000000007
-13.59 -14.5153119
16.63 16.759745
-25.43 -16.591695
12 2.15333000000002
-26.02 -29.3573649999999
-22.85 -55.6641099999999
-25.15 11.484399
3.875 -13.578315
0.003628 14.3887700000001
-17.85 -13.9633
14.18 42.8312495
12.3 25.243415
-2.021 11.9186
14.5 25.4695865
12.55 5.06815299999998
-7.554 -36.56453715
-21.05 -0.182164999999977
-1.62 19.5270660000001
28.9 38.75672
-4.935 -28.758149
29.73 79.99368
-20.72 -15.47175
18.06 25.3363450000001
-6.245 38.2390850000001
4.447 7.32015190000002
21.47 31.949325
-13.63 8.566185
-0.7577 0.205480000000045
3.246 5.04033850000007
7.707 29.7245145
6.15 -67.517053
-23.75 11.862645
-12.73 -6.89687000000002
13 17.8171070000001
11.77 -20.677327
-15.56 -30.9331449999999
-25.7 -23.07364
4.39 -1.06601000000002
21.74 34.775555
25.13 62.96078
5.924 24.111405
26.69 56.9790425
1.37 19.04324
-18.18 16.716349
14.72 8.10536500000002
6.542 -9.542416
1.077 -17.318849
23.32 34.15603
1.084 -23.614245
19.97 -15.3952932999999
-14.62 31.268936
-4.001 -37.074074
5.173 -17.63881
7.118 -11.351935
4.579 5.419625
-7.928 16.1824735
26.96 12.16487
0.4597 -17.058815
-11.45 -37.9536814999999
-4.075 10.90289
27.16 -29.3356733
-11.95 -3.71192999999995
29.24 18.932469
16.61 -66.176701
24.84 53.898595
-7.744 -3.010365
-7.19 -24.114064
-21.7 3.45448799999998
1.807 4.89624499999998
-1.464 -33.933348
16.64 1.67301000000005
19.77 -5.73120019999995
-20.84 14.4590385
-16.86 -33.24352
18.79 66.613141
25.07 -3.57449100000002
-27.66 -40.9509549999999
-0.6817 -49.5015409999999
-29.95 -59.537035
14.91 29.026725
5.534 -5.04897499999993
-3.787 22.31301
-6.313 -19.2574468
-16.6 11.3715
2.968 6.94944500000002
-9.469 3.57006999999998
-12.59 -42.0830749999999
-17.46 1.11474999999998
9.093 19.5368
-17.97 9.81631500000002
-1.127 17.457545
23.38 30.382845
21.18 -39.3621049999999
28.5 33.316489
17.45 -2.98763999999998
24.63 -58.0687609999999
5.827 34.10658
-21.83 0.931595
2.331 13.630195
4.645 -3.66539999999995
-25.43 -91.73606
-0.6594 -39.386053
23.67 -7.22945899999995
-3.041 19.592364
-2.961 63.24486
16.58 -22.76724
3.137 23.2612637
-12.96 -45.68447
14.33 5.27836000000007
-14.06 2.47114150000005
12.47 -81.21267
-20.49 -44.0110984999999
-9.477 -6.51179999999993
0.6796 235.762174
-9.857 52.095883
0.2422 -29.6980879999999
-2.85 -5.787415
-4.706 -21.837295
7.653 0.699300000000022
22.17 57.763205
10.18 19.7081799000001
-20.33 9.10634000000007
9.647 3.1672545
12.46 8.48224999999998
-15.62 -15.1530875
27 30.73219
12.02 1.70543350000007
24.9 -13.6377175
-14.54 50.229215
14.36 19.79505
-18 -33.477943
29.54 15.9017
24.72 52.655806
9.295 45.2694245
-15.47 -83.0987919999999
3.101 -6.39476599999996
21.08 37.7676744
-18.05 -21.843941
8.135 -16.353125
-24.66 -13.986525
-21.65 -11.952765
4.995 18.436695
3.204 55.130219
-28.41 -50.46456
-18.68 -44.848435
-9.679 4.93518500000005
6.86 4.12872999999998
2.695 -4.39424999999993
21.19 54.464725
10.84 -14.6245285
3.946 -15.3963722
-27.79 -18.26441
24.05 32.50249
-28.53 -28.323798
-7.009 -21.227325
13.5 32.070505
3.399 -8.53129349999998
-17.11 60.028796
-9.06 35.830715
9.021 -2.76675649999993
-14.59 -37.749936
-3.878 16.8858750000001
15.78 18.362335
0.5183 -2.23271000000002
5.387 -3.72941999999993
25.27 -44.98642
-4.228 28.2937286
-17.86 -12.191498
-10.77 -39.386725
16.03 26.163281
12.9 -50.5569
25.74 8.65331400000005
2.162 46.623494
29.97 13.92552
15.5 10.2027700000001
-20.17 -18.4192135
-15.06 -19.62573
14.9 36.2451100000001
28.97 44.8438700000001
28.2 47.7282150000001
-18.33 15.28444
20.16 18.211546
-17.32 -18.9158825
19.78 47.0278250000001
1.026 42.50551
26.46 -5.14250999999993
-1.81 -24.744025
21.57 53.257053
-8.145 -5.10937600000002
7.63 6.53108000000002
11.05 68.278815
19.87 14.247302
3.398 -6.81213500000002
29.75 13.870528
-14.81 -19.54714
10.43 -66.7839676
25.91 60.975905
-9.9 -18.411311
10.48 -41.756315
-22.31 -50.213255
0.5985 65.189755
7.489 3.928449
9.573 52.5985350000001
2.827 -15.290962
-17.53 -40.617675
-21.04 -50.5221655
-0.9336 10.9864650000001
10.16 -8.55721
23.76 -17.01427
-27.31 -20.1788
-5.001 -44.52157
18.56 -7.613715
16.71 2.46698840000002
-21.94 20.467958
-6.924 -0.0434369999999316
-26.29 -64.233382
17.53 -4.39056499999996
-26.04 11.6081455
-3.256 14.1033600000001
-3.947 -41.764595
3.758 48.333385
10.04 1.66017500000002
14.95 26.37787
20.41 11.34022
-4.29 -3.32902
21.63 4.36838999999998
-4.127 -12.5939599999999
18.36 43.7514
12.01 4.65515500000002
-27.29 -28.7043539999999
-24.33 -24.899681
-24.33 -36.90371
-23.33 -44.292615
-4.371 -2.51514499999998
13.11 -6.25447500000002
14.78 16.6527120000001
8.82 10.9472350000001
-12.46 53.0811338000001
-5.797 -58.942605
-16.4 -17.03556
29.08 19.29581
3.96 8.65449949999998
-18.86 -14.5023
-22.7 -56.784241
-16.07 -33.31168
-28.28 -28.201465
1.307 69.473917
17.08 38.5331055
-19.39 -26.655365
10.31 19.86423
19.08 -43.2417499999999
7.108 41.700925
11.5 8.28268500000007
-13.47 -21.92779
-14.57 42.432755
-18.83 -0.287875999999955
9.179 -5.09236299999995
-5.543 9.11628200000007
-21.32 -35.311927
-7.339 -18.820742
-3.3 48.361227
5.942 -7.27369000000002
1.023 13.9212050000001
19.12 -6.27490499999993
-12.86 19.103594
-18.5 18.7090300000001
-29.56 -0.214376999999932
-0.3175 -42.322086
27.51 53.027183
23.38 29.013202
29.47 5.29262399999998
-0.4418 -12.2999149999999
-4.527 -51.92238
-29.52 -36.592125
13.8 49.048035
9.416 42.764485
11.46 19.388095
20.72 8.43023999999998
-3.891 -24.317756
25.19 25.704198
11.71 4.28465500000007
-19.51 -20.083365
-14.37 55.51059
-27.82 -11.108635
6.278 -18.477835
-2.972 50.448355
23.76 35.70491
23.26 19.318965
-24.26 -56.557851
-8.122 -26.282855
-18.31 -16.0639495
6.089 23.695125
-20.11 15.852237
26.64 17.925625
21.04 28.898482
28.5 -9.129355
29.18 38.0688275
-4.932 -16.153745
-13.51 -36.6633299999999
-12.87 5.29906500000002
4.471 13.803685
21.58 -1.64423499999993
-12.01 -2.12277999999993
-10.09 -12.4272829999999
-2.343 -46.299115
26.54 -25.201432
-13.98 28.471995
-17.11 -67.899065
28.44 37.347332
-25.19 -3.10503999999998
3.076 6.361095
-21.3 -17.684535
4.228 27.515565
-2.402 -6.41242999999993
-14.25 -35.705902
-9.416 16.866512
16.79 25.59619
-22.29 -49.8895625
27.49 5.30537000000005
14.29 142.356795
-8.678 -33.1109
2.715 -1.22252999999995
26.45 49.138184
-5.698 -5.52536999999995
9.256 -4.01683500000002
-17.01 -8.70972500000002
-14.55 64.529865
23.38 20.6218785
1.935 -2.971095
-13.88 -3.931736
7.936 7.66028500000005
-24.66 -58.959923
20.03 42.105445
-8.821 46.3677575
-21.12 -56.1650609999999
-22.83 20.99756
-16.19 -49.524515
19.86 19.0852115
14.08 32.34676625
16.83 26.644474
-22.8 -114.3546215
0.7994 -34.0690065
-14.89 -38.22131
24.25 -22.25185
28.89 30.6091726
23.22 54.660696
26.34 11.5592100000001
13.77 35.3639326500001
-18.28 -6.702155
-1.037 1.74914999999998
-0.7853 -50.744155
-19.31 231.286631
-24.54 -32.9798199999999
27.2 28.8129326
-23.49 -39.472325
-9.982 -56.8937665
14.48 21.1321000000001
-15.35 -4.99038499999998
14.72 -50.2535819999999
25.46 31.220786
-17.55 -13.364005
-24.88 -61.95084
29.34 -10.702497
25.94 12.1474800000001
-7.86 -63.23887
-25.3 -44.430575
11.35 -21.636132
18.51 -3.41720999999993
20.63 25.1566
-22.92 -38.6136199999999
-21.2 19.862758
14.75 15.64473
6.236 7.3383
11.19 -8.03430999999998
13.76 11.718401
-9.623 14.483026
-22.61 -22.110615
4.684 14.3142850000001
11.08 -4.03920199999993
15.47 19.363747
-26.98 -47.000455
10.65 0.692905000000023
28.82 37.519119
21.86 32.267592
27.42 27.5092350000001
1.804 -10.8815
-20.63 5.26520500000007
-21.15 -30.48265
-17.08 -3.13796999999995
18.06 56.554525
27.77 26.432885
-24.1 -12.8611599999999
-11.53 -6.210468
1.455 -55.5359024999999
-21.85 53.374877
20.84 -6.00956600000002
4.171 -4.89804999999993
12.84 23.322165
15.23 12.542575
-14 0.212076499999977
-21.04 19.523686
24.01 -5.28891499999998
-25.49 -31.661281
16.31 -18.7328674999999
3.494 -14.0315109999999
-23.34 -36.594088
-24.37 13.981965
-8.12 -33.9730399999999
17.13 4.27381999999998
9.536 17.038265
0.6665 53.2646
11.27 -3.00947999999993
-28.28 -28.6309649999999
25.39 23.195205
7.447 12.765715
6.573 8.75129000000005
-24.36 -98.182035
-8.329 -53.6978998
22.04 21.11649
7.013 -2.46702830000002
14.97 49.3479395
16.84 -56.1244345
-26.54 -7.44243200000002
22.14 2.34000500000005
-23.32 -16.441175
-26.7 -23.8522695
29.28 56.346467
5.141 -14.786285
-21.11 72.554605
-16.98 -41.734548
-5.622 5.33883500000005
16.06 41.80572
17.21 -34.259465
21.32 32.7683120000001
29.02 45.314675
-20.53 2.16043750000002
26.35 79.369165
-24.86 -59.5382895
27.23 37.296875
-14.45 -16.7991861
16.26 -8.44471300000002
1.625 17.1737180000001
2.794 75.5930165
-15.79 2.34947150000002
27.74 22.701105
14.06 17.4613742
-13.91 58.608245
-23.51 -24.3901565
28.11 25.6754750000001
21.73 29.014625
17.66 71.5531204000001
-14.6 -6.30214999999993
21.29 -31.288152
13.28 -14.792387
-21.81 -1.03414300000002
2.634 11.917625
-19.52 -66.5941839999999
-2.482 39.8846600000001
26.07 10.879815
19.27 45.340538
26.68 -15.2611960999999
-27.03 -30.9585485
-22.32 -11.715864
14.1 15.69601
6.047 55.30608
-11.65 -48.11526
-8.137 32.5883850000001
12.84 17.96225
13.94 11.233045
-27.02 -100.8944705
-23.28 28.34787
10.01 -52.736474
19.1 -19.116759
27.55 45.095565
-19.16 -5.48233949999995
-7.878 29.82236
18.89 39.425007
18.05 10.072445
17.06 15.05552
-14.07 -7.60654399999995
10.12 16.8138145
17.82 -63.6595099999999
8.499 3.03374000000002
6.969 -16.330265
12.37 -53.28849
-2.007 70.2667900000001
-23.94 -21.7252895
29.5 17.691229
-25.97 -24.92168
-10.74 -36.79133
-19.67 32.165528
22.69 78.056364
-17.04 -61.7002985
22.08 -31.79368
3.744 -1.70018499999995
14.85 -6.49096999999993
-19.14 -6.09348659999996
6.163 36.4365780000001
0.1755 -7.65431499999995
20.11 26.582329
4.483 -39.66767
-27.67 -2.56957499999998
-2.535 -54.757896
-17.29 -6.74220999999993
-13.04 -25.1884849999999
-0.6388 -40.8835089999999
-21.32 -8.80922999999998
1.536 1.96231500000005
24.77 18.58907
-19.51 -28.98786
-14.19 -15.875551
27.59 65.302036
17.93 1.53374500000005
15.17 33.215415
-4.967 -8.45752
-20 -15.353045
-9.16 -26.85811
-9.653 8.49334550000002
-24.51 -6.44175000000002
-27.27 -9.81713999999995
5.438 12.532145
17.22 15.4901557
23.14 39.6862608
-6.056 4.48425000000002
15.08 -16.85372
-14.58 0.427555000000023
-25.22 -1.837725
-27.2 4.79851000000005
27.51 -3.14475500000002
19.12 12.602625
-18.18 21.975457
-20.94 -61.925555
19.85 -24.565845
6.042 28.2706700000001
29.32 52.70439
-7.609 22.90768
14.15 22.3728630000001
-25.88 9.34463449999998
19.94 15.2476120000001
18.88 21.426285
13.62 20.51825
27.24 28.51449
-7.086 -47.140259
9.716 -15.072155
13.14 -6.67658880000002
-21.09 -22.153675
9.423 18.097
-26.64 -18.39043
10.25 20.241955
5.267 -7.696995
17.99 48.7027550000001
11.51 28.1447
26.63 4.49334900000002
20.54 16.85121
21.11 42.63626
-18.04 -28.4462575
-16.12 -10.83844
-16.37 -7.36109950000002
-6.901 42.029628
-13.68 -26.818151
-21.98 -29.4271345
0.6886 24.2378460000001
6.578 -3.88688349999993
-8.555 -25.3400449999999
-8.396 10.926785
28.05 7.45665500000004
-12.2 -37.011036
-19.03 -8.4363
-22.51 -45.178267
6.905 23.139365
16.96 51.348905
26.89 70.6949360000001
-0.892 58.254616
17.5 -0.366114999999932
-5.571 -40.63992
-29.65 -24.840685
25.95 9.19804030000007
-1.195 -54.5301144999999
28.58 44.1884250000001
7.788 36.3344450000001
2.055 45.8149000000001
-3.018 -24.4642073999999
3.671 37.9692125
14.46 25.249035
8.886 1.29761250000007
-23.98 -5.62553650000002
-8.96 16.739108
4.739 -0.760877500000023
-15.7 29.876087
9.541 83.2271550000001
-9.442 5.28902499999998
5.927 21.579345
-3.371 -25.7588388
-11.03 -5.11514700000002
-5.114 -15.81768
-12.05 -28.634925
-21.32 -0.00655999999993107
-23.43 1.92236500000007
-28.28 6.75951000000007
18.88 17.5155895
-25.15 -31.318015
10.8 48.32807
-24.4 2.00657
17.07 25.36193
-28.84 -9.17175499999998
-26.84 -27.8413965
-17.32 -38.3259299999999
5.072 18.257365
4.693 -2.33359279999995
6.751 12.404855
-14.41 -27.801676
10.77 -77.783603
18.79 -15.384716
-24.33 -31.831995
-7.134 -16.4103
2.151 -27.6763724999999
-5.197 -3.67135499999998
16.43 -3.87435499999995
1.999 -7.78608100000002
-3.697 0.589853500000068
-11.76 -33.5817854999999
20.86 13.745825
22.52 18.455095
5.33 -29.64535
-5.402 -7.74159499999993
28.99 19.662455
-7.648 -8.69157500000002
-23.61 -65.5989699999999
-4.715 -2.66199499999998
0.8978 29.004494
20.94 12.2785525
-27.9 -5.08198
12.01 60.1413100000001
-6.273 -25.911245
25.68 4.54062199999998
21.31 11.663884
-9.074 -54.8813849999999
-9.235 1.30654109999998
-16.24 -22.395349
18.87 -3.88611000000002
15.68 35.96592775
0.7987 -21.612717
13.75 8.69989915
-16.01 3.391515
-27.46 -28.171
10.81 -48.7399349999999
-8.28 81.5139720000001
22.5 43.9261790000001
18.13 32.796197
-15.9 -3.35317999999995
-8.833 71.9813295
-13.02 -53.7367515
14.35 -39.3609499999999
-19.7 -45.5675469999999
11.48 -7.54871499999995
8.668 1.16026500000005
-14.54 4.04748000000007
8.758 -1.360711
-22.82 -29.417904
12.34 -12.90876
-1.59 -23.67891
22.57 5.01038699999998
-9.125 -41.1582609999999
-5.602 25.645901
14.09 15.1361080000001
9.453 -26.1315085
21.3 47.3401389000001
-18.67 17.14846
-1.226 -9.95222500000002
-15.22 -3.23911999999995
29.41 13.3613230000001
23.24 13.93136
29.91 34.2100515000001
18.1 -5.03765500000002
-2.095 -32.61674
-16.02 -19.482295
12.11 3.66003350000005
-28.41 -6.602935
-14.31 -26.45138
17.45 37.98659
21.69 5.46509999999998
12.01 -19.0697065
-15.76 -14.3093
-7.834 -12.62825
-6.125 -13.5363899999999
-16.94 6.34905050000005
27.31 -15.981025
-13.78 -42.9437949999999
25.32 23.147965
17.46 23.23821
0.01192 -3.54387999999996
-23.57 -36.02648
-18.22 -16.2666019999999
3.439 -22.91596
-8.213 -34.03352
-13.76 -35.30476
11.79 51.163243
17.63 -5.370109
-21.87 0.857939999999977
20.18 2.34267999999998
10.5 15.266075
-4.399 -27.319155
5.766 5.46362000000004
6.933 -37.523645
-11.91 -51.184904
5.433 -17.965325
4.245 -1.471622
-15.83 -9.57643349999995
-13.59 -20.971905
27.22 -14.578286
2.27 6.39763500000007
-9.944 24.5981400000001
-28.31 -46.130945
-24.53 -18.298645
-13.82 -36.9961749999999
-12.67 -54.994926
8.989 -9.055092
-28.99 -49.4737656
12.85 -6.75337
15.54 24.1284815000001
18.4 -5.99705
-26.58 -62.015615
15.32 -4.76598000000002
-9.991 22.03435
11.29 22.878185
0.8218 43.983002
12.36 57.8264707000001
-7.356 48.288285
6.391 -9.1622505
5.826 -6.94128499999998
19.98 28.059679
-8.148 85.09755635
5.403 4.76137
16.19 -14.062615
-13.56 59.364885
12.37 6.70212000000002
28.1 27.230566
-5.979 36.72173
12.57 53.272765
-13.62 1.23251
-2.053 -42.1383425
-3.236 5.930611
17.07 13.695897
7.257 33.1244875000001
-16.82 -19.006405
-2.408 22.7327700000001
11.25 30.174735
1.631 35.37411
4.381 18.894942
-3.7 -1.206044
11.2 -2.74483499999995
-8.11 -67.827435
-18.31 -9.53671299999993
9.635 -52.587445
-29.03 -59.114841
0.6216 -4.28542500000002
19.28 14.77498
26.8 40.342348
-5.54 5.62357650000007
3.927 -25.7986899999999
19.37 19.9285815
-4.816 -4.08741999999998
9.737 -12.1569449999999
15.01 -5.14000999999995
-22.65 -41.846337
-27.95 -0.0240090000000227
11.6 -16.5893249999999
20.42 65.60602
-5.484 31.8310965
3.067 71.202725
8.536 40.77966
0.4429 13.74589
28.31 10.166925
-1.698 61.02256
26.04 27.6638900000001
8.947 -30.3324199999999
-28.38 -59.9665249999999
10.34 2.1375
16.6 33.128008
23.43 -2.05931499999998
-23.26 -44.6298655
22.1 49.82173
14.05 29.57626
-14.39 15.333857
17.53 36.8737450000001
4.481 21.6137600000001
10.71 13.774847
-9.957 -0.552574999999932
-21.56 -120.293943
-14.7 -37.38895
-10.84 -57.315065
8.86 -7.37653999999993
14.54 -13.082142
-20.51 -16.868705
16.51 29.0266150000001
-14.55 -30.50823
-10.63 62.3479510000001
6.888 -22.670725
-1.55 -36.80738
6.792 -53.02947
7.918 12.607771
-24.81 -19.472765
29.16 3.35906600000007
-5.389 -28.749061
-23.3 -38.713493
1.915 -11.065968
27.61 9.94936000000002
-0.634 -6.26075999999998
-18.81 -5.31400399999993
4.71 -20.368197
0.5298 45.468365
-19.12 36.300675
4.642 48.134375
-29.52 -25.1652149999999
-26.83 -23.85422
-20.62 -96.280915
19.84 -1.07732999999995
4.599 -7.52635699999995
16.69 2.1008965
-5.318 5.73927000000005
19.7 4.01630999999998
26.48 -11.46984
-7.124 6.05844500000005
21.16 -49.6638699999999
-17.75 13.843526
1.333 12.768185
12.39 68.58269
15.36 -3.56427499999995
-2.546 10.5462565
16.54 23.236195
-18.11 -1.64659399999993
18.24 58.364455
-7.192 -3.703101
7.689 55.23297
12.85 40.0921
-6.238 -10.6751249999999
-9.176 9.57668000000005
3.591 27.76077
7.956 1.0339
6.509 64.882545
16.01 2.69086999999998
1.916 135.000283
19.54 18.497267
1.615 59.347735
10.94 31.9792345000001
1.646 -37.6870905
19.2 52.13556
8.901 42.1757100000001
20.07 -18.293195
-25.78 -36.735969
-17.18 -34.657245
1.74 15.441095
-10.88 -27.298582
28.14 53.7931045000001
-5.434 -9.46385
14.44 -1.574685
12.57 37.7172800000001
-29.71 38.5356435
-17.96 -57.10853
-1.585 -48.46041
20.03 41.092776
-17.33 109.915614
-1.607 -3.48435999999993
22.87 26.390295
-29.84 -64.447618
-1.53 -3.463485
-19.81 -6.95305999999995
13.77 29.07411
-11.97 -18.477805
26.09 24.6169125
-1.671 -13.281192
-12.99 -5.85287499999995
-5.088 -34.3453292
-5.569 11.926515
27.21 3.58007400000007
-10.75 -56.336244
11.05 -29.06553
20.9 24.45472
-1.486 5.74151899999998
6.968 12.46097
16.26 3.47865627500007
-10.74 0.538725
-7.264 24.782102
6.002 26.5590125
-9.504 0.477845
28.04 11.66904
26.33 0.484820000000045
-16.89 -27.837905
0.4864 7.781765
19.09 45.39716
22.84 26.40555
28.33 -59.1509499999999
-16.54 -34.14592
-21.89 -64.0267559999999
8.595 21.900749
16.73 57.4576700000001
-16.78 -24.5555999999999
-29.81 -44.217495
29.53 10.503355
2.082 7.70866
18.64 -21.440364
2.616 17.540495
29.17 22.8257834
-17.83 -13.7286099999999
-1.074 5.65153540000002
-2.865 26.315887
22.16 6.35399000000002
-12.14 -23.96038
-10.35 -28.882242
23.59 41.5137400000001
9.696 20.530485
21.63 31.6673750000001
-5.325 9.42125100000007
-6.858 62.36477
-3.854 -14.41621
-17.12 -16.7146955
-29.42 -7.16228000000002
-6.486 18.332413
5.209 23.3967150000001
-4.005 -2.82731499999998
-0.7899 11.95986
23.61 2.45958
-16.99 -6.98063799999995
17.91 21.90062
-6.898 29.456538
-5.572 -42.6110799999999
29.29 56.261205
-19.47 18.9595024
-14.65 -58.8159985
20.38 28.7846783
11.82 37.33994
-23.11 -79.908395
-29.24 -40.2278599999999
21.23 25.7497800000001
-18 -65.7494819999999
12.72 28.584215
22.92 17.39875
21.93 54.334645
11.97 9.88952500000005
-6.391 23.4555918
22.34 61.200355
-20.22 -5.94423299999993
-17.91 22.539392
19.4 54.203325
3.49 86.1167615
12.1 -14.102415
-26.19 -30.046725
-19.78 -76.9529185
-3.392 -3.16077799999998
10.54 26.51485
-15.15 -15.2205899999999
7.868 -14.9861189999999
18.88 39.275953
17.04 47.663585
1.432 11.332445
-20.05 -2.73262149999993
-26.07 -66.874315
5.279 17.14758
-24.81 -29.3596139999999
21.71 25.025145
-13.7 -27.477329
4.665 -6.81403499999998
8.561 -17.7160865
-16.54 -10.39247
-5.026 0.490426500000023
22.61 -2.53096999999993
10.79 31.461215
-19.27 -22.966795
-0.802 -7.173295
13.16 13.907945
-26.26 -3.56199500000002
-14.66 -14.637277
7.2 -11.10236
6.449 -23.294645
12.77 -16.27667
-5.283 16.3546019
-6.388 -7.75778499999995
-25.78 -37.7767869
-14.67 19.878415
-0.8363 8.22350499999998
-8.393 52.8932325
20.71 12.810897
13.86 24.049705
-24.88 -18.026526
-18 -44.007706
18.46 -34.9579349999999
-3.2 -26.317075
-25.64 -48.21089
-7.334 -28.225575
12.49 32.552665
-19.19 42.1196050000001
-18.81 73.83126
15.46 26.7080590000001
28.26 45.31926
-2.325 9.63098500000005
-28.02 -19.110597
-13.36 3.73365500000007
-13.51 -2.50219500000002
9.617 28.6127950000001
16.89 21.3675295
-14.68 -25.5181499999999
5.625 23.109557
9.113 36.6143510000001
-18.46 -7.35555500000002
-11.17 -11.5366265
-29.44 -45.72295
9.947 66.5864000000001
21.5 -41.264218
3.01 -76.830666
-9.811 7.13426500000005
18.14 -32.23273
-16.25 -33.644367
-25.18 -24.637595
-10.42 -33.8070829999999
-12.45 -15.5060765
-29.68 -7.75013199999998
16.95 8.72645500000007
-1.107 -15.22485
-5.528 19.3793150000001
23.44 -2.34567499999993
24.47 19.59989
16.18 -10.7153249999999
-27.27 -84.4186649999999
11.69 -9.10397499999998
18.74 -11.758905
15.38 2.5259715
18.69 27.836935
-10.08 0.856013299999977
6.948 -25.110356
0.818 -26.4505899999999
-10.07 -12.671875
23.04 17.581782
-9.326 9.5767335
21.85 40.50141
-6.922 13.192942
4.363 13.846765
25.93 34.082215
-7.069 -18.214024
-21.62 -38.869845
19.49 32.85958
28.92 29.5706502
-18.82 -3.87915700000002
-5.297 62.74008
-1.476 -7.95779500000002
-12.9 66.4283694
-6.084 -27.44974
5.072 -20.32255
24.38 -33.589478
17.96 -21.777053
5.542 -6.19218499999993
-13.64 -14.12242
11.04 12.17049
-1.373 -4.71000149999996
24.1 28.8645
4.787 63.6066102
9.131 39.1057950000001
1.24 10.813605
-19.9 10.414635
1.841 12.32378
18.78 5.94186500000002
-2.931 6.46802000000007
-25.33 5.73563000000002
25.02 71.2250900000001
9.758 4.32482900000002
-9.633 13.065485
0.751 21.8008675
-28.11 -5.73523999999998
-6.003 -41.305145
-22.58 -39.031405
11.63 23.883149
19.86 58.98521
10.46 26.7307272
15.3 44.901105
17.59 -57.0105699999999
11.46 -14.39434
-29.75 -12.07075
13.47 18.91285
22.13 10.290505
16.66 -13.60549
10.4 -12.962495
1.462 8.012066
2.414 33.2591050000001
-4.328 -23.32501325
8.635 -31.15343
2.575 -60.638925
25.23 -34.609437
-8.692 9.417975
9.019 36.301275
19.57 33.565905
28.8 -23.8129359999999
28.51 57.639322
-10.09 -27.9942359999999
28.32 29.99485
7.674 6.591018
-15.03 -36.58255
27.07 -4.7656055
18.64 50.8588950000001
10.41 63.844515
-7.826 -65.144515
5.197 -33.8188249999999
12.48 41.6806575000001
-17.59 -29.685149
10.71 14.491251
-20.23 5.51850685
-7.561 -18.069852
-18.56 -24.492995
2.145 4.466795
-8.544 50.41303
0.1122 -40.409201
-19.29 -41.3743315
28.92 5.16071500000002
-6.489 -0.459986
-10.35 -8.824095
24.06 -8.76942249999995
10.04 31.077073
12.92 -9.20840000000002
13.53 36.6525015
8.334 60.65006
-20.33 -25.229565
-13.85 -77.6431034999999
-15.88 6.45884400000004
-29.13 -33.97063
-15.47 -20.275555
-25.74 14.4947985
-7.564 -49.2258219999999
-22.04 12.8181200000001
-22.96 -19.453133
5.474 -48.611155
-29.26 3.36637650000002
11.96 1.43730000000007
-13.95 23.3463225
-12.82 -14.813795
-28.15 -25.165855
29.64 22.88541
16.73 -15.271552
-6.232 35.6516400000001
3.827 -12.62360125
27.88 48.04557
28.65 4.48763500000002
-20.67 11.071445
16.11 -69.944581
-13.92 10.9686575
2.502 49.649461
26.09 40.469431
-5.686 -8.75894499999998
28.38 39.5506230000001
2.438 46.184944
-5.805 -9.384225
-6.364 -54.6980859999999
-24.55 -31.969085
-20.97 -31.38043
24.05 5.6937405
15.83 18.919305
-28.98 -44.9789674
24.18 6.351575
-15.08 -39.313735
11.97 39.465955
-9.476 7.17628499999998
26.23 55.0304
-2.134 -14.09453
12.88 8.74332000000005
1.965 39.4040250000001
15.64 -14.660725
0.6921 -45.127577
-13.41 -10.1259484999999
-2.134 12.9768248000001
-2.986 -5.64402799999998
5.451 1.40116400000002
-8.981 -7.88342499999995
-20.99 43.860005
26.24 -0.293309999999955
-24.47 -45.692225
24.35 63.993955
16.3 50.4168120000001
2.062 -36.785985
-17.01 -35.83508
4.877 52.3372535
4.122 38.25623
3.698 -30.631855
24.22 49.3353260000001
-0.8697 -4.54686399999993
-29.25 -33.005665
2.805 -4.65464200000002
17.24 5.94991150000005
8.849 9.50077499999998
24.41 28.7954825
15.17 28.1909745
-3.01 2.46033850000007
13.92 37.42815
-25.67 -11.0414925
-27.14 -11.9005459999999
-25.04 -48.7775770999999
28.17 -0.609569999999932
26.12 16.176625
15.57 18.8682185
-10.27 31.385495
-29.89 -48.2741655
9.775 -2.61725499999998
-7.212 -12.7281
29.7 12.98419
-20.01 7.21215000000007
7.409 -22.202345
14.79 28.568027
-26.39 -41.5202799999999
6.956 -10.907525
-22.93 -20.3382349999999
17.7 32.77572
23.45 18.65504
-8.313 -19.966705
-8.6 0.471600000000045
19.85 -1.24829499999993
-20.6 103.299575
0.1961 -26.368835
10.65 11.494115
10.66 35.6106200000001
7.524 7.96900100000005
21.02 21.747065
4.396 1.78411499999998
28.45 40.33503
-6.496 1.91922999999998
12.74 -33.6314399999999
28.01 -56.913942
0.5203 -66.425465
11.88 -6.78139000000002
-7.918 -4.075825
-19.86 -17.7751299999999
-21.44 -43.3262959
18.2 12.193522
7.039 12.3208845
-15.13 4.75863500000005
21.54 39.1678250000001
23.81 -35.2121195
16.79 43.30504
22.29 3.83164250000007
4.072 -1.016002
0.5975 13.151231
-8.343 11.65534
-12.6 20.014145
-1.485 27.922465
-22.38 -47.0214799999999
-4.204 -14.0206495
14.34 -46.744939
20.69 43.3333835
4.999 3.17455499999998
12.42 7.023835
-20.77 -16.7172345
15.61 -7.044645
2.747 21.336985
-6.985 10.6476095
7.107 -31.2154649999999
24.15 53.517845
-1.389 27.559601
-29.95 -18.8414699999999
-25.33 6.18037800000005
6.345 32.784775
-10.2 -4.57948499999996
-6.661 -28.6063649999999
-16.22 -17.807062
-13.59 -5.07220999999995
28.54 24.83701
-4.792 0.448981
12.35 -19.3312144999999
-19.33 -41.382357
17.49 33.62375
24.81 -53.2233148
-29.38 -15.08807
14.97 54.37948
-25.28 16.06761
-17.73 -9.27395599999993
-11.48 -6.55626700000002
-0.8381 30.79928
-29.67 16.49128
-9.875 -9.93222049999993
-27.29 -2.09236999999998
-26.41 -10.775713
-14.04 7.12912500000002
-23.93 -27.6895699999999
21.61 -18.925995
-22.48 26.57646
-8.894 -42.9467725
-6.112 -11.101265
-3.674 -133.901014
-19.12 -37.7514
15.11 9.69872500000007
-12 20.682645
-1.155 21.43957
-14.58 -45.364385
-10.85 -9.98362999999995
-26.77 -42.70885
5.818 42.4874980000001
-9.725 11.56319
10.81 -8.37919
17 21.364475
14.6 32.8706
29.68 24.6234245000001
-2.617 16.355649
-0.3457 -2.06860499999998
-2.557 122.010616
-26.78 -45.0459695
-5.655 -23.3460899999999
9.151 -18.4602751
-16.29 17.1338340000001
28.66 30.605195
21.69 34.3023100000001
-16.82 -23.232095
12.14 52.5251810000001
3.227 -1.10971599999993
26.2 -68.51535
-17.67 -12.375612
-16.95 -17.890776
1.863 -20.877545
10.85 -40.441825
4.555 11.3306000000001
11.29 4.54613
-19.22 10.919233
-13.68 -113.971794
8.041 -10.1824799999999
-0.03897 -37.19748
-26.94 83.164745
-17.62 -21.8107999999999
29.03 17.5760605
8.472 -190.139495
-26.76 -8.02663000000002
-5.77 -18.053755
-11.24 25.6656180400001
23.6 10.30631
-1.869 8.20232000000002
-4.979 28.930345
3.443 -15.36154
2.141 -16.5281804999999
-27.16 -29.783405
6.204 1.49063400000005
-13.77 -12.293275
-3.581 -34.814146
16.78 21.4928300000001
18.66 -6.31988339999993
8.046 35.25286
-14.22 -8.29967300000002
11.39 12.6632050000001
2.137 -5.50621499999998
19.38 55.0406
5.72 -2.13782109999993
-21.48 -2.841955
-6.563 -11.449695
-21.23 -51.3880449999999
-6.645 8.30408349999998
-8.788 15.190666
-29.98 -31.1128344999999
-8.252 -13.68804
-5.115 -19.1551625
-26.03 17.744824
15.01 0.315835000000069
0.04429 -46.3746649999999
-10.24 -59.663024
-6.449 -24.320099
8.878 -55.3552175
10.67 13.733245
9.956 -27.271565
9.485 -47.03673
17.1 44.7669700000001
-9.014 -0.0776599999999998
-6.079 -9.331681
-5.062 -27.257992
17.96 -38.37482
-15.31 -4.05957000000002
-19.45 -4.27425799999993
27.67 14.2430245
-1.416 -45.8998375
-26.42 -29.93398
-13.6 2.21042
-5.732 24.8319750000001
19.59 39.219303
14.71 -24.4461649999999
21.59 14.08644
15.33 8.78701800000007
-10.84 7.672905
20.39 46.96827
-29.57 -19.449968
26.49 -26.474095
6.236 24.486412
-2.558 8.93084499999998
-5.653 -40.4740781
-21.34 70.578089
-7.472 -0.285760000000023
-18.31 -15.1006149999999
20.81 -2.48823200000002
5.722 -31.94185
-0.488 -0.414914999999977
22.78 35.54024
-8.224 -0.542319999999931
-25.52 -6.64446999999998
-10.63 -9.66105999999998
-25.28 -4.747741
3.794 28.687395
14.24 -10.0429389999999
13.97 -15.5854945
4.991 5.52206000000007
-1.554 9.01332000000002
20.39 -1.16762499999995
-23.92 -36.765788
13.33 -37.423686
-17.76 5.08555229999998
5.836 14.706162
1.238 8.31514000000007
-11.59 10.058565
3.317 13.567547
16.88 36.115255
29.75 12.6596955
24.45 0.588755000000068
17.37 53.3236
21.29 81.3709764
2.938 -58.8150399999999
-27.75 7.59553740000007
-12.54 -33.1482408999999
23.37 33.71059
9.3 -1.6924124
9.106 7.76089000000005
26.24 11.5128692
2.667 10.805695
-12.41 -4.8773
-6.918 -23.604473
3.865 16.220645
12.09 -15.924613
7.152 -22.6967219999999
-17.77 -22.835975
4.337 40.02847
-9.866 -6.497665
-19.02 36.2169205
28.32 18.6063
14.34 -25.8194649999999
-19.5 -17.370215
3.803 -3.65313299999993
-0.135 6.10958499999998
-22.59 -15.8284549999999
-21.81 -31.6192399999999
-11.19 -23.870865
-8.795 -13.4901899999999
-23.36 8.72490300000002
4.203 54.82983
-18.84 -5.58674919999995
-3.484 5.230465
-4.231 12.5269045
-7.16 -22.21232
-14.35 -11.55403655
8.71 31.256675
-9.711 -2.46367999999998
2.902 -3.84819499999993
1.888 66.71244
1.38 -18.031779
13.45 66.5958800000001
-13.35 -20.82003
16.18 26.4373950000001
-10.31 -5.74274599999995
-22.07 -2.35475699999998
-11.93 -23.07433
-12.13 -14.7104749999999
-27.31 -5.26589
-23.96 21.2448770000001
1.314 27.436242
-1.983 9.33185499999998
25.6 7.04793500000005
-22.98 -72.756145
-16.85 -7.47252499999995
-5.305 -3.17050999999993
-7.37 -20.29642
7.074 32.76413825
-28.46 -31.504998
-26.24 -16.1336249999999
17.39 6.370561
5.304 22.485605
21.82 -9.90170000000002
19.81 42.8727800000001
-16.05 1.66189
6.722 33.473445
14.78 -1.6347105
23.96 31.5021600000001
-4.56 16.136205
-21.86 -40.03496
-26.5 -1.84743999999995
-4.194 -44.853355
-6.239 15.8713950000001
-17.55 -9.79899999999995
17.26 32.197675
-21.45 13.4800700000001
-5.584 1.83703499999998
14.46 -8.52742149999995
-27.64 -20.317285
-27.09 5.06012720600002
11.54 7.79206500000002
20.35 54.1532230000001
-3.008 17.35809
-25.21 -33.1215549999999
-29.23 -7.03744999999998
-28.08 -18.43721
18.17 -22.65935
-6.237 -4.07580650000002
-6.639 217.482939
8.189 -17.50435
-13.81 -15.031963
-10.61 15.686985
-24.8 -7.20141499999998
-24.61 -53.36849
-19.55 -3.42297499999995
12.73 -28.79933
5.829 -19.053063
-15.21 -31.3990899999999
-15.09 4.73948500000002
14.59 47.04493
-6.503 -0.882016
-28.65 -52.166762
5.719 -9.29609
-15.49 -10.407045
24.5 -6.59649499999998
9.571 -124.725115
15.76 3.81875600000005
-28.42 -15.23796
-11.06 -55.6038009999999
3.924 12.7965850000001
24.32 58.698355
-25.66 -32.8755
5.38 -9.94793000000002
22.46 -3.30488059999993
2.369 20.1557450000001
21.24 -2.01937999999998
0.1565 -29.4872824999999
1.616 -16.64415
-22.37 -66.8774845
-28.71 -0.6341805
11.24 6.26137499999998
2.657 21.066496
-0.6823 -10.230842
-20.02 -25.5626
11.47 0.331153000000023
7.445 29.289535
-10.62 -23.3784299999999
5.671 -0.560610000000023
15.09 26.634405
28.9 58.291895
-3.573 17.0179000000001
12.27 -8.6317
15.07 18.371235
-23.31 -21.4027385
18.01 151.675258
-21.04 -26.935397
15.14 -16.40815
-26.77 -7.09862199999993
-8.215 3.17378500000002
-22.08 11.5517
-8.342 -18.5144
18.25 16.520786
-22.23 -2.93925499999998
22.02 40.877085
-9.828 -61.461915
19.56 63.052654
-14.62 -33.092644
-19.14 37.564275
-16.57 -38.829332
15.76 -2.40190000000002
5.352 -5.41229
-10.3 6.72017500000005
-6.535 6.33495999999998
4.046 -90.383657
23.01 -17.48418
2.618 -3.14249800000002
6.42 2.08823499999998
2.123 -31.631138
0.2022 -19.15351
-21.16 -27.1743429499999
6.789 2.18887499999998
1.871 12.559015
8.933 4.41268000000002
-16.33 -16.795435
-0.2882 -28.178335
10.14 20.615125
-1.09 55.5834515
19.88 12.476873
-12.28 -18.4236699999999
8.95 -37.334268
18.71 59.5503875000001
-2.42 -2.20926499999993
13.09 148.797081
-16.23 -24.291265
9.502 -38.65582
-18.95 -23.58951
-5.101 1.23397700000005
18.66 14.701685
-27.66 -12.089015
-10.56 12.52398
-12.31 -15.49897
3.771 9.529655
2.87 -9.30452
1.537 22.566449
-0.2499 -5.72015499999998
19.69 2.79517200000002
-15.21 31.1080125
-22.68 -22.3940509999999
4.476 28.4027700000001
-28.61 5.32789
29.1 17.017845
27.95 59.9487845
-2.101 -21.898238
28.04 1.68564700000005
8.219 29.0204900000001
27.35 -14.351646
-7.378 -20.1417999999999
-20.44 45.006828
-26.02 -17.6386149999999
-2.659 26.666682
0.948 -2.99428999999998
19.81 51.01294
-10.75 -20.763615
-11.96 16.6971
29.42 29.686175
24.65 29.999315
-9.946 -12.71803
28.89 40.8656650000001
3.325 19.12724
-0.6357 12.76698
-28.51 12.2807305
-9.693 1.66585499999998
-2.777 51.79688
26.09 -14.55117
2.074 24.3733650000001
1.575 39.42964
27.08 66.61909895
-14.06 -9.691635
21.3 60.35588
12.07 43.821391
-5.703 -30.1840319
27.66 -1.99156000000002
-14.01 37.55845
25.51 -34.20536
-21.66 3.58888400000005
23.39 41.927095
22.83 32.305635
21.9 -56.730655
12.22 -3.1459
-15.11 -10.93314
-4.889 -1.00269500000002
-6.571 12.9126900000001
-19.33 -37.386165
-12.4 -71.9490409999999
-29.15 -52.6174399999999
-19.94 4.37385000000005
-5.733 -41.3398785
-24.42 -56.6054094999999
-2.282 -21.9379499999999
25.48 54.1364750000001
15.79 29.69438
14.01 -19.7663889999999
-22.5 -39.30064
4.574 12.429925
-1.444 2.91076000000002
-24.26 11.2682960000001
14.63 -10.2997265
0.7247 37.973245
10.72 141.8752597
-19.9 -45.6191845
22.07 83.674081
13.55 -130.395572
22.28 18.00768
-16.63 -20.8855899999999
25.93 -4.575925
4.737 -8.21030999999996
7.218 -2.23766899999993
-13.12 -39.71947
-29.32 -20.1555035
27.73 -37.6504739999999
20.09 32.4032455
-13.2 -34.616512
11.42 -0.00498500000002267
29.38 34.500895
-23.11 -61.411365
12.67 47.269482
16.99 -41.3652905
5.85 14.5400806
4.259 38.4046550000001
-0.586 -35.5753324999999
16.59 35.07963
4.894 13.958324
-12.85 14.771115
-14.68 -7.211214
11.25 1.98945499999998
23.36 52.67954
1.382 -15.58819
-1.166 -3.47716000000002
4.198 37.372455
-24.83 -12.93602
5.935 -8.46619499999998
18.91 15.561382
5.02 11.3581263000001
-24.43 -10.161615
-5.638 47.2044750000001
13.61 26.04689
-8.817 19.08216
-8.956 -10.0037099999999
-23.85 -0.726063999999955
-17.19 21.532695
28.14 24.6174365
-25.51 -5.97043199999995
12.97 20.791555
18.41 -15.186895
-10.08 -6.49242499999993
-16.56 -22.70158
11.4 -53.444165
15.07 0.773040000000001
18.5 75.210915
-18.25 -43.177145
-19.78 -43.5005684
13.01 7.90508500000002
-17.36 -5.360127
-3.095 16.88516
-3.828 -30.568635
11.62 -18.978984
12.75 26.665245
29.54 21.1120085
4.283 -7.68258199999998
12.8 -14.233012
-21.15 9.73702449999998
4.869 -24.471955
-22.24 -25.472125
-28.61 -20.1738249999999
24.06 17.981255
-23.82 -51.53635
19.49 -1.42965499999998
-23.14 -38.881041
-3.266 -17.23144
12.56 22.03407
-29.09 -11.3664329999999
-8.282 29.13329
25.09 34.667035
-10.11 -28.623155
-4.435 20.795225
-12.42 -43.8605229999999
5.611 50.7923680000001
-7.574 -56.133149
16.96 47.449464
10.42 15.5874015
-21.22 16.586735
-24.26 -35.13957
-3.061 -19.13941
21.46 52.521465
-4.279 2.99958900000007
6.911 2.375878
28.28 53.772985
16.39 2.92296999999998
17.44 28.819925
-6.576 2.05431500000007
4.894 24.9876390000001
21.49 -12.483045
14.45 3.82282999999998
26.41 34.7143
-9.274 -13.049106
0.9923 8.37017
22.35 -1.49439500000002
-4.185 -0.754649999999978
28.21 52.370925
15.74 -12.701965
22.99 33.8191018
3.846 -50.2438765
8.991 26.6062075
-24.91 -14.906164
-0.8928 -12.7935
22.96 26.5959015
-8.254 3.58660499999998
-17.54 -16.37804
-4.889 27.46720995
-6.525 33.67541
-1.64 17.431105
-9.382 -12.9501385
10.63 69.433935
-23.71 -75.6628049999999
29.45 52.22029
-27.03 -26.56868
-26.25 -13.96329
3.553 -20.9602199999999
15.52 23.6259495
2.117 10.8203125
19.61 31.15166
-17.58 -56.558622
-19.45 -49.005715
25.35 16.760395
-10.06 -38.2408065
-9.371 24.1975703000001
-19.81 24.415526
-8.608 130.02245
18.7 -8.70135499999998
5.369 22.080405
-18.4 -2.10422150000002
5.099 -9.66103999999993
16.6 3.39271000000007
-14.37 3.22587
24.39 -0.61719
-20.12 -15.822871
-20.72 0.399960000000068
24.79 -12.863735
22.91 -43.0617849999999
5.851 10.451247
24.63 55.2388271
17 -26.2288289999999
22.8 -0.490949999999977
29.41 23.2585900000001
1.154 -29.8017912
-23.67 -2.89196099999993
12.4 8.64889500000007
-27.87 -51.557959
-26.79 8.66836900000002
-15.06 -6.58823000000002
10.05 20.866055
1.454 37.992345
-2.952 -40.006377
19.17 14.929475
0.6763 -4.29272500000002
-18.47 -32.403697
2.262 -7.14229799999995
-21.94 -30.6935885
-28.24 -10.218217
4.029 9.20437650000007
19.13 34.522685
-10.33 17.811655
10.86 14.302005
10.1 1.290786
8.677 -14.8539742999999
9.205 34.469175
23.11 -4.879525
7.024 20.308331
11.79 19.4437300000001
-13.3 31.251995
14.46 44.805525
-7.548 -22.2392
19.5 7.66281500000007
10.95 32.0413200000001
18.45 0.774645500000023
6.732 -44.3854325
-14.85 15.463359
-27.02 46.6543325
6.249 46.64490794
28.7 27.587725
7.29 6.921965
2.878 18.982755
18.35 -41.315725
-7.972 -33.6025349999999
6.024 -35.4036610999999
-4.298 4.6538995
4.542 9.14580999999998
1.599 48.9445
8.597 166.47739
-26.49 11.66456
16.42 -53.811529
14.3 -29.761865
17.56 -45.1642149999999
16.59 10.444172
5.456 8.10846299999998
16.29 23.61253
3.936 -78.5232485
4.379 44.3956160000001
-13.26 -18.900615
13.75 -35.94967
-4.368 11.31644
6.344 -5.84730099999995
-7.883 -46.4828524
-0.9166 -72.65156
-11.29 -3.45421999999995
-12.75 -29.963049
22.35 -23.8592049999999
16.29 -16.3901349999999
-3.478 5.982441
13.4 11.559895
24.95 24.68479
-4.033 49.2786100000001
-5.653 -11.0058699999999
-17.9 -22.661045
29.86 42.158455
-13.11 -60.2428649999999
20.27 17.372697
18.36 -10.454395
16.54 47.685895
-19.39 11.8498115
-12.44 25.940165
4.085 28.2586
23.46 -8.94959499999993
-27.41 10.350245
-22.04 -15.1029790499999
-13.01 14.08972
2.436 18.476895
-22.43 -36.83967
-19.86 -17.128295
-18.04 -7.43380699999995
-3.974 -57.1202404999999
-9.457 -83.002127
-2.685 -34.8843749999999
3.477 31.117545
-0.2417 -28.7111
-15.9 -53.195785
18.83 -1.52453199999995
-14.35 -28.6237749999999
5.205 38.883741
-14.82 26.630535
-20.26 -4.36904000000002
5.83 -17.860185
20.86 2.02963100000007
10.98 10.154035
9.456 23.61498
17.32 5.57138000000007
18.22 64.8446305
-11.95 20.61207
1.836 2.32922200000005
-1.4 -21.3347319999999
-4.977 -7.31157499999995
-13.26 8.89873999999998
-7.448 28.082195
28.93 -31.518259
-25 11.416145
-2.23 17.417865
17.88 25.950897
-23.8 -56.94197
-0.02921 29.55958
-5.801 -14.2036845
20.14 66.074577
18.36 38.64524
5.573 -19.34975
8.396 -6.55366249999998
21.19 49.6778680000001
0.8098 15.34846
9.555 -4.80741999999993
26.33 21.6553450000001
-9.983 -16.159761
-0.6052 18.13387
-12.06 4.59772699999998
6.456 49.098283
7.159 18.974229
13.63 -29.432372
-13.09 105.268895
-9.242 -23.5189149999999
-2.931 54.334555
7.382 3.73868500000005
9.747 48.5289150000001
25.5 3.211775
6.44 -39.179759
6.841 31.53494
25.36 -41.3252244999999
20.3 49.29608
13.37 49.464795
-20.03 -47.5238435
-11.11 -35.211987
-11.78 0.293778500000045
-1.171 3.05373500000004
3.076 20.907792
11.03 -7.05003299999995
-29.45 -60.634775
-28.1 6.77517500000007
19.64 -8.92647000000002
24.86 -25.603375
12.84 -25.70453
24.87 -13.97527
-23.69 -23.00566
2.927 2.54933949999998
-0.07893 -60.96026
-26.43 3.29076000000002
-19.9 -61.79027
28.52 24.05617
13.39 23.16423
-23.67 -15.239645
11.71 17.6594525
-14.62 -4.4342995
-12.25 4.04552
-13.4 -22.471121
-26.41 -28.2086689999999
-20.44 -73.809795
-28.74 -25.62599815
-0.67 -9.18595999999993
-3.822 -20.1988769999999
11.89 -0.520394300000023
-13.39 -58.342525
24.02 -39.237523
-10.62 -55.29033
-14.24 12.9246200000001
29.36 -23.3425049999999
29.72 34.0242995
-14.53 51.594085
29.2 6.41397000000005
-7.015 11.3814035
-17.38 -97.086257
-9.589 33.971528
14.7 42.6702250000001
20.8 22.047395
19.18 -3.20296699999993
8.473 14.66659
-7.275 23.962555
1.506 48.4881995
-21.4 -12.194235
-21.75 -20.40366
-21.87 3.37115999999998
2.107 45.147125
17.69 21.1903
2.461 31.3668845
5.242 3.49448
5.162 -0.680079999999976
10.04 18.833815
21.58 7.44079600000005
-15.76 -10.086745
0.8578 -28.160445
-22.09 -31.639315
-20.83 -28.689035
9.151 46.504965
9.069 -14.93802
-7.865 -45.964035
-13.11 -31.761175
26.98 35.152945
-28.37 -24.074405
25.88 5.4060885
-27.15 -50.722295
-16.77 4.13616500000007
-5.044 -44.2801199999999
21.81 -5.24949499999993
-14.1 -3.70875000000002
7.68 17.4461815
-22.29 -15.151425
11.28 20.4550950000001
17.78 0.570019999999977
-18.48 -19.194362
3.406 47.4651
