31.81 45.76951253562
25.57 28.992586368
36.68 35.948760636
31.55 31.39588774074
24.33 20.965279602
38.6 38.65675071
36.84 36.957541602
31.25 31.18888622256
24.97 32.73938800122
35.58 35.22758754
34.76 34.6603854
38.88 38.8890561
33.92 34.202454456
37.44 37.71357159
32.63 32.479500324
27.43 27.37522727526
28.57 31.26720189
36.61 37.702506594
30.52 30.3385663185
27.26 27.098791842
32.43 32.29893516936
27.26 26.4777824316
38.88 39.01564002
28.45 28.90070905008
38.3 37.793691732
28.43 28.029900498
33.9 33.716150232
39.49 39.181793016
37.47 37.25002965
27.13 26.94940178538
25.72 25.70836125
35.23 35.235563808
32.35 33.25783784556
34.55 34.189247094
38.79 38.867846754
37.16 37.34124942
32.54 32.51813920698
37.78 39.30781485
26.33 23.226355092
27.05 25.4290091199
31.4 30.62261079192
30.31 29.85204371892
33.49 33.74029726998
28.67 27.72179195232
30.96 31.7372730514422
36.74 37.4608416
40.1 39.57588327
28.13 29.16596742522
37.1 36.32442933
31.13 31.9849653460458
34.73 34.817243628
36.86 37.081922646
34.51 34.532745474
29.62 29.5541015635992
27.95 26.14820251404
38.28 38.293387356
29.28 29.18839233792
34.8 34.498307064
32.51 33.090789468
37.28 36.778641564
28.84 27.94865657574
29.28 29.1519433619322
31.83 31.0075130352
27.06 28.486539462
34.08 34.4370560583
31.06 27.74309007432
30.11 30.156873640647
37.14 36.82880943
31.51 30.72350541408
36.53 36.506001858
39.15 39.262467846
36.14 35.95442781
29.99 29.21488298778
30.18 30.23449227024
26.2 25.131806034
39.41 39.383511096
26.15 26.43508508442
35.93 35.29969575
35.43 35.32624458
31.98 32.36921565
27.48 27.4819148295
35.05 34.395533304
36.32 36.138349524
29.64 29.35580950488
30.27 30.26364469068
28.49 28.65133107672
27.63 28.16385600648
36.99 37.203517848
39.88 40.023846102
29.98 29.38173223632
28.97 29.57944002522
40.29 40.614350214
33.99 34.5599726511
30.43 29.53517731116
39.44 39.568709478
29.85 29.90616009402
36.37 36.3355707
30.09 31.2962854896408
33.76 32.87188029
30.49 31.54065539802
24.83 23.644713792
25.43 26.313136278
35.62 35.6274609
31.82 33.4838695548
28.01 27.3133417281
40.13 40.112561634
30.96 31.193203262007
38.14 37.679241282
36.26 36.31888743
38.67 38.651802816
32.43 31.604833812
33.13 32.86769059992
39.87 39.675806502
29.08 28.3806410631258
25.01 23.84056703316
33.59 34.452842802
32.46 32.97922753494
27.63 27.3945202536
34.08 34.02684102
28.81 28.0942173304122
29.43 29.95518458778
38.54 38.77340991
37.17 36.72825645
34.26 33.859920108
24.4 23.24027982
28.73 30.318583416
32.31 32.691578916
30.15 30.88037536464
35.97 35.974083228
33.11 31.802654136
34.38 34.3607394855
36.61 36.743675628
25.67 27.90094701
31.98 31.99567208748
37.33 37.281708834
36.3 36.439917954
32.02 57.63023920938
29.57 30.290475846
36.95 37.4195616
30.4 29.71945528122
38.64 38.69031228
34.33 33.850452108
27.51 26.4173850588
26.51 23.39244642
30.36 29.917655381712
24.96 27.21726573
33.39 32.77060375368
39.81 40.15600896
25.61 26.402321922
27.47 26.56497134856
37.06 37.124815884
27.26 28.9112187640602
39.04 39.421580772
32.62 32.5298011665
24.91 24.8331445086
34.53 34.9902562935
25.59 25.062236004
31.36 31.111231218
29.47 29.960403981
38.84 39.15290055
39.56 38.86844775
37.29 38.473305558
32.57 32.42690943738
37.83 37.99215255
31 31.74817876608
32.19 31.9075606425
32.87 32.88433439724
27.46 26.92859857962
27.64 27.64561713738
27.08 27.17810090598
26.51 25.72632927156
36.07 35.890622994
37.71 37.66724016
34.18 33.972532512
25.92 26.06735740938
38.42 38.608634148
34.56 34.375699428
24.63 25.729505976
38.25 38.276093046
31.29 32.5609177425
31.17 30.81202938858
26.51 26.40483544728
32.61 32.586632832
31.44 31.937691414
35.03 34.794512274
33.24 34.05897933078
38.76 38.446393794
39.55 39.43334613
24.13 24.775275462
33.68 34.16252309772
31.35 32.62628399244
25.63 24.899731519647
31.07 30.0208136745
31.83 32.222276022
39.12 39.300698496
29.89 29.46388107882
37.63 37.734971712
30.71 59.9463944481642
26.99 27.28086839418
26.66 25.99377513132
26.56 26.8177524999
30.04 29.8128450837498
30.66 30.28024504938
34.69 34.492649874
28.43 26.77104192234
41.02 40.85833125
35.55 35.624225004
35.55 35.686719042
32.11 32.66453648172
33.64 33.807378966
25.5 24.80434636134
36.83 36.750620184
34.81 34.376368962
25.78 31.50722380632
39.96 40.105347936
39.45 39.479401686
28.2 29.7889630545
27.68 27.61412403072
26.96 31.62388332
30.29 29.71807156362
24.17 24.99314556
34.24 33.818152722
24.7 23.88477671052
30.77 38.66786480298
34.6 33.73757085
38.38 38.497636056
28.02 27.51559212522
41.73 41.378927622
37.07 37.148498178
33.16 33.42487200816
35.65 35.77428015
33.33 33.23289618384
31.28 30.74769457098
35.7 35.204598264
33.92 33.673331526
37.62 37.46789184
31.24 31.1810341908
37.31 37.73199261
29.11 28.0720327974618
28.59 28.5003287378556
26.44 29.8262561385
32.82 33.184455222
28.08 26.69501825376
41.1 41.048265846
27.23 28.683583698
25.04 26.95869823962
33.07 32.6317502985
32.06 31.44869408442
25.38 25.736083302
37.47 36.67210698
31.41 31.7407236225
40.73 40.453764252
27.51 27.02858098632
37.26 37.09462335
33.61 34.0985262162
28.64 30.16185581082
36.03 35.66938242
37.81 37.657809336
25.82 24.412546776
25.07 24.70073655
33.07 33.312468774
25.87 21.9588144816
27.2 27.57346100058
35.55 35.30189679
30.95 32.21028855834
24.53 23.698212306
39.46 39.57086892
30.72 30.5293266201
27.46 28.48983132
37.19 37.222700268
29.6 29.75673440472
39.43 40.005867846
28.39 28.1890973634
24.26 23.56667566566
39.7 39.90013788
29.84 28.5749891394
27.95 34.55662228248
33.21 32.85933125622
39.79 38.999667288
29.69 29.7655903180554
33.08 33.06414254964
37.1 37.537447704
34.38 34.520826912
35.98 35.879825244
38.64 38.31736764
29.03 27.86250191712
31.95 31.77772320486
31.59 31.28867951628
37.45 40.13982237
25.51 26.5112472
37.91 38.702549298
32.27 33.252441216
36.56 37.120093446
34.45 33.99925479
33.14 32.76728022912
27.62 26.687240724
32.1 32.37190167
26.69 25.81637957088
29.95 30.98981433162
35.78 35.939725014
29.47 29.28766578072
33.2 33.932123559804
26.45 27.599930364
25.25 25.05837774
33.14 34.60252763706
33.3 33.1763392185
30.92 31.226386674
39.14 38.867581524
27.87 27.68342126028
40.64 40.710973746
30.23 29.56467456678
25.47 25.31955318
34.25 33.735462438
30.65 29.7915852945
31.71 31.22208893568
36.4 36.29217693
33.82 33.274114194
25.55 25.15829010906
24.92 24.327620274
37.15 36.391188882
38.11 38.08664418
39.55 38.855593542
28.05 28.77203949018
30.28 29.91001403802
35.3 34.663272162
32.56 32.62596672864
37.7 37.377401478
36.17 36.07341645
31.52 32.001435093
32.99 32.54033301
29.22 29.66192328648
25.49 24.355321728
35.74 36.456406098
29.26 28.66346595564
39.72 39.430923522
40.83 40.485853452
30 32.98790069562
29.16 28.6712800737
39.06 39.133580664
36.99 36.50068866
26.17 23.523772224
36.85 37.108998204
34.29 33.681815634
28.55 31.33942280472
26.2 25.67772133914
24.42 23.812782915
34.81 34.275748962
36.13 36.476261346
39.63 39.71805312
32.03 31.47142071498
31.46 31.78830026442
31.28 30.69132739968
32.23 31.89847850112
36.31 35.769119844
39.58 39.739075122
38.29 38.557846392
26.26 25.805399766
40.12 39.1481421
35.22 34.544821152
28.55 29.07441229962
24.04 23.801434752
30.72 29.84787421098
39.19 39.197917848
35.97 36.65931342
34.93 34.812430356
31.1 31.18892015562
38.5 38.50794807
37.77 36.965587494
34.87 34.91390982
37.95 38.599210578
28 29.72541564888
31.87 31.8310304025
28.3 28.662775608
32.99 33.66584106708
38.23 38.164250118
31.02 32.7061575101928
25.86 28.390960212
41.15 40.769488992
26.4 28.59901125
30.8 31.28893032858
25.71 24.93618625722
33.88 33.526602552
40.16 40.240420836
40.05 39.690528738
27.54 29.667531864
25.68 25.54185074964
36.31 36.293619156
27.77 24.76732795482
38.4 38.616052116
29.04 28.4583071381088
32.44 31.44895211418
30.28 29.5745205179706
26.32 24.974885388
39.18 39.13771119
38.74 38.73874638
29.85 27.76121609952
26.08 23.50105610442
35.8 35.71564668
28.15 27.4204400657088
27.12 30.721767204
36.13 36.42907071
34.83 35.571971964
38.74 39.083052768
33.89 33.926498598
36.97 37.035098016
37.42 37.48213695
39.67 39.55252629
25.12 24.70337230902
34.31 34.72519269
36.7 36.22308144
34.88 35.167921644
39.95 40.126461126
34.78 34.982545602
28.49 28.45048092522
26.45 30.8048403
36.74 36.410730528
27.3 25.46935479444
32.53 33.127894524
37.25 37.341716388
28.8 30.41864043288
31.51 31.6616812734
31.89 31.995618686472
29.68 29.4130231219218
34.09 33.92227551
39.02 38.758520598
36.55 37.500772956
30.29 29.67441595152
29.44 29.305065828
32.78 32.57345631
35.15 35.48936487
27.01 30.17627850378
26.92 25.9896649060698
31.32 31.16883571032
39.05 39.285658716
29.59 29.87619873888
39.47 39.99531765
28.1 31.268270802
31.82 31.56369488778
35.34 35.082570324
28.96 29.94026266848
32.02 30.23057655192
34.27 34.098333042
26.89 26.25836486772
41.38 41.235257046
33.92 33.537633186
37.67 38.242925634
31.29 30.91885237002
40.16 40.298791488
34.38 34.082553894
32.14 31.68911764992
37.88 37.84646589
37.85 37.605875586
32.93 32.56012428
37.37 37.738589604
32.36 32.928974267943
37.19 37.220539512
41.23 40.739802006
35.71 20.22204626058
34.76 34.692306276
29.44 27.68243673882
39.97 40.14718941
39.48 38.234768322
28.62 27.9963401025
28.65 28.48125630792
33.36 32.667963222
34.61 34.880449956
37.13 37.839174918
38.94 38.78177421
39.32 39.199873884
29.84 29.52188776938
39.76 40.175945112
34.1 33.657145554
30.13 29.68419674298
31.69 32.3061898497
27.93 27.46449796602
30.69 29.7699121065
28.02 31.156095282
24.44 23.2358564055
35.17 34.911530418
39.19 38.23574352
31.89 31.677318372
38.38 39.002869362
30.58 31.41830168058
31.56 31.4099060286
29.11 29.98075253088
25.42 27.309564102
29.65 29.013724506225
39.55 39.517215204
35.01 34.593835638
34.07 34.82875533
35.02 35.162502492
38.31 38.703997176
38.78 39.0924033
38.52 38.401631634
27.82 27.694540248
33.45 33.18715365162
37.27 36.922116774
31.68 31.71226251738
36.04 35.883399828
39.45 39.370183836
38.09 38.1920061
32.12 32.02263597324
29.13 30.19619522712
36.61 36.576314148
36.72 35.305386006
34.98 34.41221709
31.9 31.446943122
37.31 36.974279814
38.63 38.039677122
28.64 28.520023746
27.23 26.4473088657
31.14 31.03858371444
24.08 22.776929346
38.35 38.628491556
37.51 38.329086036
26.65 27.829909596
30.9 31.9606947705
26.21 28.91163405
28.23 27.578188824
33.14 34.163144742
33.23 32.729060262
37.16 37.1165853
34.51 34.42482879
34.95 35.863526262
32.84 32.66370409056
24.01 22.530292152
39.19 39.482861964
33.39 32.53375824
29.63 28.74823507578
29.97 29.9684785832832
35.95 35.595859548
32.44 32.72566477494
36.24 36.407506452
29.23 28.6573346625
24.81 23.673553154895
39.61 39.771416118
30.34 30.2571471225
37.79 38.939914902
25.4 24.39433289046
32.89 33.1184303745
31.33 31.89690802668
32.91 33.19922945802
35.06 35.846047608
29.34 30.58484146032
26.52 25.9229679735
36.03 35.655570492
34.58 35.74734519
24.65 24.01402125
29.8 29.64338886912
31.36 31.88832508794
33.36 33.09894102
37.31 36.97663152
38.75 38.28843861
41.52 41.08896471
31.31 31.114674084
29.26 30.50063205162
33.78 33.456827244
35.98 35.750332338
31.74 32.772072036
37.97 38.16663879
35.91 36.10011135
38.43 38.449092198
26.28 30.606350844
27.17 28.15761483258
28.42 27.591891382263
39.93 40.025070066
38.31 38.673250662
39.92 39.791468226
25.93 27.740398872
30.64 31.1710991815248
24.13 23.836385622
35.85 36.088823046
31.77 32.2653250785
40.57 40.039255608
26.29 26.01943684104
38.04 37.304716134
37.64 37.475837538
39.6 39.23651397
26.26 25.65173444682
24.97 20.40220178508
27.67 26.59414852662
25.95 27.24027621
39.1 39.315782886
34.11 33.976298688
31.51 30.71643650328
31.95 32.3538315294
24.99 22.963758555
35.46 35.24555343
32.16 31.95574355352
39.9 39.76274775
34.35 34.69405116
27.91 27.39805900122
33.95 33.630704886
27.57 29.726905836
36.41 36.69451872
39.32 39.223340706
25.1 24.08478262806
30.19 30.25567052922
29.23 29.2613224913562
33.66 34.1997886041
40.54 40.490009148
24.89 23.837835756
37.62 37.125488118
34.29 35.227555638
30.65 31.2166316505
31.63 31.457640612
38.1 38.393739894
24.34 23.71744648794
40.16 39.837476562
35.33 36.423055596
27.09 26.35701792438
27.43 26.73019808844
36.43 36.011292978
30.83 32.0052233072629
37.59 37.598505828
37.41 37.165635462
37.31 37.96072815
25.76 25.6445561937
26.33 26.013103136151
30.9 29.73674077512
38.72 39.317311542
26.96 28.528434066
37.09 37.62865308
38.51 38.38509318
30.86 31.6633184649851
35.22 34.916660472
31.44 31.59738501
33.62 33.622399218
40.65 40.168239252
24.58 24.36305766
34.11 33.653939394
37.61 37.951399122
30.02 29.02746053562
31.67 32.225311938
39.17 39.015180114
34.11 34.381781148
33.03 33.65596276824
33.62 32.9702349
37.26 37.568878626
25.44 25.46453868672
25.41 26.597702226
31.17 31.61758776582
28.19 28.049481606
40.69 40.354861362
37.92 38.23850343
32.78 33.35320674534
30.25 30.207139385856
24.86 -16.374693
33.94 34.127863896
36.79 36.291134886
36.35 36.623928216
29.28 29.7436245825
24.65 25.4837230023
39.89 39.957713394
33.91 34.082358456
35.41 34.859663202
30.2 29.3950475428956
39.98 39.513158016
35.69 35.288801112
38.63 38.928936468
25.4 26.70820557
24.59 24.930409926
25.48 27.989259708
29.78 30.00927107928
24.85 25.50917776692
34.91 34.80454119
31.25 31.24165182792
31.86 31.30227487866
28.93 30.45381008592
24.81 24.25760997
29.67 29.68103040666
35 35.727120786
37.9 37.590520098
27.07 26.675155596
29.8 29.31384973872
28.7 27.613565422176
28.47 28.46884297062
28.7 29.3576757105
26.05 25.24363167432
33 32.33345407818
35.54 34.914214884
32.48 34.09205025624
35.84 35.73700653
30.84 32.1344318867322
37.33 36.9302487
31.76 31.30866081498
33.57 32.97599292
24.78 27.511016172
38.94 39.207135
38.99 39.078692832
27.32 29.34794037162
40.17 39.8699571
29.47 28.32484253286
39.64 40.1467425
35.15 35.01822927
29.82 29.70016292352
35.38 35.95462725
33.9 33.609072594
26.74 26.89479973128
37.55 37.292456514
39.09 38.97216354
38.23 38.267437476
35.07 35.12029182
38.18 37.78876938
38.91 38.926163766
38.55 39.203008914
25.11 23.81772333
30.76 30.12048003552
26.99 27.266921106
24.01 23.01656928
38.5 38.10405054
26.55 27.40367782218
27.49 27.11814982986
40.02 39.891660834
34.59 34.722529062
28.42 28.0282495919952
27.24 26.9483428149168
26.89 29.565782994
39.91 39.970874262
25.36 24.76377708528
36.59 36.560595936
40.05 39.86459085
27.43 27.330100917
28.38 29.741981088
30.69 29.7403953585
34.38 31.69555927368
27.14 28.60393621512
28.84 29.90634610272
37.76 38.220688902
38.72 38.497985382
25.79 25.03157485242
32.15 31.672953318
25.01 25.076172342
32.11 33.09800082006
40.48 40.150196502
33.29 33.00983880762
26.2 26.134585464
33.43 33.374381286
30.88 30.02295846378
37.97 38.619781908
27.09 27.85666147692
33.22 33.31282512432
37.77 38.05648917
27.33 29.99841126
37.03 37.009030164
39.63 40.033904124
35.05 34.301752536
26.32 23.54392502232
36.52 36.20564679
27.79 27.99818326752
27.92 26.2791638391
36.03 36.302393766
35.75 35.517419004
30.72 31.03631172192
38.74 39.2044791
27.15 30.42499926
31.15 30.93879724458
32.99 33.01272817536
37.61 37.73101821
38.08 38.061366204
31.06 30.800183142495
34.12 34.2874263
35.52 34.99638726
39.99 39.53956188
27.16 29.675378076
34.19 33.396481734
32.96 32.24842479048
35.18 35.220694668
32.33 32.66196429
32.92 32.45137454208
39.55 39.748623072
28.99 30.80642595402
39.19 39.254162028
40.16 40.079710434
26.19 24.00737675802
25.47 23.294958744
31.38 31.10032834644
26.56 26.1784869694248
39.97 39.78410295
35.75 36.287613696
27.4 26.47191466632
38.05 37.649256834
32.68 32.36772945498
27.08 26.3387703911178
37.97 37.333774092
29.3 29.6326486451712
28 28.06534902
31.73 32.131586008776
34.95 35.124014082
31.26 31.94621783238
30.84 30.89675592948
30.39 30.25953707574
30.16 30.38348325
30.43 30.013222998
31.04 31.237003336647
30.17 29.94420348912
24.83 26.25043056
30.52 30.78153370122
25.71 25.89235592682
36.89 37.080415398
26.51 25.474066566
31.81 31.30673899872
38.75 39.290813826
26.52 35.62324196592
25.77 24.8360334465
41.25 40.7967231
32.37 32.22243372
27.33 26.260743607752
25.87 29.65698735
25.92 28.15589613
31.37 32.16804477168
31.1 32.8142812632675
29.01 28.87207801338
35.32 35.33949861
34.48 34.436895132
40.51 40.129497426
35.64 35.26513941
38.98 38.549240412
34.93 34.647910086
32.08 31.23231117258
40.78 40.84275039
32.57 33.531686502
26.74 25.66527436326
33.65 33.01213520202
24.48 23.346956454
37.86 37.40353698
40.54 39.332195484
40.32 40.853041122
31.79 33.4787849436
30.03 29.66802339504
33.89 34.051276452
32.15 32.9436354849
25.31 25.439671308
30.91 31.52788265568
34.85 34.76540973
25.26 25.038315768
37.31 37.356597984
28.67 28.9415946477288
33.55 33.66790922022
36.44 36.640300128
27.51 30.42859206
30.37 30.5961335625
24.97 23.525022918
26.85 27.33123617328
32.91 33.273668118
30.81 30.45468171174
29.92 30.62797573722
37.82 38.443795968
24.09 22.685605554
26.96 26.5099148270688
32.28 33.71733497688
28.7 28.1953412495232
31.79 31.1678040225
33.57 33.053764188
34.88 35.22961644
30.32 29.98246422408
30.6 30.4859293329
35.09 34.83422112
36.54 36.496079736
26.92 26.61971590608
25.5 24.366548856
27.42 30.118189656
28.28 27.87083392602
40.49 40.030179492
25.85 24.96837792
34.94 35.31182565
37.82 38.10576342
26.46 27.260876388
28.06 27.8116760510952
25.12 23.985004092
33.22 33.863853894
39.65 39.843037938
25.26 23.89248622356
30.31 29.7445033785
34.28 34.08486045
26.65 27.253825554
36.94 36.523142454
32.52 32.73240045
29.95 30.18066981528
27.38 30.244772274
27.16 27.564909414
35.03 34.728663
25.8 24.04092605178
27.05 26.90040054
38.52 38.73864999
35.52 36.26344974
36.68 36.691910166
35.97 36.205042524
26.3 25.793458044
29.24 29.1604372313466
26.04 25.530959424
36.31 36.544141938
25.06 28.045294386
29.92 30.14076254232
35.76 36.124238112
39.86 39.704171718
38.95 39.041061798
29.6 29.37213809898
34.2 33.790537446
25.27 24.249017496
36.8 36.887628738
38.14 38.352020196
29.59 28.9476855749082
31.68 31.04621629098
34.79 34.566285468
39.13 38.673640146
26.96 27.12459930648
28.49 27.74918546688
27.67 27.61394102922
37.73 37.975418916
26.55 27.314369976
33.71 33.1697265
32.37 32.14447688298
35.63 35.553049494
37.43 37.634956962
30.2 30.13129644504
36.58 37.39128816
26.25 25.95716081652
27.88 28.68504352512
28.2 30.638887788
24.97 54.44217936042
37.73 37.58785383
26.04 28.38298071
27.17 29.55242877
29.63 32.21985526698
29.85 28.22719913238
37.12 37.059351522
24.36 22.14913791
34.29 34.295985858
30.64 30.1174079511
27.3 27.20251344648
28.49 30.02764390728
33.84 34.26215295
39.43 39.0710739
40.52 40.216258614
25.57 28.6340358
40.91 40.46406594
31.09 30.936472552248
29.84 30.23682767688
30.22 29.59485847242
37.95 37.563810018
31.53 31.04671759512
33.11 32.77801209684
32.14 32.1194050833
36.7 37.024973286
36.25 36.644744532
35.62 35.477391972
37 37.511986272
39.81 39.736821666
33.65 34.683032352
27.25 27.25343043018
25.98 26.322227783868
31.08 31.3375862784
33.96 34.4835301116
29.31 28.9102288799658
39.57 40.0492605
33.1 34.03926319872
26.94 27.19528137894
30.55 29.99474946858
35.84 38.402396723775
40.18 39.926703234
31.85 31.0966662
29.69 31.06126653162
35.21 34.614743874
39.99 39.492461976
25.97 25.912390818
30.23 29.831747623185
34.3 34.07626797
25.21 27.8810625
27.72 27.88162552842
31.31 30.61682348214
35.22 35.9641758
36.79 36.82853391
37.5 37.25467071
35.3 35.365300248
37.76 38.114413266
32.01 32.66613168
30.56 29.98108649184
32.19 31.80691077882
24.15 26.593649052
31.27 30.933361398
32.51 32.17295794362
35.2 35.098808568
36.05 36.788044836
30.96 31.128275766
25.84 24.78755897184
40.28 40.285071012
38.1 38.072460966
27.9 29.247481428
39.59 39.80710722
30.44 30.550316243745
30.41 30.58994790282
34.58 34.9293251568
28.48 31.4499255132
40.26 40.0906704
40.37 40.49072301
36.24 36.17632704
30.43 30.665061531465
33.69 34.247168274
26.76 27.075002514
37.24 37.674087276
34.36 34.545563826
32.14 32.136643398
24.75 24.69852139638
28.39 27.8132530058058
30.07 29.61959004042
31.98 31.764719928
37.87 37.87335453
29.57 29.2871046036
40.51 40.22596821
26.13 25.06660745352
25.34 23.81962968084
25.78 26.98130895
35.73 36.65341581
25.01 23.72531328048
34.66 34.191890934
37.94 38.40207951
39.69 39.28943055
27.34 28.90764447
38.22 38.336434566
30.91 30.8096992551
26.33 26.72337460602
34.12 33.933658242
38.81 39.074427186
24.35 24.16002246924
30.69 30.84487425402
32.16 31.6860585663
33.86 33.425996082
38.96 39.221874444
36.01 35.950712358
24.78 24.3734952
33.49 33.73656879192
28.14 30.117551826
33.78 33.643082076
28.14 32.701817964
35.66 35.942494146
39.23 39.26479911
29.82 30.402525691299
33.68 33.16974591
27.26 26.4819737175
34.87 34.61697885
39.53 39.478440498
32.88 33.819938016
36.7 36.67832412
27.24 31.92030135498
30.01 30.3385010901072
27.5 27.5752072167
26.83 25.06056815316
25.26 24.5662254132
28.12 25.4124747985346
24.72 25.15697373
26.19 28.456588956
27.62 27.92338662552
37.01 36.70180311
30.79 30.14879644272
27.84 27.87484253898
29.52 29.53239168792
31.69 31.10474064912
26.37 25.95986756112
38.44 38.97018759
30.75 31.081427634
27.76 27.71585967738
29.08 29.56042347402
37.9 37.853502348
39.62 39.484927572
26.01 26.03083119
28.69 29.49756163962
32.2 32.94674289492
38.57 38.500208148
38.79 39.036024786
33.99 33.844918524
39.31 39.363570084
24.13 23.93303394
36.74 36.78888837
25.19 24.7813798064646
27.14 28.778654694
28.26 30.43676082138
37.92 37.574541696
27.98 29.964545376
28.93 28.75432964208
37.61 37.8987576
30.74 30.99725646198
32.96 32.42786893098
25.43 25.371068466
25.28 25.919742066
28.06 29.456127894
35.43 35.969008962
35.73 35.146706016
33.64 33.92078194758
40.09 40.462751874
32.63 32.45730944214
34.66 35.067854748
30.8 30.5765867496
32.47 32.35889742618
31.25 30.60696743952
36.43 36.495687666
30.47 30.51648228522
37.54 37.093762914
32.44 32.70544860144
40.47 40.026025218
32.95 32.17643929608
24.35 23.1253334958
33.27 33.17242638
28.32 28.51793525676
29.6 29.6092100724
26.45 28.488489852
39.28 39.11745063
27.63 27.17309277912
40.61 41.010658392
31.89 31.927375676775
36.43 36.655396152
35.46 35.130491364
37.27 37.446844242
28.38 29.06582384202
28.15 27.91192737972
31.96 31.5048923985
26 27.400706004
27.93 27.40854660762
28.31 29.22515468058
29.63 28.53445383048
33.04 32.16075196938
33.93 33.900580434
32.51 32.959027308399
26.73 26.81547276
35.93 35.651971554
33 32.48860202682
25.2 25.85085222
40.42 39.98147709
34.59 34.614344544
30.52 31.28616729264
29.82 28.4279397582
38.13 38.241886368
30.99 30.88386617172
39.93 39.893997702
41.15 40.65611424
28.96 31.339240032
25.95 26.71875624396
28.45 28.77003424122
30.74 30.91912813848
27.41 29.23164457368
24.92 23.894551254
26.57 25.10543799978
32.31 32.23994254872
36.86 36.836640768
32.13 31.80112916808
29.31 28.7421688026762
32.8 31.98597078552
31.53 33.916101972
38.43 38.175966966
35.47 34.981047588
27.58 30.771210198
26.22 25.58413137126
31.69 31.80347484522
34.72 34.995921654
39.85 40.088165826
30.67 32.02738809312
29.48 30.11940948282
28.94 28.22328361752
24.88 25.292962338
39.68 40.09248318
40.23 40.27844688
31.91 32.496499794
34.31 34.295190834
28.56 29.69960576682
39.5 39.587967858
25.11 26.519300274
24.9 25.662552864
31.73 32.09409770736
36.68 36.638317794
34.31 35.1105361815
33.46 34.050079704
39.71 39.743096982
28.89 29.59554237
24.74 24.76213725
26.44 29.02663182
31.11 30.8642235
38.4 38.023343814
27.26 28.10954030592
27.38 28.391718534
25.74 25.25229518262
28.17 29.5184148802392
25.29 23.7577160649
27.11 25.87506441492
36.45 36.63991758
28.75 29.0533324794954
26.68 25.52361744
33.18 33.136171968
26.46 28.1315832
27.57 27.1762556326752
37.64 37.70970279
31.75 31.20203478234
32.01 34.11033950976
34.98 34.340618748
37.33 36.849488484
25.8 25.804726914
30.09 30.00644715846
35.36 35.474754918
34.61 34.943722806
36.23 36.147033696
35.36 35.682597276
29.01 31.49652896922
32.74 32.33130096648
31.91 32.21702428854
34.26 34.10550492
34.19 34.3570137135
36.11 35.650060914
26.31 25.94746516944
26.52 25.71955972698
33.82 33.588524568
36.01 35.61199653
33.09 32.74736626248
37.42 37.557083604
39.73 40.062848268
29.54 28.89130822518
25.34 25.27010175
35.66 36.058056546
35.44 34.560200028
36.76 36.897584178
26.29 26.36162353248
26.48 26.490514404
34.72 35.07868749
36.67 36.851452824
30.89 30.20521593432
39.56 39.805041624
27.12 27.764318994
36.35 36.438413106
26.54 25.33269716778
36.23 36.207777624
28.33 29.83464795912
29.24 29.40408679926
32.4 32.20655804202
33.14 32.34606799368
29.21 28.63749131898
37.56 37.773099318
27.88 30.8151795
39.6 39.782202054
35.86 35.37416418
24.6 22.980280632
33.32 34.26089244006
40.12 39.3886758
28.93 28.60791403992
31.09 29.7641430336
36.85 36.752234646
39.45 39.886254786
29.48 28.3301432034
26.16 24.6747992496
27.83 23.6281613961
36.26 36.282970596
24.91 25.17049593354
25.57 24.49897924998
39.62 39.749842434
34.12 35.09592135
32.17 32.8740595284
35.78 36.192471744
26.18 25.56646557744
30.06 33.68687300112
32.17 32.04935850072
35.69 35.930827092
38.01 38.177010498
28.05 27.13622983752
33.99 34.71503853
36.63 36.223331106
36.36 36.583809312
29.46 31.06313064282
32.92 32.55056290122
24.81 27.75294759
33.38 33.589304184
34.77 34.522008216
28.91 28.62617929962
26.65 28.363062948
36.03 36.677964642
31.86 31.54744399512
34.38 34.1591997
35.25 35.712576822
35.02 35.69320695
31.54 31.07871496938
28.63 27.9698517474
40.41 40.393868448
28.99 28.3688885453658
30.24 29.86681734282
37.23 37.459087878
27.44 27.8172304905
28.65 28.48108210248
25.31 24.602899584
34.87 34.6871064
29.97 29.77330409088
26.37 25.73465342196
31.46 31.20997629408
37.46 37.37059815
28.03 26.330888138376
32.99 33.010338102
28.2 26.8461509274048
34.45 34.562831538
30.63 29.51542036488
29.8 29.92008338952
32.55 32.26291180458
26.02 25.4908641
38.97 38.861990808
36.47 36.904389396
38.48 38.400099648
35.44 34.758819228
32.92 32.68938574266
32.71 32.85417781398
38.73 39.205114806
40.13 39.592093596
27.71 24.2575351418922
25.31 24.966658644
37.76 38.12263269
26.59 25.77428785068
35.51 35.57906796
33.76 33.79423647
37.94 37.553128212
39.17 39.52584768
41.28 41.369143404
35.23 35.58642765
31.4 31.01313666522
31.05 31.4974445916
30.6 29.69999440122
32.91 32.4782976999
32.88 32.17082007
27.71 26.52385933254
26.81 25.77375228774
34.4 33.451340052
26.53 26.058696972
29.01 29.96335816842
29.79 29.7016836711
33.6 33.89256206742
39.94 39.33868647
37.69 37.803415206
25.63 24.09468570762
40.2 40.478158182
29.24 29.478064182
31.64 31.14385703958
29.58 31.11932331642
26.71 28.438123218
31.74 32.0115306012
40.44 40.176637842
32.64 31.91980979802
34.19 33.87341319
39.51 39.674398008
28.9 28.43318478192
38.18 39.161373396
37.52 37.57026588
25.84 24.628328166
27.95 27.529318371696
35.54 35.43264246
28.3 28.24405716522
27.05 28.16576520276
27.06 29.386790292
35.88 35.55622416
36.99 37.208322834
33.44 34.108724184
34.93 34.75844349
36.19 36.195174402
30.63 31.250060270062
39.61 39.43491789
31.29 31.11355245552
25.87 25.90593251574
24.92 25.008376344
37.48 37.565606598
33.89 34.1557393623
30.13 29.61083543082
26.63 24.410800248
38.6 38.814247572
28.18 27.5109880195482
28.43 27.24285408762
25.07 24.844369056
24.7 23.48672649492
38.19 38.57045205
26.63 26.3289743625
29.66 30.34140519018
24.59 30.276106962
29.6 30.51084935028
31.28 31.2795603615
38.72 39.467133696
37.22 36.66277533
36.89 37.134147516
32.62 33.288113478
32.57 32.3485297905
34.73 34.307040774
40.68 40.759243986
35.89 36.016737186
33.66 33.669454908
35.95 36.009789348
30.87 30.67047491088
32.63 32.9198286
39.45 39.05928672
30.1 29.76188918808
27.36 27.73373581002
38.25 38.708320242
32.96 33.10090803552
38.36 37.95858879
39.64 39.869925432
29.14 29.14010811528
29.41 28.9982155665
29.1 28.73092326636
33.78 33.592194102
40.73 40.803727584
29.68 30.58916611002
30.7 29.73806051082
24.02 24.02131842768
34.12 34.869738084
26.81 26.0685920073
38.31 38.20506447
35.92 34.35891265752
33.53 33.90786669228
38.61 38.40390606
29.26 29.86530364488
30.45 31.45860530058
24.89 24.07790175
25.1 21.76665065112
24.82 27.51722076
24.64 24.34252946118
26.22 25.91472777798
37.54 37.89477564
26.44 24.07872371754
30.68 29.60449640538
24.75 23.6182310079
28.79 29.35855251498
37.11 36.565514178
37.72 37.76641527
24.28 25.80097404
33.39 33.713603202
32.43 32.42711816472
34.31 33.6330075
29.2 29.314278294
39.82 40.3645542
35.04 34.89146832
26.55 27.63256559376
37.93 37.2583569
30.87 30.50988635082
27.46 27.8444141463
32.68 32.38126690512
25.71 23.5522427943
25.06 23.2836541383
40.18 40.08484245
33.78 33.705324984
31.11 31.06534359048
36.87 35.972185044
34.02 33.640126392
36.55 36.67518813
27.87 28.02844263
31.46 31.94543150616
32.25 32.84515967226
29.16 29.39128301334
33.27 32.94876394218
37.37 37.482777618
24.21 22.089502884
25.37 24.11440558518
29.32 29.0726726226
35.51 35.49663462
32.31 32.00913973578
24.95 23.583396918
41.27 40.908721974
26.64 27.26345478
31.61 31.94974132212
28.16 29.459142258
31.93 31.25738643672
28.13 27.6414650223
28.73 30.8552637945
40.94 40.88355726
24.4 24.3350237505
40.31 40.694456838
25.22 24.5859436401
33.86 34.165280082
39.82 39.789848076
33.4 33.54583292256
29.81 30.0564797538
33.81 33.99143064726
40.26 40.425113148
34.25 33.611051172
27.5 25.64197787046
39.32 39.419837112
33.52 33.04686930888
35.47 35.506151328
34.75 34.794228288
33.82 33.286407
32.38 32.66537969712
27.22 29.618931684
31.11 30.73555044552
29.71 31.92740751162
30.63 29.96722154904
33.68 33.06772730568
26.44 29.76471759
41.07 40.19511894
26.89 26.5258970418
32.99 32.46475359162
30.94 29.9251426452
29.01 29.53449237738
38.24 37.712817714
24.05 24.221165478
25.89 25.1170166706
38.1 38.282687508
27 26.63481460602
35.35 35.376137184
36.2 35.93534124
30.18 30.75867979338
24.7 25.4515301202
26.81 28.475331
26.64 26.5583770235898
25.43 28.300957878
33.34 33.008147526
35.42 36.125477796
26.25 26.5412814347352
24.64 25.332257382
30.53 30.5955439518
38.82 39.65534031
27.33 29.63540471802
39.07 39.522247782
27.09 29.938844184
24.81 25.6301008041
39.46 39.578123904
36.5 36.693479154
28.28 27.7723427368872
32.05 31.35508534032
35.17 30.899036652
40.58 40.11859893
24.46 23.5437339
39.81 39.85024944
36.34 36.233844294
34.07 34.09586598
35.48 35.01226428
26.38 27.39279423
28.63 28.12716776202
32.26 33.11647824
26.74 26.00494335078
26.88 28.44611449818
34.52 34.05957078
40.09 40.440109314
32.66 31.95981461082
31.27 31.70902315872
33 32.530420992
36.23 35.877043506
31.72 31.7989438689
38.88 38.654913336
34.68 34.727841804
38 38.004676824
30.4 30.97388731992
39.86 39.484919136
32.74 32.238930552
29.69 29.67026253882
27.22 28.59556557
35.55 35.429277432
29.04 29.44721393562
32.51 33.0376633743
32.2 32.8577469
25.08 25.2826734
25.97 27.332820372
30.48 32.21699854512
40.76 40.407357504
34.9 33.974525334
24.19 23.29592694
25.63 26.653391328
28 28.86632421
39.31 39.456113766
27.21 28.38419022
39.51 39.0111528
27.13 27.25965164406
27.23 28.40110671
31.38 30.98288058762
37.07 36.857146962
24.91 23.546744088
25.21 24.06214340724
39.31 38.599759956
35.27 35.254631622
30.59 30.43607879082
33.17 33.08906539992
31.64 31.4279669559
34.17 34.432357152
26.73 26.636776338
35.02 34.77216759
37.92 37.90589799
33.9 33.787458786
37.6 37.96952367
37.05 36.940559772
25.22 29.142525846
31.5 32.0029929903
38.49 38.554908024
35.3 34.774303872
29.25 28.73608531116
24.85 24.138301506
39.92 39.16111629
33.49 33.685820214
37.08 36.771105432
36.19 35.577264396
29.36 28.9710782954843
32.75 33.35015543856
36.74 36.791844672
41.47 40.94236101
30.05 30.55907301
37.56 37.601460948
32.32 33.88422041736
37.1 37.1825976
38.34 39.14196672
36.31 35.723514048
38.1 38.328870054
28.77 28.41629040618
36.96 37.13145717
27.77 28.0587620505
28.03 28.06444848648
37.01 37.08919095
38.22 38.407018908
37.4 36.52066722
27.43 28.80468876552
27.37 26.59625232342
26.01 26.47606574922
26.33 25.6511854425
25.04 23.880164898
26.56 26.0998788111
27.33 27.294546072
26.49 27.21687608928
39.04 39.149448006
32.1 32.82972438252
39.43 39.857831778
28.59 27.3881082070608
30.73 31.0208792056602
25.84 26.169053065968
26.69 27.005680608
35.78 35.79355722
36.5 36.550540992
33.44 32.777091156
30.64 30.41745308952
36.67 36.17135328
37.42 37.585641702
24.27 23.395866852
28.84 28.45706903688
39.54 39.571156992
29.68 29.1545052783
25.99 25.642005042
33.49 33.179247672
27.92 28.5201595401
34.23 35.5301466495
29.33 29.11693420632
27.24 26.0441894217
31.06 30.4686320385
40.19 40.684503444
32.81 32.9226728808
28.08 29.73585259272
29.18 29.18078525082
34.91 34.649786838
33.21 33.384554808
25.13 24.09030933
36.41 36.351651846
36.53 36.047733078
36.33 36.56363997
30.59 30.20320801392
40.92 40.852173954
31.82 32.4961579266
38.26 38.27793399
40.08 40.282932498
33.17 33.50656904838
24.6 24.3128284095
26.69 26.278711554
32.32 32.4627741345
37.59 37.787895138
33.28 33.512279232
34.32 34.5391232412
25.54 26.154331296
30.26 30.44403509766
33.23 32.439048114
27.34 27.02015919786
35.49 35.43742005
27.81 28.717181076
33.29 34.024096032
29.97 30.7455693019818
34.36 35.032785636
36.12 36.100741632
26.66 28.498261494
39.04 39.2910519
30.6 30.30208471002
30.89 31.38113031978
40.39 40.27553004
40.88 21.213245058
39.25 39.473694642
26.01 26.627613708
32.21 32.296175139
39.56 39.5993703
39.1 38.470883766
38.69 38.36051967
40.49 40.491786516
25.19 24.385446804
36.16 36.99180384
35.88 36.367896
39.82 39.799405938
27.97 27.833937852
28.44 32.10757944378
30.27 29.78702102442
28.25 31.56448579608
25.29 25.512965868
25.33 25.0517409663
34.32 35.261981922
34.84 34.366904562
38.11 38.458081632
31.9 31.87886163942
38.22 38.58338013
30.37 29.984252235144
28.65 29.33336378262
27.5 26.98746344328
35.9 36.0806727
34.54 34.64808126
35.39 35.30266845
30.04 29.03538694296
31.02 30.4926643785
32.66 32.844158178
30.24 30.111611718
40.46 40.775566182
39.73 40.398227832
35.41 35.641640928
33.85 33.3581406
31.75 31.644355992
25.12 24.530798292
33.21 32.952233154
24.24 23.39320319448
33.98 33.866491092
35.26 35.508079794
32.73 29.5314308994
33.92 33.417650328
33.39 33.230808438
24.95 25.73600858202
27.85 27.2134171392
40.34 40.510073478
31.49 31.6905306225
24.11 23.033353926
39.22 38.941071378
41.17 41.007413766
25.08 25.84181309592
31.28 31.29169754292
37.54 38.679286674
36.45 36.907697298
32.06 33.05705659608
28.49 28.76330821344
38.31 38.415822072
38.6 38.739039288
25.88 29.591799636
27.26 25.8536440281
25.17 24.392954784
29.9 31.32975043632
27.13 31.534423008
27.19 26.778835627728
37.87 37.838694156
34.01 34.1522335743
38.96 39.3252864
38.76 38.720864064
29.75 29.8245437747322
25.71 23.2041913266
39.01 38.635062564
27.45 27.7910534625
35.38 35.49820422
36.42 42.694243554
29.79 31.07122170888
32.01 31.725272292
27.28 27.1351515
39.02 39.45371511
29.09 28.5940550547402
34.48 35.552895852
34.54 34.106703396
35.5 34.588651452
34.34 35.910999318
30.88 31.20862166682
24.69 25.41549495
39.15 39.43379397
35.59 35.455805292
40.43 39.69461442
27.67 28.29812234442
30.31 30.33034013802
33.74 33.1150753785
33.19 33.5904266112
30.55 31.75358761002
38.04 37.959730998
32.79 33.72684936972
34.96 34.9323294
29.34 29.42587431156
27.82 28.87414548522
34.1 33.42456444
37.48 38.385110598
39.95 40.270401444
27.59 29.85216281688
40.27 39.5638938471
37.05 37.083111798
35.77 35.857202358
30.26 29.36185650138
26.79 -15.31359483
38.46 39.020829432
37.75 38.04924912
26.38 26.670938388
40.99 40.396012338
32.68 32.66128838982
32.53 32.27959474698
38.08 38.371301826
38.68 38.075694972
37.04 37.195036086
35.91 35.36063367
27.53 26.3120558739018
28.72 29.29904059008
25.24 25.40465664
25.91 24.794604372
30.77 30.76713164442
38.37 37.80609168
34.22 35.0677215831
26.85 26.4154887822
37.94 38.076692568
31.75 31.23377724756
25.12 26.62387743
36.59 36.820461846
38.92 38.842198518
35.9 35.733521004
31.46 30.94263177204
32.35 32.52411610422
30.54 30.89611739082
39.92 39.323838066
24.05 23.9528797527
40.44 40.352705976
32.91 32.25024995088
26.13 26.33832048858
24.35 25.026704886
39.8 39.876530226
26.3 26.27633559
26.17 25.98608718042
37.26 37.841546208
36.51 36.54540543
26.82 26.08390328748
25.8 24.87308538324
33.4 33.336069888
39.41 38.836567122
25.05 26.23914453
29.49 31.19289376128
24.45 24.143958246
36.25 36.397970592
28.3 28.55078104008
25.62 26.85667269
28.35 30.87962544
25.99 27.39336972
27.68 27.537615723
34.6 34.30235517
36.5 36.427095894
34.43 34.706119494
40.03 39.889389408
27.13 27.0671790513
24.85 27.80678055
26.51 25.87081603344
25.75 24.56687607
27.65 28.124408676
31.2 30.09386166042
34.73 34.65875568
28.02 27.90514812
26.88 26.36572131336
32.62 32.1921749217
40.9 40.568717046
28.1 28.59305937168
29.62 30.16899609306
35.61 35.726073762
31.79 31.551987202599
35.66 34.93580034
40.27 40.384365396
38.51 38.56675836
28.34 28.79908093578
35.39 34.834975698
34.39 34.55349231
28.19 29.9685067070646
38.68 38.978940984
25.46 26.30885775
40.38 40.369015254
37.94 37.13255724
34.28 34.4898039
34.41 34.24536813
31.3 31.94250580806
24.68 26.100130278
34.18 34.352406588
39.28 38.9337405
39.55 39.55811334
33.1 33.53080435464
35.88 36.17991714
26.62 24.7432746273
28.31 26.5014903921
34.2 33.874261536
38.56 38.35353666
39.03 38.74546101
31.39 32.118289368
37.39 37.52636412
28.61 28.66637206218
36.62 36.84288966
27.05 29.008102182
28.04 28.8475682745
33.93 33.783824658
28.35 28.75012839642
37.83 38.966933478
34.16 34.5889005783
34.54 35.6206035
28.35 30.827609124
31.37 31.28149601418
28.18 30.315438264
26.03 25.39767962136
40.76 40.374504642
34.54 34.904192946
31.51 31.07891417088
29.71 29.66450487468
33.96 33.5664024
27.34 28.75220797722
40.46 40.279320498
26.49 25.507585341192
27.83 27.77611018506
27.1 28.93412393688
36.37 35.867923032
31.66 31.90732915962
40.27 40.068179238
37.84 38.59464048
39.55 39.9917112
28.79 28.69726857162
30.85 31.1579011630996
36.12 35.552714988
38.07 40.2136374
32.04 31.77483751128
34.6 34.482146196
35.54 36.198724242
25.76 26.609037972
35.31 35.576095398
38.59 38.58533868
26.1 26.7312477
32.82 32.29780013328
37.77 37.890734052
33.96 34.015714464
29.32 28.63752571002
37.7 37.475056806
30.26 29.58719583408
41.19 40.306629588
34.72 34.428347916
29.3 30.12031055028
29.54 28.94991542472
36.24 36.25259376
30.5 30.2127626238
32.16 32.0365043025
31.4 31.08907307244
37.13 37.73085798
31.68 30.74636113872
29.82 30.51198319494
36.86 37.241937426
28.19 27.9668966374632
31.92 31.49906770218
29.06 28.73706322362
24.11 20.9882943096
39.44 39.234754752
31.46 31.77324138246
37.74 38.270219712
27.31 28.23423357792
35.07 34.869997542
26.12 26.18324666112
27.22 28.32147021
27.95 28.69752995808
26.53 25.80752912844
29.51 29.44506042678
32.36 32.28005879286
38.94 39.0000045
27.5 27.75739761498
27.15 29.238769506
39.75 40.104714486
28.06 27.96292692618
30.78 31.43660856618
28.86 28.44935539032
34.21 33.10122858
33.96 33.436133346
34.01 34.818001062
36.59 36.745242294
30.47 28.69669371162
28.58 29.2075030335912
25.78 24.179729682
31.32 31.4346575625
35.42 35.71035468
38.53 38.980066296
28.22 27.3378989222538
25.29 29.543397972
35.21 35.129411448
30.3 30.97894046928
33.9 34.310774838
37.09 37.224845106
32.43 32.998584468
31.15 31.207048509
28.43 29.01051511752
33.73 33.456693624
26.11 24.83853591498
34.73 34.271459826
36.53 36.785691876
27.19 27.803886738
31.48 31.62712935882
31.84 31.43557675272
38.42 38.61002352
29.29 28.90840553898
25.31 26.420497824
35.72 35.535476352
37.68 37.741951488
34.36 34.063174902
32.77 33.4986128412
28.58 28.60259748438
26.46 27.9548391
30.36 31.97977575162
37.32 37.423712064
24.68 24.82578715272
35.7 36.027042582
35.28 35.356316802
25.06 24.72856896
37 37.609607334
39 39.32525541
30.22 29.03499439098
27.65 27.42672897552
26.22 25.281598332
27.2 28.15768383
27.88 27.88256735148
24.08 27.65765127
30.34 29.4822020145
38.21 38.48523405
39.43 39.80273799
27.92 29.433329826
37.7 37.04053215
40.48 40.584992178
29.99 28.77827884122
38.39 37.96138383
28.58 28.73624194842
40.21 40.23167682
31.37 30.51536293632
32.22 31.96418777952
40.06 39.901706076
27.95 26.33659681332
29.2 28.4905555197888
35.37 34.646351268
37.74 37.80705693
25.82 26.334933702
36.89 36.962965356
30.54 31.38731552442
29.7 28.93027795608
34.22 34.341951
35.25 34.989509814
34.42 33.73927365
35.98 36.06594954
39.16 39.096347622
38.44 37.98872661
30.12 29.74316574576
27.33 25.977177876
30.92 32.010377766
40.34 39.942731796
31.47 32.834885682
36.65 36.36956208
40.07 40.174609926
31.21 30.61477289082
24.3 23.515224996
36.86 37.618693782
38.89 39.03018396
28.26 28.31400427848
30.76 30.2892394836
38.32 38.40330495
28.27 27.40286580522
39.78 39.09489996
39.91 39.799647132
32.05 32.37216301434
28.05 27.81480523668
24.34 22.26851808
25.9 26.2401835104768
25.34 26.030422308
36.99 37.41553245
35.69 35.74708383
26.89 26.50457172714
30.19 30.084364659831
24.43 23.98843077
33.25 32.87545863
33.65 34.13813034
27.98 29.20578636
33.68 33.55393919718
35.83 36.67789506
39.04 39.389598678
40.66 40.49776254
40.45 40.561702368
25.22 25.638578706
37.11 37.010649522
25.02 25.75314375
27.28 28.211073762
33.6 33.8389830633
38.72 38.879907564
30.44 30.6973939017
29.98 29.27537766102
36.73 36.48100647
34.43 34.453444386
37.54 37.2541569
33.98 34.688033862
34.22 35.0215042863
26.98 26.61175741686
27.42 29.52821031
39.68 40.221940308
29.54 29.866400832
32.8 32.7007209954
26.07 24.59045844138
36 36.28298208
33.14 33.31179942
29.48 30.75541179258
29.68 29.3470747743
33.46 33.213690354
26.13 28.36002423
33.25 26.67822381498
28.01 27.42580221528
31.46 31.86118708752
31.44 30.8681193378
32.89 32.85545601738
33 33.330640134
38.49 38.633983302
31.43 32.19589248042
27.98 27.4990889314992
25.43 26.496781122
40.22 40.111146348
33.08 33.587484402
27.71 27.11069813562
36.2 36.743802834
29.69 28.78058043084
27.71 28.92463749912
38.96 38.809887288
28.72 28.316214438
30.65 30.45483638058
25.01 23.92240570932
32.88 32.443157472
35.02 35.073463398
26.94 28.064806914
39.03 38.70813552
33.18 33.92898328038
24.63 25.769597088
36.79 36.437633094
24.94 28.59412668
34.11 33.3935814
37.36 38.170260636
40.42 40.640309574
35.92 36.15717612
27.03 28.08291985338
25.66 31.349570262
38.81 38.659846962
27.17 27.10035357258
25.51 26.63304972
26.73 26.29262181
26.58 25.977447444
31.15 30.46165534938
38.58 38.5327254
30.43 31.04343450624
31.55 32.47521953754
30.23 31.06158130794
30.75 29.93182224024
35.28 35.646652128
37.35 37.618833696
34.17 34.353784128
39.39 39.620528916
37.2 36.841389618
30.37 30.0690759783
26.43 26.657717664
31.85 31.3678002057
38.77 39.797160054
24.99 25.158200952
34.39 34.13931888
38.79 38.809639698
35.55 36.917372262
27.15 29.449660722
31.71 31.752935166396
39.94 39.26457231
38.46 38.266418118
37.16 37.35611436
31.57 31.5692556351
34.95 35.266122048
36.74 37.00648101
32.08 30.85330109448
27.7 28.8830203905
30.12 30.14565376998
38.17 37.91120943
32.76 32.14510304538
40.09 40.60965453
34.85 34.85986293
40.92 40.742684742
40.02 40.351786386
26.14 26.33257381722
26.48 42.141695712
24.42 22.678502628
35.16 35.16532998
25.92 22.24922592
37.51 38.027786934
29.38 29.00103843792
37.83 37.917935328
36.75 36.642548352
27.31 28.400961702
33.54 29.22761191242
35.78 35.795678136
31.18 30.63244414326
30.22 30.35056719642
37.68 37.665991572
35.39 35.304610776
33.64 32.845186182
24.11 22.568148786
37.56 37.044419808
34.97 34.62564972
31.25 30.167265804
40.55 40.152557676
40.55 40.639214562
28.37 30.59103449568
30.69 30.06890799
39.12 39.15776652
34.69 34.79935125
37.69 37.113116082
36.01 36.080396052
33.37 33.74357540268
28.23 28.94868304788
38.67 37.368473718
24.2 24.35144853
34.72 33.960250866
37.45 37.69400445
31.03 30.82541212848
35.31 35.198242818
40.76 40.757169828
27.48 27.56176333512
28.65 27.98063280588
40.3 39.84662562
36.24 36.38841756
35.09 35.172875712
29.76 29.21729186442
31.46 30.1459141527
26.33 27.36617484
38.53 39.06928398
36.1 35.837790738
26.91 27.21265271418
37.24 37.39121742
32.29 31.9878290145
29.62 30.73292975568
36.32 36.074697222
39.77 39.78754341
30.03 31.26259134552
33.62 33.46405649322
40.13 40.319458644
28.73 28.3911938376
25.46 24.930068664
38.21 38.384334804
34.5 34.491216342
41.02 40.717396236
38.45 39.115798104
38.41 38.206003236
38.54 38.802850374
29.05 28.37012897112
35 34.753518732
26.55 26.9342000913
38.92 39.272204388
29.36 30.10618517322
31.4 30.92215645128
31.13 31.3788795728497
37.82 37.340238354
25.99 26.771642454
28.64 28.55793134778
31.15 30.6562590012
24 24.228880998
33.69 34.045772646
37.93 37.602305976
37.32 38.465919138
31.89 32.837007648
29.58 29.12645375184
25.38 25.0176712665
32 32.2367010798
37.99 38.241894756
30.63 30.97809960288
30.58 30.55852856202
39.2 39.45132453
37.37 37.39346589
24.19 24.810666144
28.75 26.96792315568
37.56 37.799196114
35.03 35.5020285
30.99 31.02442834548
33.15 32.69894133
29.46 29.41652805366
40.9 40.375203186
39.43 39.680082006
30.17 29.57928721608
40.17 39.938794104
24.14 23.385283932
38.05 38.147453634
36.49 36.450392934
33.51 33.8875491234
26.17 29.076169764
37.98 37.72816374
31.31 31.5564992436
25.57 25.0922617692
33.46 33.27729807
36.12 35.488040406
32.06 31.7988923169
38.81 38.85713895
26.49 26.26018080204
34.48 33.568762476
29.44 30.296271171
33.58 34.2989034321
27.22 28.561990038
28.27 28.39611456048
30.2 29.19148101528
29.75 29.40029311092
26.86 28.684212504
38.8 38.802331878
26.35 25.11721669512
26.28 26.74106530572
33.12 33.062861094
25.89 27.29562429
36.35 36.72800304
38.27 38.270616774
35.61 35.64288048
35.87 35.92037472
30.12 29.44605501336
39.45 39.08658567
29.63 43.63082365152
38.59 38.771940504
25.27 28.009003476
29.39 29.14834046538
38.9 39.11635902
24.54 25.957079544
35.81 36.29331735
33.22 32.712285414
32.35 32.11586747706
26.38 25.27776942168
34.2 35.004136416
38.92 38.521087572
30.98 31.06897907082
35.38 35.819482386
34.16 35.2367668308
29.74 29.7420746574282
38.96 39.023714136
35.99 36.48473022
27 27.1876894231728
34.67 34.15953981
31.68 32.46274198896
36.02 35.820738498
27.33 26.84087541984
38.66 38.241789024
33.57 33.73353419736
39.07 39.398260836
40.69 40.78682742
25.74 25.06431622368
35.4 35.29471884
40.17 39.80725581
39.21 39.28165149
28.43 28.5602253375
36.16 35.9817555
34.83 34.79660733
28.47 28.40344622808
38.07 38.283438612
30.33 29.8427080215
30.66 30.735663942
31.82 32.21561814288
31.62 31.30759829622
37.44 37.0891302
37.18 37.430209158
29.38 29.43526227216
35.11 34.92999894
37.35 37.113665826
35.69 35.48099991
38.48 38.85522375
39.36 39.49659615
25.92 28.39070247
29.95 29.5382894385
29.96 29.577694353231
26.1 26.941876962
25.7 25.534926228
32.55 31.60093618938
40.5 40.556934006
25.07 26.32829694
31.6 31.38628034004
39.65 39.532876818
31.19 32.435812521345
37.75 37.37254512
40.17 40.438010838
25.03 26.5274578119
30.21 29.96270013882
28.45 31.02826169802
38.19 38.353995894
33.7 33.35178048
36.41 35.884276806
29.14 28.8503427945
32.38 32.38858437
40.68 40.63042038
29.89 30.19432414998
38.17 38.13639942
26.1 27.724986636
33.83 33.56150214
37.84 37.91113023
40.42 40.284354264
30.57 30.27029908044
28.42 32.82421719
30.12 29.56485738774
30.12 29.5021785522
30.41 30.2474672625
29.79 28.92147003264
38.44 39.497237574
40.05 39.72463935
27.18 27.73503325338
30.28 29.53141702896
37.56 36.928245408
29.14 28.45340648634
40.14 40.31712759
31.89 35.22470403738
27.8 27.90109936362
37.94 37.727963238
25.16 26.15763135
34.55 34.456868742
33.39 33.40776444
25.33 26.15360925
38.7 38.308490274
25.18 24.8259783
40.36 40.364863188
26.63 29.754618978
29.92 30.5891921505
36.03 36.517518678
37.86 37.755537798
31.84 32.228278081455
31.63 31.05959665992
31.19 31.64116051848
35.01 35.043275346
26.47 29.320414752
36.97 37.762611072
37.48 36.917858748
26.97 27.55690041642
36.83 38.1080184
30.11 29.46584808588
26.61 29.64038133
31.99 31.52860167162
29.58 28.82188063578
37.53 38.705337336
24.9 25.93356639
28.21 29.46854670618
35.73 35.816765376
37.72 37.534473174
33.74 34.16629811736
28.21 28.3075203297
34.41 34.477387638
40.31 40.173515904
29.88 30.5960052711
38.46 38.449437942
40.52 40.79240202
35.08 35.442339288
26.63 26.33629445448
25.66 28.824582264
27.94 27.6716670884922
27.14 26.82809706522
30.36 30.26637847686
40.11 40.133785692
38.32 37.914225414
40.85 40.71130224
36.47 36.917848056
39.27 39.27543765
34.35 33.75082668
32.72 31.89883326762
31.97 32.3213900385
32.8 32.93412824112
38.47 38.357121858
30.9 30.5097241785
32.56 32.7115232391
35.24 35.998879746
34.33 34.39489575
29.52 29.16687494298
39.22 38.20726191
29.07 27.6349634364
36.95 37.1059311
29.47 28.7479973643018
29.52 31.17849798378
30.25 29.85867798906
29.2 29.1504481071
38.03 38.181070776
34.56 34.66712733
25.73 25.83792894
34.98 35.06399904
38.24 38.411324628
28.89 27.99912660108
26.46 27.6837168
32.4 32.43951556404
28.63 30.1101629505
30.74 30.09961424598
24.57 22.98673983
37.47 38.96510781
27.36 27.28210331856
38.52 38.834817252
25.72 31.536368796
30.59 29.64743766444
40.12 39.817235586
29.38 29.74242633978
37.97 38.185140576
32.66 32.401966692
27.88 29.379819606
32.79 32.03419341
31.33 30.49264974792
38.16 38.329087224
32.61 32.5093426671
32.58 32.592617376
24.73 22.727282694
38.06 38.364965574
36.24 36.28360902
38.41 38.19042165
30.33 30.731879072559
25.24 26.09831244
34.58 34.8783189375
30.24 29.4368394682614
33.9 34.5248135727
29.81 29.69265284166
27.01 25.87611865146
25.68 26.644232514
30.65 29.66594074752
37.13 37.734393048
31.95 32.10956639112
24.35 23.65290854886
31 30.84741469968
31.19 30.70055905032
35.57 35.667158304
24.12 22.84913175
27.11 26.32684855242
35.11 35.190642774
39.15 39.616639458
38.05 38.104566834
31.21 30.314883876
37.7 38.790330816
28.69 28.25411782272
37.93 38.073979542
37.97 38.687416788
30.31 29.66140476762
39.93 39.500691924
40.71 40.814277756
25.98 22.6891356225
24.43 23.924057124
37.17 37.268868
26.79 28.686439572
29.16 29.60326313178
29.97 24.33893413512
31.42 31.394103132
27.52 27.736298773905
35.8 35.085500322
34.45 34.213639512
26.13 26.30960943
35.55 35.329407132
37.23 37.28656866
37.16 37.321125132
39.57 39.583441254
36.14 36.232969602
35.21 34.313358936
25.77 31.08067266
35.22 35.751194502
31.65 31.86533551818
25.89 27.3903144
28.48 28.98105241098
36.12 36.051200562
26.47 27.37987296
27.91 27.882929292
37.06 37.325495478
40.29 40.9597725
39.09 38.60045391
32.72 33.39207653268
34.15 34.997730294
24.99 27.968083458
31.12 31.84311414342
35.92 34.99481271
33.54 34.22272287
34.45 33.93588768
27.45 28.889413788
28.9 27.55508857872
26.75 26.59692165882
33.2 32.904847266
33.55 33.31476213
36.08 36.24757071
33.43 33.02021535
37.28 36.746488434
30.37 30.4006625625
35.39 35.70627711
36.75 36.629384502
27.94 29.269492098
32.05 31.36762465818
35.22 34.986916092
30.76 31.07917600854
28.36 27.63120322362
38.94 38.756960148
37.42 37.42957725
35.54 36.021455616
26.11 25.59777042288
35.42 35.329261746
31.62 31.950119725788
30.3 29.00273083032
32.39 32.28202476768
33.75 33.85001937804
27.58 26.04808294608
37.55 37.309052652
28.46 28.13031467148
26.18 26.2213660259898
27.66 27.360650008501
33.37 33.00644901
30.09 29.9745158655
33.18 33.07366454214
35.54 36.11670495
38.23 37.570350612
36.53 36.185061468
25.13 24.7421733729
32.04 32.7354322911
26.09 29.038495926
33.56 32.909696466
33.43 33.51274938264
26.71 26.295132305505
38.13 38.2861326
24.27 24.422979516
24.23 23.51036607
32.64 32.25607242
32.67 33.0223170441
41.22 41.021554386
25.9 23.97864009612
40.02 39.9670008
39.69 40.087082118
37.81 37.675399206
35.42 36.05253324
31.28 30.59094279
38.03 37.97025726
24.87 24.41739615654
27.74 27.13779196872
25.33 25.32463145772
26.72 26.27402656308
36.89 36.312561816
26.08 24.8279319825
30.99 30.41257676556
33.05 39.53467741098
36.97 36.61534722
34.34 34.7096572284
29.3 29.53985727
37.53 37.817719692
38.5 39.130518018
26.13 30.00392166
38.31 38.435722518
32.84 33.07798479
30.38 30.66747412872
33.82 31.139048352
39.11 39.432596088
32.45 32.14159026648
27.31 26.4722896569
31.87 32.14917813
34.32 34.9931820732
28.76 29.20904524698
33.97 34.2009211056
35.43 35.370887682
40.67 40.8390456
38.9 39.709231212
37.09 36.57025797
30.57 31.8558065709018
28.1 29.45223410928
35.34 35.888782962
25.94 26.572511292
31.46 32.292875904
35.17 35.197237362
39.77 39.987206328
24.09 24.67780167882
33.29 33.27976027608
29.27 30.06231059712
40.11 39.777162582
39.08 38.033860998
30.78 32.67439467792
28.58 28.82982680778
30.75 30.26404067712
25.03 24.120880674
39.06 39.49032336
34.77 35.052153186
32.8 32.40841479
35.3 35.85277173
24.73 25.56812112
24.43 24.046250838
27.54 28.611347334
39.61 39.81493734
25.35 24.896686818
37.06 37.176769632
34.49 33.947009304
40.2 40.44803232
30.56 29.7560505378
28.73 30.18205807968
39.06 38.170648002
27.99 27.2088307030368
26.08 25.47449735178
29.43 29.2069207794
33.91 33.86597334
29.34 28.77745229562
34.84 33.75647727
35.62 35.7137664
24.6 23.34663221862
30.57 33.10208746458
35.19 35.702866068
33.3 34.356852294
26.34 26.181572952
38.42 38.281303488
31.41 31.37705911722
31.65 31.677897463575
24.45 23.626568724
34.37 33.794317362
32.13 32.03773092492
27.38 27.5067595597818
30.79 31.0220909765328
26.52 25.66175944746
33.44 33.3623904594
33.44 32.92372459722
26.82 28.14753162
32.42 32.291802786
30.86 31.25721823242
27.9 27.60083286
29.52 29.1526401585
36.21 35.54748111
36.86 37.66166925
25.61 28.743756672
31.29 31.960724604
30.64 31.12641511626
24.4 23.17330222374
34.39 34.103470038
30.76 30.5781398526
30.13 32.20940562432
39.61 39.653712498
37.51 38.8364808
33.09 32.90128575348
38.08 37.991418546
37.77 37.593162786
36.73 36.680429148
27.23 28.212649325295
25.44 27.7284219
35.3 34.589315334
35.48 35.359402278
39.92 40.029170196
30.82 30.542288358
30.52 31.0752049946448
31.11 30.991992109095
30.48 30.2607970077288
27.71 28.23209460192
28.72 28.08474911112
32.28 31.80652674378
29.66 29.87221391526
39.33 38.766460242
32.53 33.44378503956
40.86 40.900586808
36.57 36.467379714
38.36 38.58599724
38.93 38.736301494
30.26 30.70963668522
35.79 35.914929522
39.15 38.800995324
39.99 40.472221458
31.42 31.48240216728
29.94 30.65442367728
31.93 31.84318236432
34.25 34.6812782439
29.32 28.48213944282
31.04 29.84390263722
36.2 35.806206486
36.57 36.291218916
30.87 30.9084223566
35.38 35.420552706
30.2 30.24427524312
28.21 28.74197948568
36.93 36.93620463
25.53 24.12780855
31.13 30.25936853418
33.33 33.38573656938
37.27 37.022355192
39.66 39.485010774
27.87 29.664316344
28.68 30.88692175578
29.78 31.51369820208
35.42 -16.596815406
34.13 34.824990162
34.57 34.577943762
30.1 29.8771307346
33.64 32.93539932
36.56 35.97872928
29.6 30.24616030836
31.19 30.97350048432
35.46 36.136871778
38.06 38.44916535
41.5 40.731267714
37.91 37.824533574
37.47 37.436211714
31.19 30.92243077128
37.24 36.81796893
30.16 30.5367146391
32.91 32.43039267018
26.97 27.66612183
33.28 33.50464939884
28.35 27.9174751257
33.15 32.63154026442
33.77 33.90585276
30.19 29.9137630524
40.4 40.3902285
27.16 28.468279734
29.86 29.0162233441596
26.76 27.06755596842
30.64 29.8902151425
27.07 25.77986473098
30.95 32.7183361694058
26.12 25.23369342432
24.43 23.6738150094
40.8 40.629421986
25.15 26.831786838
31.49 30.79482160728
34.57 34.433562018
37.67 38.009712738
39.15 39.174670578
35.64 36.373555032
25.56 25.526680806
27.29 26.97569032692
30.02 30.07875339366
24.44 26.732633334
39.8 40.01558655
29.44 28.5820285308
33.51 33.8200837212
33.88 34.332738978
31.67 30.605554212
39.12 39.053334756
33.99 34.029190338
40.89 40.765197372
27.33 27.43596899562
38.85 38.755568694
33.25 32.716270356
39.4 39.364061286
36.41 36.338863596
39.4 39.457105932
24.84 24.47015008026
24.23 24.805949952
30.82 32.4953660656128
25.42 26.652966636
38.47 38.871920802
33.75 33.36602757
37.84 37.073159808
26.53 27.02523355764
26.03 26.34970767
27.91 30.66566133
34.89 34.96530063
27.62 27.26434162182
34.99 34.983299298
39.62 40.25373285
32.95 32.50915403802
40.2 40.65751554
30.74 30.10078614288
39.97 39.70690149
36.83 36.339656034
33.61 32.77961103
40.11 40.12312575
35.05 34.791556998
33.38 33.41694663642
30.79 30.60029317512
27.02 26.93891109
30.88 33.2081249145035
25.58 26.887952028
29.75 30.58251722184
25.6 26.322332628
30.14 29.15709873708
31.69 31.64548533888
38.96 38.988125202
39.77 39.50283927
29.66 28.81084010394
24.43 23.32574304
26.19 30.23854656
30.61 32.345097222
40.6 40.605950424
39.33 38.937085122
38.5 38.665815204
38.94 39.805305954
28.09 27.36177022362
30.23 30.02094187608
38.97 38.728867476
29.48 29.74027168392
37.33 37.39883781
29.24 29.51330621712
28.56 28.59647394072
34.53 34.589558136
31.21 30.22848225546
32.94 32.41671061728
38.19 38.265587202
33.75 33.338660898
25.46 23.9434262385
32.78 33.345924808575
33.51 33.935681478
32.01 31.96212596448
34.33 34.229492004
27.88 26.39681184216
24.5 23.723395032
38.74 38.295004308
33.68 33.43795653
30.45 29.7593464425
32.34 32.5190085186
29.22 28.7529582347688
33.63 36.6863761596
31.84 31.66178796768
31.2 30.53870907648
28.45 28.1976397532328
29.18 28.7649718287
26.43 25.89096845064
35.21 34.783700316
25.11 24.26612298042
37.99 38.15159151
37.89 37.584316704
36.29 36.132100032
27.34 27.8120101902
31 30.98260553952
41 40.381232694
34.12 33.747127122
24.78 30.61449024
26.57 25.52620652184
38.62 37.946419014
26.28 26.531302008
25.7 24.363336882
35.78 35.50262613
25.28 27.629110716
25.18 25.07646022602
29.29 28.64962225752
25.58 24.81891591126
26.76 28.6305051
35 35.644400754
30.13 29.8250391378
32.72 33.136017618
29.32 29.9083636545
33.77 33.517372242
29.38 30.0729142338
27.04 28.81143484698
25.84 28.398175734
37.25 37.11120645
26.26 24.3460289247
30.69 31.559693668545
37.89 38.12359575
24.94 26.828284668
26.14 25.90544319
34.63 34.127453112
25.23 27.64126509
33.42 33.31576726842
39 39.052877952
39.49 39.14829519
39.11 39.253818972
28.86 28.595094036
32.86 32.836843392
32.28 31.6580865825
38.35 38.260510572
38.73 39.015769494
31.31 32.0510184258
25.49 25.979210688
27.13 29.454983634
36.86 36.85330704
25.47 26.843859318
28.95 29.53445076138
32.58 32.33920302138
25.69 24.88673869302
30.23 29.94801618648
33.31 33.14067424122
39.52 39.90334101
26.43 27.716153952
25.98 25.36761629766
38.81 38.218260162
25.42 25.560137298
31.56 30.5662785825
26.9 27.946225506
27.28 27.27885923592
34.67 34.91773485
27.58 25.0039043175
33.68 33.43470423
26.52 27.1952866723818
36.45 36.816265878
33.23 32.43300852138
34.03 33.594862776
32.03 32.4989884248486
24.8 19.6311881784
25.89 28.230238956
28.51 28.0522346199
30.61 31.590676455945
37.49 37.825885302
32.75 32.655480312
24.5 24.29449156218
33.14 32.9872557
36.07 36.4176435
35.88 36.253886232
26.55 30.37596042
37.63 37.686862164
25.8 25.40478280008
36.12 36.09762
37.18 37.281784476
37.16 37.785529974
38.22 38.180077986
36.23 35.852190582
35.29 34.972939884
29.94 29.1379642176
38.83 38.48637189
34.89 35.35267269
31.83 31.08868207482
37.31 36.930321138
40.71 39.968527224
24.34 24.26580015
27.67 27.26447551752
32.45 32.35185546
28.31 28.42106152728
31.19 31.6177494465
32.79 33.8146189215
39.15 39.242096754
33.57 33.09741374538
31.46 32.15153401428
34.19 34.4832015615
32.79 32.19911161608
38.73 38.719153794
32.95 32.19349753002
25.7 27.04176303
28.75 29.79446506008
37.91 37.147270764
28.97 28.883012493
34.16 34.100754918
26.38 26.486754594
37.71 37.435342182
25.96 25.75316825688
36.05 36.058238502
28.73 29.943584832
32.79 31.97307261
37.64 37.06040544
28.5 26.4058905849
29.11 28.0848739558872
32.21 32.80157212998
34.63 34.33225197
30.02 29.5130264628
39.09 39.188520438
28.73 28.72337693712
25.31 24.52257659622
32.5 31.98761277312
35.11 34.891516344
37.68 37.561610118
38.6 39.7416081
26.18 28.5764376
30.47 31.0622073825
28.81 31.35276901632
24.25 24.431291814
39.85 39.215845218
28.54 28.89749914008
32.41 32.15772875802
37.86 37.903586496
27.13 27.431074464
27.07 29.053067712
27.1 28.10966028
26.63 26.04739440216
26.82 27.30906870378
26.97 27.678980748
25.27 25.422358872
27 26.71264130712
26.89 26.7306696489
25.97 25.93850661192
24.42 24.197272572
34.69 34.406075832
24.14 24.83094567
31.83 31.42541959338
36.25 36.465067164
35.2 35.385507366
39.52 39.784550838
25.09 24.139428708
35.73 35.67932256
38.74 38.156259894
24.56 24.387448674
36.22 36.090064536
31.47 31.0100834559
34.68 34.86514026
35.55 35.82918669
27.45 26.61013700268
29.89 29.31538450008
25.78 24.93517771488
24.36 23.189239254
35.66 37.230605286
39.26 39.71480781
39.52 39.531533106
31.57 30.82119855828
37.4 37.461620118
32.63 32.14299257952
32.97 32.98390593996
31.32 31.04219900202
38.56 38.261224704
24.72 25.38902487
25.69 29.27393220666
39.03 38.15998014
24.83 26.872558572
39.77 39.158849568
31.62 31.957515649839
38.08 37.247883558
37.84 36.07962045
29.89 29.58422207916
38.38 38.50082949
25.2 25.4913006
32.65 32.483783346
28.88 28.82532743322
37.02 37.16922495
24.09 25.37672718
31.84 31.16915801328
26.58 25.03614640908
32.33 32.80884978342
24.47 23.433793266
32.19 32.961669048255
39.43 39.76133421
39.16 38.479715616
39.8 40.050941376
31.36 32.631996981
34.26 33.948734118
31.47 31.22132496648
36.65 38.30242791
26.93 28.973581302
36.99 36.691975698
30.28 29.63290271658
38.39 38.3652285
28.67 30.2515607145
31.46 31.761606867
24.07 25.4090112
24.35 24.620536812
34.08 33.696686748
28.46 29.44203480282
29.21 28.59866703642
35.29 35.26263933
34.48 35.31014535
39.74 40.184158476
24.51 23.66550885
38.13 38.326944984
37.11 37.44052926
37.58 37.346115468
34.63 35.32268874
26.43 26.9792724004842
35.28 35.350761282
31.7 30.94412729952
29.48 29.41947733872
28.79 28.61276514342
36.5 36.71301045
26.46 27.675069792
35.52 35.840008038
37.91 37.394559762
37.07 37.133564178
36.62 36.757064856
33.88 34.564680822
26.24 25.267836246
37.2 37.008928326
33.28 33.112971858
31.44 31.160441526
28.95 28.52801975796
24.41 24.598928658
33.55 33.527583798
25.13 25.878002322
32.56 31.74429243738
32.42 32.06394788538
25.68 25.605576105144
32.8 32.6958340809
32.78 32.83561931082
27.23 29.52005052
29.27 28.63349858928
33.28 33.017655
24.51 24.34800825174
25.29 25.557086118
37.01 37.110449676
32.24 31.75182607962
28.76 28.27796106288
34.27 34.059474264
24.05 19.4623044096
27.3 31.85739663
25.64 25.43031527142
28.89 28.79621388138
29.69 30.22985964504
35.54 35.20678503
27.83 28.5035621025
34.02 34.363194492
40.77 40.19916732
37.59 37.797663768
38.28 38.239891638
30.31 29.98125925068
39.96 39.706487544
31.83 31.03901365242
34.93 34.832177238
35.54 36.015269988
24.12 23.8497975183
27.79 27.96019932
31.98 31.49225157018
35.53 37.063418304
33.93 33.702373524
32.85 32.94669317034
24.84 26.115987
38.8 38.664209814
34.7 34.893148326
32.56 33.84333743448
33.79 33.55172661
32.09 32.2314162225
24.75 23.158639398
24.29 24.762087606
37.39 37.14173175
28.15 30.50769132138
25.47 25.43450655
34.96 34.990256796
37.24 37.332058836
24.71 25.019492412
28.66 28.75980805716
28.8 31.39577371272
26.32 25.02124144986
28.12 27.4513981449792
27.55 29.98719525648
36.63 37.600852854
40.8 40.493274834
36.84 36.737073174
33.03 33.23414094
35.3 35.162307156
27.44 26.07334327704
36.98 36.95539071
40.39 39.99166989
24.84 22.53586935
27.1 27.24651375
36.7 36.221755686
31.35 31.77853113012
35.81 35.577156288
24.91 23.482317012
33.67 33.68556031872
26.06 26.993227128
27.39 28.925015484
35.5 34.944217692
35.05 35.26690638
27.04 29.040794706
34.29 34.320203526
29.82 30.31675101516
32.01 32.6088625983
35.25 25.171785042
40.4 40.18056972
27.16 27.30485342922
40.31 39.57860199
33.08 33.12672103776
31.27 30.2781966105
35.99 36.281024508
27.93 27.72702064212
30.68 30.42589935048
33.58 33.41303578122
35.66 35.3721846
33.21 33.249059616
36.01 35.691007224
34.95 35.308665228
39.58 39.308647764
37.36 37.470696204
33.88 33.974755842
26.72 29.91017391
29.39 30.1975012884
32.29 32.04253300116
35.68 35.90433186
36.68 36.151443318
32.86 32.13939760608
39.07 39.239143332
31.4 31.26149950152
24.95 26.30238666
37.98 38.384856066
27.83 26.1810364668
27.33 28.542842598
31.57 31.798161930279
36.82 36.93118314
28.71 28.3432756978842
34.94 34.433255586
27.61 27.84941445882
28.41 29.93483545608
32.12 32.36911494168
32.78 38.120168928
39.15 39.14348325
34.57 34.639412646
28.91 28.75383685002
34.35 34.4558130396
33.23 32.562916536
26.74 28.1340861
36.52 36.259221696
36.99 37.06285008
40.85 40.65329004
37.06 36.795150258
38.17 38.249753196
29.47 30.89239942728
36.71 36.357088758
38.61 38.182569798
25.5 26.251008258
25.74 25.175417012895
32.57 32.20988290248
31.71 31.8340973775
38.68 38.664329826
32.77 33.448233846
31.93 33.07128406086
32.27 33.01055692122
25.4 25.4576631783
27.16 27.20591838282
28.88 28.49100295128
24.09 25.045683702
34.03 33.770751942
25.16 23.576106918
39.24 38.525736828
27.78 28.08213972762
26.71 28.81036272
27.16 27.002416728
25.51 23.9647155474
37.96 38.189829612
38.42 38.46138663
25.05 27.57709986
37.53 37.372195092
28.47 29.3966367825
40.43 40.697723388
35.2 35.87792421
27.7 27.63940934442
35.71 36.036414996
28.43 28.6639955034648
27.28 26.65088460888
32.86 32.61915203208
29.81 29.74836829098
39.65 39.903944664
33.59 33.151918008
27.77 28.07266773738
27.18 27.76206297288
24.01 25.597484004
30.38 30.4983079005648
27.76 27.96166314858
39.44 39.418885794
40.49 39.69831975
26.11 28.02447933
33.52 33.493261074
35.44 35.220344214
32.53 32.47716469638
35.67 35.228000352
33.36 34.112249712375
36.35 36.43973517
33.55 33.04300368
37.99 38.942207778
30.25 31.31551812282
31.11 31.1216273625
25.99 26.21363133
34.7 34.82115855
35.89 37.104899604
31.02 31.31723956614
33.24 32.614217862
34.15 34.05817365
33.15 32.970731532
24.9 23.604123558
34.21 34.29228279
30.44 28.67036364912
31.12 30.63598665402
29.21 29.0801455095
33.86 33.373520178
25.35 25.45558509
33.63 32.590873446
31.28 30.60918255
39.95 39.821727612
24.67 25.48947267498
32.94 32.02828768362
24.76 24.7158375105
34.14 33.80038437
32.87 32.68073829
26.69 25.23667150218
39.48 39.756068322
26.17 25.237273494
32.48 31.62822153288
31.02 31.0510416489
30.15 30.45447979818
33.5 33.014527734
25.21 24.83648710854
30.29 29.9389381044672
26.86 40.713674358
31.25 30.09576399924
29.65 28.7902778636202
37.26 37.179598188
37.07 36.329833074
26.5 26.379501208351
25.57 27.77521479
35.07 34.958211414
38.46 38.054278488
36.84 37.12091664
27.54 26.93238827532
31.22 31.91988873702
39.59 39.693963516
38.76 39.355540248
25.09 24.5852954025
27.23 25.89929517012
32.73 33.1308474745178
32.46 31.75476099162
35.49 35.468133024
32.91 32.0318128065
37.12 36.556102722
35.97 36.401909394
33.02 31.97912108808
32.27 31.21577357898
37.68 37.466585436
34.36 34.484883
25.44 24.54952100448
26.29 26.60998061328
37.31 36.782255058
34.26 33.80547981
35.73 35.6649288
37.93 37.73741808
24.61 23.68179326742
36.35 35.994875928
24.48 23.725084704
25.23 27.80746896
34.1 34.252263798
24.61 24.9805864929
28.76 28.98928053498
26.53 29.07892005
28.01 27.5986373934
30.71 30.43611257352
31.93 31.59532581402
38.21 39.383052792
32.5 32.3117882463
28.13 28.04850152052
34.81 34.231491732
37.37 37.048215648
39.8 40.195633494
24.97 24.19689117
36.72 36.770359782
40.19 40.541588742
26.58 18.0609097791
26.24 25.79755658352
33.65 33.28436991
28.86 29.16673949568
29.86 29.8086987945
34.86 35.127099372
33.5 33.059727516
38.69 38.888182806
33.43 33.12950862
32.16 31.0751531265
31.51 30.90276391128
29.48 28.48646627898
40.06 40.169793696
24.86 24.364239708
31.53 32.32762365
25.03 24.1300921791
31.7 31.00811341008
35.51 35.908941324
25.87 28.15062306
32.56 32.81824914474
29.5 30.17555553408
33.92 34.750134429
27.28 27.37482657402
25.59 22.14185007
39.64 39.659788866
25.35 21.21937152
29.19 30.07638523608
29.73 31.29769194042
35.75 35.573971794
31.85 31.46586989232
34.09 33.793332024
38.34 38.124738642
36.24 36.153046884
26.18 27.63062013
36.7 36.35990826
26.39 25.8641383287
24.3 26.16825228
34.53 34.60610352
38.58 38.236024914
28.41 28.2691629711408
31.66 32.9623833048
35.59 35.466239064
32.36 32.67260581398
24.88 24.87103527
37.67 37.280663634
35.4 27.82871151
33.43 33.09094128
26.76 26.933639394
32.72 32.281799532
24.98 28.28057223
28.8 27.4763055100964
24.44 25.34173482
35.04 34.858781106
26.51 26.7459965179847
39.93 40.19289744
32.59 32.933809302
39.06 39.40237335
26.26 25.4690611401
34.4 33.98938005
38.12 38.259564324
35.23 36.683420268
33.51 33.66740508
37.42 37.44733584
35.16 34.878220134
32.61 32.6551693575
30.08 30.0229443368233
33.44 33.45935925
31.49 31.14954337368
26.08 27.704349462
28.4 29.53513475328
26.22 26.0877290649
26.5 25.669037184
39.48 39.53455338
25.79 26.49438466392
37.89 37.74223806
32.8 32.35648029
32.97 32.68231281498
35.16 35.185597266
37.19 37.56125991
31.34 30.96928860618
24.37 24.689056146
35.99 36.131773056
32 32.31705620298
25.85 24.87886620042
39.34 39.561954468
31.8 31.2447777
28.58 28.85268932232
28.9 29.62434638442
38.05 38.185292082
28.48 28.56238821552
36.59 36.62798367
30.09 30.45645636042
28.81 29.0140722465
35.28 34.97112192
39.49 39.67146285
33.16 32.87205726168
33.26 34.5453192264
29.72 29.08238128152
38.48 38.574252294
29.14 29.02994688342
31.49 31.21023440328
33.93 33.817383384
24.84 21.655683474
36.42 35.98702071
