33.92 33.251242668558
41.61 37.70548730544
32.96 32.532698610654
31.06 32.2075251210298
28.14 27.291610925976
35.18 34.30282680816
34.98 36.44173979316
37.6 37.09071440976
39.95 38.54682192372
24.83 23.12538768336
33.57 33.581011356
28.42 28.0338262867884
29.57 29.5743298968768
34.95 34.6336523928
25.02 25.30545518448
37.41 38.4261615576
39.46 35.55961288128
35.41 37.06513454268
36.04 36.815021673
39.32 39.02630656944
32.59 32.6005981151364
29.27 29.4920770247664
25.3 24.72986031468
26.46 26.856585284832
26.84 27.2368997657136
33.42 31.9445428986
33.04 33.363400362336
39.23 38.31810513876
24.98 24.34256885712
32.84 31.6157196006
30.94 31.15573222599
27.43 26.1481132421952
28.55 28.43889565059
37.74 36.96605794068
29.15 28.5166573944708
40.49 42.01666677552
37.58 37.7265098082
25.05 24.6131742918
26.98 27.17071000965
31.12 31.2277068036432
29.83 29.535397102146
28.42 29.1631998500172
35.53 34.68740924268
30.86 31.8665341066176
33.14 34.144855535718
29.11 29.408301161256
29.57 29.96930122407
32.04 31.463599925862
31.42 31.9141008069696
38.27 37.29297265632
32.22 33.122213296128
24.25 24.5395137482016
34.58 35.0891306256
27.99 28.4036532895788
26.28 25.9110548888112
29.77 29.579425191648
27.46 27.85904862108
26.11 25.7512121154
28.65 29.24050655583
38.75 37.1861414688
29.18 28.5945959544324
25.7 27.3853785063951
24.37 24.40752814116
33.55 32.49854884908
31.71 30.50770640583
26.17 26.196970596
37.53 37.16653242672
39.44 31.05819800016
31.41 31.3098421321536
34.24 33.2630521374
33.32 32.8227875094
27.33 27.8220078018
36.4 38.09825657892
24.02 24.92277743052
28.32 27.824765714304
32.14 32.41827386976
33.54 33.55762888368
34.9 33.57694041552
35.4 34.197352593
27.52 27.5055561877968
35.92 35.7312579528
29.02 29.226281317632
27.83 27.0158638962
39.97 41.72696916588
28.4 27.1587336144372
26.96 26.58356512932
28.84 29.8439898440316
24.4 22.7151997938
40.68 39.5877808296
31.74 31.228254525408
29.6 29.9777709079908
29.59 28.955952225102
26.37 26.0467296169488
40.87 42.19709548656
32.46 32.399886016998
35.38 35.75803638
38.5 41.0083649694
38.5 39.51244066656
25.39 28.5560716248
26.69 26.121029695848
33.65 33.78946206
39.89 40.9696991352
25.42 25.1061643078248
38.01 39.32509633644
35.42 36.87092623152
35.24 35.2823549298
37.91 38.93399295612
29 28.389045839592
25.98 25.7780224584
35.21 33.87286993392
28.24 27.7534396915344
35.54 35.26821133824
39.34 36.42106631292
34.19 33.01239810864
37.42 38.23042122852
24.66 25.34609707404
32.07 31.620726614304
35.26 33.75144170496
28.67 29.2264034400828
29.97 29.7149557739754
26.48 26.60358013632
31.09 31.2620230305216
31.16 31.3015955080896
30.17 30.4809609547553
37.68 36.35501365392
39.5 38.49040165188
32.98 33.01391718924
31.27 31.60625492664
34.34 33.3589917258
31.71 31.075282900494
32.56 32.79847750527
30.8 30.6753187256918
39.87 38.22528580956
35 33.94509570468
33.13 33.518940216912
38.24 38.10755293728
33.25 32.96500917795
26.44 25.9892287302852
39.55 52.96966743576
38.44 37.57085701152
29.75 28.7118143841447
37.88 38.94546592308
29 21.657468411912
35.4 34.20882171588
35.88 34.63391132148
35.25 34.87716465936
38.83 38.98740834948
25.91 25.3262515248
28.13 29.455888049478
31.36 29.4894
31.16 31.8520745840991
34.58 34.582583097
38.46 37.39401173628
31.97 31.74454415259
33.79 34.10369729679
32.14 32.262885501318
41.6 42.16588172592
24.1 23.19544038708
25.33 25.238717667
37.41 39.13157620812
40.93 43.25588450352
30.94 30.324823387182
28.68 28.781670467406
29.89 28.5494082669468
40.79 42.75687671676
27.68 27.46044554112
27.89 27.2688151869696
27.06 26.7123217798464
29.72 29.4022625631156
40.08 38.49040351812
28.08 27.910255280736
37.57 36.6065921592
24.69 23.40213479172
37.3 35.56154586732
34.5 33.7208664366
39.36 38.74427272368
32.67 33.053254363512
24.19 23.73936507648
27.67 27.714558560022
30.09 30.3734596573116
30.09 30.294774081384
32.92 34.03444681608
37.79 38.434814616
24.39 23.8996324224
24.75 25.0991042982
30.16 29.8113033085175
27.23 34.795572058302
39.39 38.34708999456
31.48 30.467317429734
39.65 41.33586426288
40.69 37.62974032464
28.65 27.44878515375
26.2 25.644965742474
26.99 27.39427056336
30.51 29.931070264056
28.21 28.089737134086
28.01 28.43431766124
40.23 39.68617059324
37.81 36.45950462352
33.21 32.67099341184
39.02 41.0258590608
34.09 33.04989201924
37.04 36.04970942784
36 30.1926819585396
36.33 36.32372000304
37.28 37.0488854262
34.76 33.33216321264
28.27 27.5412462821568
40.95 34.85023977372
34.5 32.68498768596
41.17 44.39439189648
38.67 43.07413903344
26.19 26.27468992044
39.67 38.10693189588
33.32 31.31251716468
35.94 35.90041061664
25.45 26.12124242223
27.19 27.8890964869836
28.33 28.8690071828724
36.48 34.64407858896
29.46 31.699216913862
28.67 28.026588717432
30.94 30.625668508158
34.85 36.6109467072
24.78 25.6130987274
24.32 24.46198059348
30.32 30.5647586842752
36.5 36.62493829008
37.24 34.76846068944
35.38 33.04319133564
37.23 35.1510486864
25.61 26.41655868804
37.19 35.9448887736
27.69 28.054729166778
32.05 31.6943630789292
33.45 32.147551648974
31.4 31.7664376353156
28.34 28.336159905899
33.37 32.58366508404
33.3 33.6345858441588
33.17 32.87325999324
38.91 39.706137387
33.68 34.56343761948
33.67 34.694226476874
27.94 28.268181746958
40.44 42.70023964656
36.34 38.38625698092
34.42 33.08447743344
30.14 30.9777963816576
39.56 40.50463060512
34.35 36.181205139504
34.17 34.11132128676
30.43 30.2786391082356
29.8 28.60387652256
26.09 25.6265423877564
24.47 25.1444783398596
24.64 23.6544651
38.09 39.31461241884
27.08 26.12012621724
37.47 39.11005234116
36.76 36.07370547372
37.89 37.271720421
38.12 36.9200349978
39.76 41.53246661124
34.84 35.47624710672
35.45 36.92529254592
29.92 30.2666828977596
34.47 36.27146809344
35.45 36.2374228368
34.78 34.77156633216
37.18 35.22672423504
35.47 33.21680921712
40.57 38.36397662592
28.9 24.8868248376
27.8 27.258943563642
24.21 22.9019093496
30.15 30.165281370072
35.33 34.2223821234
30.26 31.0010072885945
34.13 33.34648713876
40.12 40.28081571504
35.56 35.592367896
32.03 30.879178122744
27.02 26.35906273404
31.19 32.654634725634
29 28.70724351624
28.34 28.3165012312932
31.8 32.121147747672
37.62 39.28410888624
35.8 37.179347796
36.46 36.682761249
36.18 37.44327795828
26.45 25.64153463708
37.39 36.97987662
25.47 26.4365643715308
26.96 27.4939546445376
37.84 39.65183639088
30.14 29.9318022211622
40.63 42.730190388
32.2 31.925991924192
32.44 32.867979517494
33.35 32.20411319856
27.62 28.129323866598
24.32 23.5144598424192
36.17 36.64761151932
40.32 40.627841292
32.27 32.498284611834
34.54 32.15348656236
27.15 26.232876737358
38.83 37.23784890288
26.42 22.888007859
32.65 31.993371521856
29.62 29.4191658753408
32.9 31.64203016928
26.99 25.72159257732
34.44 33.88918223088
39.1 39.0956081976
27.01 26.55254574
28.07 28.0269677880612
29.36 29.8937436902614
30.37 31.7668512213495
29.12 29.146093415688
24.57 24.6282771162
35.76 34.25507191596
36.16 36.57962917968
24.54 25.075664432802
26.05 25.5723985944
34.2 35.13221122608
35.22 35.62184276436
26.52 26.23920303312
24.17 24.29337020652
34.52 34.25769190464
25 24.91267083204
32.79 31.87175002596
28.41 28.67501456316
35.87 34.90981877484
24.64 22.689547321752
25.46 25.9907436006
28.3 27.3033037658496
34.07 33.4845946872
26.01 25.33889012784
24.04 23.62615898928
29.52 29.38093508979
38.08 39.26667406896
31.77 30.486246237702
32.33 31.53086218704
29.39 30.62380089579
31.46 28.224169170894
32.3 31.47627275892
37.46 35.0512018314
29.04 27.8656445453981
33.08 34.81176621411
40.02 42.50189135232
27.14 27.131642326776
30.99 30.6176792628828
30.55 29.605684253046
29.62 29.05801991604
25.05 24.70062644172
39.03 37.54572319536
33.37 30.83001784548
27.18 27.2169081126
38.79 40.52345269164
25.71 27.3458893784652
25.5 25.795884536334
40.56 40.51243896624
36.78 34.60910214816
25.41 24.69441783348
32.13 32.17831176804
29.1 29.12946898095
32.75 33.753479902224
24.13 23.82699502992
24.8 24.5024905554
34.87 36.15090846612
38.41 37.24219505988
26.49 26.21818352367
35.96 36.21167411184
32.12 31.10375415771
27.03 27.0444153886272
36.86 37.77681159792
25.35 24.778224363
25.14 25.758987388007
28.15 29.575934236896
33.72 35.941704116856
29.05 28.6203739097201
27.96 28.0518970928784
35.91 36.83346980916
34.63 35.457767265
31.13 32.4717892902768
36.04 36.076993191
36.84 36.0338477112
26.7 27.090616117014
35.01 36.38098158048
25.87 23.78420994708
28.27 28.683918439416
30.72 31.498343597088
34.58 33.31471879764
24.26 24.91062281856
41 42.40588568112
38.15 37.21536380388
33.57 32.21088982224
31.37 31.54129896492
40.72 42.993567999
30.33 30.7806203467584
27.27 27.434161966008
37.58 37.64441736
37.44 39.98946435012
39.53 40.0192047
30.77 30.9732002055757
39.66 40.59307858596
29.31 29.9794624203648
36.64 33.3948917976
35.12 34.54444442352
27.78 27.30720784308
32.36 32.7525357348
33.5 31.9020985992
34.93 34.09565579376
39.75 40.79173487184
40.77 40.7610807624
29.71 29.942984178318
33.14 32.6257946690496
30.53 31.270409051142
29.26 30.1404160392625
35.44 35.36281948368
27.72 26.74921845168
35.95 35.216109045
26.55 26.32231949136
30.49 29.820692149494
27.75 28.406708546784
32.11 32.579974853208
26.84 25.743374115
29.27 28.5673666770269
24.28 24.5763755310432
32.72 31.7149529904
33.38 32.890158560136
30.25 29.66622306876
32.87 33.933948135648
38.59 37.14069855564
39.4 38.96997385308
33.17 32.034701157
37.7 39.7068083784
32.33 32.91467649312
27.96 28.30772617776
40.46 40.839968232
34.59 34.6205076642
40.55 42.61740602928
36.38 35.43436220976
41.12 45.38926220292
26.51 26.23444948548
39.39 38.72953565232
28.02 27.805881302718
25.98 24.04979348268
26.71 26.34363662556
37.76 36.64095913812
25.37 25.27035126444
35.5 36.638883828
35.65 35.8025357274
39.88 40.6244399586
41.48 36.27336445884
39.44 41.90700274992
32.36 33.496254750107
36.7 36.5250738888
32.38 31.05110871276
30.26 30.413533924854
34.9 34.79609138364
29.8 31.140210902664
36.09 36.85790482068
34.93 36.837915255
36.24 35.20638206064
25.03 25.2943900704
28.23 27.7922802594
26.81 26.85874574448
39.62 37.93592859696
34.82 34.48808747916
26.91 25.9827444084735
32.94 32.39119129452
39.17 40.02064623108
27.85 29.599700744058
24.42 23.75642650284
38.59 39.00512061264
30.53 30.365780826774
36.3 36.55276016124
40.43 42.70144471116
26.64 25.9993426776
31.33 25.5875124432
26.31 26.1454002767856
35.85 34.0209323334
36.48 35.9825822424
30.71 29.758475717952
39.33 38.7512621046
38.06 35.82597234144
27.05 27.1883673306509
30.18 30.1761625577832
28.17 28.89261752148
30.3 29.53801764243
27.65 28.3847799672
36.57 38.60330053788
32.37 32.542830046848
35.07 30.156881597526
37.9 38.911794561
24.58 24.98298830784
37.12 36.29507554992
40.61 41.20390407564
38.85 39.0479177304
32.99 34.4943875351856
28.39 29.154778729656
39.31 39.7380471048
38.42 37.0912140648
34.76 36.95686137936
38.32 40.73913819684
39.84 40.39978244412
24.63 27.12869600736
25.24 28.5008592438
30.45 30.4090000506
24.16 22.43659701312
24.04 24.237408699
32.16 32.17310838684
28.33 28.673693350278
40.07 39.88708192512
39.94 40.00389537648
32.17 32.78852158869
38.97 40.29522646164
37.73 36.96139380132
39.25 40.65841254972
36.79 35.76032759484
36.3 35.12258251788
32.24 33.067143086574
26.92 27.300889595808
27.28 27.171991599366
38.72 37.86557912436
40.7 44.268895308
29.76 30.1175002693116
36.71 33.15581079552
24.32 23.83113571644
37.44 37.811338839
35.43 35.80889497596
30.43 29.9275733713536
34.44 36.813314661984
26.02 26.8524731480688
27.07 28.2416290473137
26.5 27.35802549936
36.43 37.68755542464
39.97 41.1544164888
31.05 30.569243432016
31.51 31.644868859034
26.44 25.5710725038
24.74 34.41939465084
34.85 36.797117182752
35.52 35.13762097056
24.57 23.7834795186
35.05 35.181993996
24.9 24.2475064326
26.72 26.788216947222
29.91 30.495872601336
34.54 35.66186908752
41.51 38.94690004716
27.25 27.22192500528
24.78 25.60567867716
33.03 31.905709894296
39.32 41.60307099744
29.54 29.4778254009828
37.66 36.37418951988
31.03 31.1963144038272
27.24 27.767643495414
26.15 25.2381517993152
29.22 28.3482710350471
39.5 40.95371037012
34.16 33.3113881896
39.24 40.16407644096
39.63 39.20292917808
33.79 33.16950667284
36.5 38.1865106754
38.42 35.43344715408
38.66 36.16259990976
25.15 24.71639472
25.15 26.19703805748
33.4 33.603305560632
26.26 25.44362251488
35.67 35.765076393
26.32 25.104658284
39.96 40.59904646448
37.39 37.48993484976
33.44 33.554070705024
34.62 35.08493232156
31.09 30.737712590502
39.6 37.6605397728
39 37.4184692766
32.48 31.4851068954
38.8 38.23816822476
30.73 30.196281874272
38.73 38.32901764752
29.31 27.310308296232
24.12 24.51736508208
36.96 34.5978136584
24.06 25.020326076
39.88 42.96017637324
32.82 31.7819575608
25.12 25.6819761807168
28.02 27.80579948112
28.45 28.426203203202
25.79 25.62063389964
35.28 34.3086917646
40.7 41.549832684
29.69 29.867899366926
32.93 33.290279997966
24.11 22.889428971
32.33 31.4900563941372
41.36 39.60025302768
29.26 29.31174229263
26.54 27.125938089696
39.75 38.56842375984
37.2 36.30628950528
33.13 32.98859013012
28.43 27.5818642943321
36.67 35.3244490992
33.71 34.12260898608
30.65 29.871175244256
35.34 36.36455023152
36.52 37.3663488546
32.24 32.659558955784
33.76 33.12390495408
34.64 36.0884866008
36.6 37.85442636912
39.29 38.808626892
32.79 32.162720985
29.63 30.1741693756117
25.07 25.4144822257332
33.51 34.4080399131396
35.07 34.67771626164
32.74 31.806791686734
32.48 32.157843479328
38.71 36.66730762416
34.34 34.800262347456
29.22 28.7520834943008
29.97 30.5301140871572
26.61 27.1251290622
28.83 29.273177960238
28.43 27.0697730851548
40.88 43.52272191216
30.07 29.369281849128
30.52 30.815252993058
30.64 31.9014028700761
34.09 34.0881121656
25.34 23.8657778568
28.43 28.465140995352
34.79 34.310202588
39.12 36.422312364
38.52 37.597177668
26.66 25.9659251010576
35.37 33.7647311406
35.6 34.218455904
33.06 32.517857870478
37.45 34.92151507728
31.61 31.4940340443888
37.44 38.095409475
33.44 33.39279470556
29.91 29.9442458664204
25.57 24.8925539982
24.27 24.3606899117316
39.43 37.57829827572
26 26.38581622371
39.77 42.5697564072
29.75 30.7981815894
37.55 37.07230012464
38.35 39.31298210052
33.63 35.5667198230771
41.62 41.28325276884
36.62 34.8879140766
36.28 34.74795046788
36.07 36.0717563784
34.05 34.59868701804
37.32 34.7528369592
39.47 39.38229962016
35.68 33.9390440806176
36.41 35.086297941
38.94 37.96370955984
26.72 26.869894116259
26.5 26.85847047471
38.46 37.40693513604
25.05 23.1594273624
32.94 33.268534195296
31.27 30.53906440656
35.2 35.27503553052
26.62 26.62060302216
29.14 29.542409747574
36.65 37.07350777152
40.4 39.15145732932
36.92 36.04833125616
28.22 27.9333137561242
31.69 31.9998479529276
24.22 24.6882414726
27.06 27.04924489776
40.51 39.57629469108
25.61 26.566280038056
38.65 40.0342606224
24.53 26.0787853922496
35.94 35.35061873328
33.2 31.48987709988
33.21 33.26110068156
40.32 42.21612328188
39 41.7133775688
37.46 37.3284735096
40.51 41.53564172016
36.77 36.5586820632
35.11 36.07403823696
31.11 31.70304199728
27.9 27.7241857471692
33.21 32.73485846448
31.17 31.17038834055
28.09 28.563748305606
32.74 32.34213308304
33.18 34.2429550084512
40.31 36.37029889068
37.32 38.071436193
25.15 25.48846114608
26.89 27.48348692316
25.61 26.29010901465
32.19 32.148318154446
29.26 30.78883201164
37.03 38.57904
30.7 29.823221934894
26.54 26.83106544231
29.74 29.72323175724
30.28 29.841225714912
35.33 36.7897649274
32.92 32.052897136494
26.47 26.018207486214
34.3 33.61015024044
39.46 39.0291747312
38.31 40.64886418332
27.31 24.67484109756
36.57 36.2295681678
28.77 29.1220738569504
25.36 25.79796856176
32.95 33.623463665646
24.66 24.6259405878
39.45 40.41316461564
35.59 40.485800917488
36.21 36.2694479112
35 36.57968066508
35.64 34.180126785
33.94 32.66035935984
37.14 37.9439429784
33.15 33.3742287625488
33.14 31.822367198022
29.34 29.510907960726
35.13 33.09977934192
37.12 38.373019932
34.76 34.10631201348
29.22 28.8704888857536
32.59 33.049974430176
30.34 29.7936598668
31.12 31.058442594936
26.36 25.3588250952
29.9 30.539707813158
36.08 38.5063925622
32.38 33.1806353469948
34.38 33.55958016612
35.33 36.63380407008
39.59 42.58949952048
31.69 30.9557680488
38.92 37.8145073718
37.35 37.96964630448
25.35 24.69339066636
31.98 33.0013810161024
37.84 37.5987834216
38.11 36.2106539544
34.66 32.61312466992
28.04 28.96402695408
32.49 33.0571836594624
39.94 38.981152557
33.49 33.223936956
40.38 40.0758719646
36.66 37.03383050724
33.96 33.39770206896
37.8 35.682851607
31.73 31.459169474334
26.05 26.7979068787824
32.36 31.6683963864
35.57 36.47616517284
25.79 25.9673899009104
31.03 30.784582764846
27.02 26.8617024192636
26.66 26.6955238622151
27.04 28.3642488216468
39.58 40.22375529972
36.36 36.74444723568
25.32 24.16385077092
28.36 27.944207056224
33.58 33.873916730112
39.22 37.54690853616
40.74 40.08267164112
33.74 34.148613231648
34.97 33.69701780364
41.16 41.07930211728
35.12 33.70978267056
36.87 36.37752804108
29.06 29.176637373888
26 25.81251403536
32.38 32.165038916118
26.15 26.54568871068
31.7 32.85402655647
33.63 33.21311373612
26.65 26.47956609012
30.74 31.425701938056
35.18 34.6572569946
24.65 23.7618872694
36.32 34.96516858284
38.83 38.52028417392
38.39 39.43825013952
36.59 37.08916945956
31.2 30.9447164788445
31.42 31.9415375581824
37.59 39.4691103192
30.68 30.37990697055
31.36 31.2840874487664
37.9 38.04071624604
27.21 26.7273992874576
27.63 27.064938653742
34.3 34.48828844628
34.96 36.303980931
39.12 41.54322698172
30.33 29.573276649984
39.65 40.02080271792
36.66 38.50342414896
37.56 39.5382846648
41.01 40.71535520652
34.12 35.44370049312
28.18 27.8470465608384
26.31 26.1488594760372
30.43 31.112840116224
36.6 34.7729291928
29.89 28.992143362584
38.7 39.61535573556
40.4 44.64488570016
34.39 32.8569109902
34.83 33.4895851944
37.17 37.527426675
25.78 27.1600342649232
30.54 31.0325424794148
37.17 39.21021691104
25.78 25.59522449844
37.52 37.3495187814
40.71 34.97607944496
40.27 40.20944654448
31.47 32.1701952477503
27.18 26.0429899072356
28.14 27.8731259770944
40.02 37.9201659576
24.58 25.3389180680736
27.92 27.1783066961722
26.45 25.95203331636
39.28 41.12951751504
40.91 42.35971942764
27.17 27.61906035732
24.71 23.89238778852
28.74 29.111431495878
31.16 30.9302465958
28.22 27.81349160112
28.5 26.568957100422
35.39 36.06573420396
36.56 38.32569315828
37.88 36.30233191332
34.09 31.96045721424
40.09 38.55123090876
24.93 25.0151723064
31.74 32.8808770134
37.32 27.341041065072
36.6 34.801539525
28.54 28.89238821591
34.82 29.75924389584
33.74 32.71700118348
35.44 34.6182128136
30.06 31.1888337123994
33.66 33.45264490572
32.75 33.630829472238
37.45 39.62239229808
36.85 36.58676585232
33.9 33.26954759472
32.22 32.676845477514
26.41 26.8928804147616
29.27 29.0204455191132
34.96 33.79347213024
33.55 32.7198579
39.4 39.318589044
30.13 30.528916994208
37.95 38.7518238672
40.18 39.40872932592
37.28 36.50045311668
33.21 33.0875049894
24.21 25.46213548788
26.24 26.25876837795
32.73 33.8025542548788
26.54 25.74884627796
38.87 39.90443307876
28.7 28.85579601552
27.5 28.2533112666
39.24 37.82429401668
29.28 28.6939666452339
38.12 35.5380789234
24.54 24.12095103132
27.6 27.5064601671684
39.96 37.85949540768
28.64 27.9391883866395
27.99 28.6322465252364
24.15 25.3449536076684
35.04 35.38096415568
36.69 37.96751845716
39.97 42.17676993648
34.34 33.6404098488
24.92 23.5153679256
34.28 34.93977489972
33.64 33.32260000272
29.83 29.5876434066284
30.94 31.6068434920608
38.78 40.76190554556
34.22 35.206222834176
31.76 30.941254079118
29.88 30.0533121072058
33.49 33.55081447215
34.79 34.04591762832
39.17 39.00592168752
37.47 38.34280264176
33.13 33.401161901214
37.78 37.26495988272
33.62 32.92659619536
34.24 34.54372746288
29.72 30.292515880224
28.08 27.5863659452225
33.48 33.870890992392
33.88 33.76945469232
34.39 35.112851597664
35.96 36.38665389264
37.16 35.3504597262
34.19 33.32883705648
29.64 29.6118678762048
25.88 25.48749363372
25.4 23.9829129528
34.47 32.1479653752
24.41 29.7521190426
32.12 31.59052267068
27.06 26.909056348417
39.87 41.30484490692
30.1 29.8982155237006
39.82 39.40005933468
26.74 25.23716656884
35.49 34.36538802468
30.33 29.58235901712
34.01 33.47725531452
37.35 37.07452902
37.35 38.74523886972
38.94 40.68988038252
30.27 30.67812968031
26.31 26.996301054744
39.44 37.3811845554
28.01 27.8770958514
30.32 30.35405041224
28.91 28.6006929727296
34.39 33.15354440844
39.03 36.92041106076
24.51 23.17416464412
39 39.45210315372
24.86 24.99227129148
32.86 29.696433018408
31.95 32.5707853742964
35.93 35.26704384612
26.22 25.4165697251532
39.64 39.05421863796
32.53 31.13001151356
37.57 35.9365632534
32.17 31.72743188595
30.11 30.7939288541652
28.34 28.28738132571
31.76 32.1991661498028
25.96 25.01517160848
29.15 29.081064209448
36.87 37.976375265
33.62 32.866217397
30.71 29.9947610802577
27.22 27.00069672708
25.32 25.29383393748
39.98 38.93145571008
28.94 29.2290830568
28.08 28.671767943384
36.04 35.17610847444
33.42 33.918104452752
30.75 31.11707533515
25.65 25.08637056444
34.26 34.38838930812
29.71 29.8034043967875
35.38 35.82605074956
25.3 25.6399547172288
41.26 38.516383035
31.16 30.364587681048
27.89 28.073710200672
27.47 27.634226275782
38.76 40.40995488684
37.21 35.21213520132
37.12 38.99652164496
25.73 25.732110732
31.08 31.669841262073
33.95 33.9025654602
37.98 38.60207439468
31.7 30.64383134604
30.82 30.484874424024
37.42 35.48159360208
29.98 30.082742014398
27.04 28.1931624883008
27.87 26.995817641824
37.73 35.253041904
40.58 41.68289761332
37.56 37.26007365168
40.4 42.99766147248
40.83 43.78942131084
26.61 26.4043266354
28.15 28.5789240576
34.83 34.84000952724
32.73 32.279379894792
29.77 29.2850351544
39.66 36.2894801784
31.48 32.7094685018991
26.62 28.02248593971
30.63 30.99490312635
32.84 32.512203733302
30.75 28.572393815766
35.92 36.47656230192
34.12 35.408788726608
26.3 27.06497267607
39.53 40.39927695792
39.61 40.68387863892
30.56 30.67636374447
31.32 30.640441023054
33.45 34.5502311461532
31.58 30.704787083232
29.16 28.8893687011632
30.94 29.71915496295
39.77 40.8555366192
34.1 34.9988605196448
29.72 30.149951317542
39.52 40.44810441204
28.2 28.22425061472
40.62 43.1102912664
31.52 32.6197877155488
35.63 35.86533946992
38.25 35.89971927984
35.44 37.3047454098
39.25 37.71868983264
27.01 26.38565982252
27.63 27.94554012636
37.07 37.90258191216
39.44 37.28526709008
28.8 28.586439053832
36.66 34.44459440544
30.04 30.967936095798
31.27 31.804148092266
34.56 32.61902837508
25.88 25.40584634652
29.48 36.13842631536
24.24 23.68135502268
33.03 33.406760854674
32.77 31.62919846548
24.08 24.25330225776
36.38 38.59818487776
34.61 33.1921567134
25.11 24.96593375487
29.93 29.9635577559888
32.13 31.64706991152
31.22 28.6921881484884
30.71 31.144157148168
24.25 24.431142507528
35.16 33.42393548964
33.97 32.6443445634
37.27 37.16043901092
26.51 27.749557719
35.73 33.56649472464
30.23 29.9964416583658
35.87 36.237456972
31.62 33.743323102608
30.66 30.286449091609
28.76 29.6039424078583
28.51 28.95551191665
33.23 32.70808335024
37.27 39.17234336112
25.29 24.18656780196
27.03 26.705907489744
29.52 29.0347022762921
40.75 37.21990559316
35.56 35.39948775516
33.36 32.310266595
35.79 36.0516321558
24.85 24.2389596414
35.6 36.55011310704
25.96 26.5621298808
28.43 28.523821697622
40.66 41.09161830348
37.28 37.21644606444
36.35 36.05827993968
37.67 38.5313823192
39.22 40.6437252978
31.93 30.91838401275
38.56 37.77458747952
40.49 44.95886253468
24.03 22.94885317488
38.42 36.76853331792
33.82 32.58079563216
31.08 31.23494094231
24.72 23.626237572
32.73 31.245599081376
33.96 33.85575155691
28.34 28.9985891744628
30.5 31.5435528075564
33.3 32.105880108
33.7 32.59194510276
39.44 41.887510227
30.42 29.87002678572
34.21 35.25124318764
32.86 34.4339721709572
32.04 33.07979596032
26.52 26.66364300135
29.99 30.85942298832
40 37.13309297712
30.63 31.8722306203001
29.49 28.7155156395685
29.98 29.4584838689462
29.23 28.2515414633916
24.93 25.2743077566
31.91 32.3228430972192
32.5 34.2032268717202
27.88 27.7795603962
34.84 34.6998659616
26 25.27437874896
35.24 36.484694892
31.21 30.9435378582
30.92 31.705603452744
35.56 36.26010007632
32.48 31.7253496632
24.72 24.64765801392
33.49 32.5902451248
27.37 27.9001460455954
25.04 23.3769269718
40.41 43.11047934
25.86 25.598881332
26.23 26.9378756568
40.68 41.437767393
34.39 35.31806323308
29.76 30.2142048437752
29.64 29.8658174568084
28.38 28.150944983214
38.74 36.82981792668
30.72 31.0959862305955
24.46 25.18347936672
30.84 32.8027759952655
34.41 34.360696575
33.18 33.9605812291968
28.61 29.123126769312
29.56 29.1505646408676
34.37 33.5342618466
33.78 33.42605309415
36.4 35.721038637
39.37 40.65159027504
25.43 25.23671077308
27.08 26.988571035798
34.72 33.707647068
27.17 26.7069814056
38.63 37.720016436
34.42 33.12756037296
39.45 39.01488870672
35.65 32.768460023334
32.21 32.7066598990044
25.77 24.05723527764
36.92 36.84768752304
27.16 25.6010589900926
39.25 38.54242150428
33.31 34.6750304606784
30.32 30.63364613703
33.02 34.1754350988564
33.56 33.267873333702
32.85 34.236223060242
34.65 35.68738506
36.33 35.8691701206
37.26 38.84717340108
37.35 35.0619945504
32.04 31.551448548078
36.92 38.439774612
40.95 40.7082597432
33.8 34.0961690232
26.06 26.4668692014228
31.89 31.095857875878
39.86 41.8856374806
38.18 40.10642120316
32.79 32.505366763872
37.34 19.95016696272
38.36 40.3609245432
35.22 36.26039464272
35.33 34.860453340128
37.84 37.89404865072
31.81 30.530381391072
25.34 26.261912691
35.5 33.6236372886
26.59 26.2334992245888
33.77 32.54177810832
29.37 29.120523342414
36.85 36.12790090068
32.9 33.1083916513668
31.32 31.050050364126
30.97 28.5156629836342
24.55 25.8018883532546
29.3 29.160878522328
38.35 38.89646991804
41.31 38.75245486848
31.48 31.7203129848564
24.03 24.081073416
35.28 35.71915970988
29.3 28.9068285364855
40.22 41.29363768284
37.16 38.34256027236
32.81 34.3261859824512
35.14 33.40165623516
37.72 36.0154953366
36.5 38.07682371036
32.91 33.3746748984
30.38 30.6312831427968
37.55 38.5515445416
27.75 28.792576253568
31.35 39.65651607732
33.59 33.6458650968
34.15 35.19862409904
24.7 25.9912277298864
25.85 24.74389740852
29.13 29.155670746758
39.12 37.3286069142
27.24 26.70122268576
30.31 31.0191251110697
33.61 32.72907001968
30.28 32.2547429673706
26.64 26.531897169072
24.52 25.14173799588
35.79 33.7284042066
24.68 25.522653854454
32.61 33.367810687326
34.32 34.87496538924
38.28 35.5830263976
35.64 36.20208720528
26.27 26.162026753464
25.23 24.2706079656
31.28 31.2377973303012
33.58 32.3825425992
25.16 25.21008186948
30.05 30.7632570144653
38.09 36.90476023788
32.12 31.536251227278
37.34 39.1333504824
36.34 34.4467073718
26.86 26.846096017344
34.54 34.3922857614
39.17 37.83250699212
30.3 29.9799092606504
30.61 31.5298094770531
32.79 33.6918814110263
35.65 34.82851389696
27.85 27.9001609831344
28.45 28.50900306771
31.35 31.006455858486
39.18 40.37830319964
33.2 33.078548874798
35.5 36.76510308612
37.13 35.56125974976
40.51 38.13999222768
27.74 29.5985132786556
25 24.3915956856
27.29 26.875659894912
35.92 33.55245492048
28.34 29.28967924899
33.67 33.43215201072
24.15 24.12260125248
31.89 33.057294992586
40.17 39.72412849812
36.89 36.05588674404
25.66 25.2512921208
40.56 42.235540383
34.52 35.592929944992
26.51 26.331545710098
37.95 38.47919582748
25.95 25.8802935822
30.74 31.2589102306384
27.26 27.224889530166
32.16 31.46926415292
32.67 31.8182119014
29.39 28.2949695944905
25.4 26.04156103683
38.56 40.2270003936
33.87 33.31311041664
33.4 33.7037100984
26.6 26.506489016602
25.98 25.9918246324272
30.33 29.3625085423584
38.93 37.74708453936
36.55 36.485139492
33.2 33.642404609064
39.69 41.66966844108
33.63 33.303179205
31.69 33.0846707504448
38.25 37.57327950636
34.5 35.3004417288
29.77 30.199461128586
37.88 39.26777188464
31.67 30.509838763566
32.27 32.6200080396528
38.78 38.98024962588
30.48 29.978104373046
34.16 35.16526030572
34.39 34.49563689771
31.38 31.593951281934
32.9 34.3148031310692
40.4 39.87666133884
26.33 26.058889150122
39.1 38.32007712048
35.38 34.35980244192
28.69 28.4327237379264
36.89 36.13890789648
40.27 39.49190231904
37.29 34.4394843462
25.61 26.36045949924
38.28 35.82550937616
29 28.958210292294
30.37 30.4601811445836
24.63 23.708657012424
39.34 41.30455699728
35.21 32.3438825616
36.08 36.5146003938
38.96 37.2999916926
30.22 31.0746485626263
27.39 27.570014940798
34.73 33.5359291032
37.05 37.2220376262
40.98 42.829558044
29.57 30.371109687918
31.48 30.5690097558
31.95 32.60677931896
35.06 29.09152543164
39.31 38.40239084976
39.89 38.49061335696
29.79 29.27249401341
24.73 24.83135976852
28.79 28.5947531022422
24.92 26.3664464743044
36.46 33.73277507748
30.82 30.9858176865579
40.78 41.0810424504
34.77 36.020765304
33.06 32.42836516155
28.12 28.601238310368
37.96 38.69319307068
31.26 32.6693517925104
32.15 34.127662483638
28.16 28.886427092886
27.14 26.50775109948
29.32 29.5487663025804
36.44 34.56874595268
31.3 31.785693640788
36.61 35.75055015216
38.85 36.146155275
38.18 41.233024809
30.33 43.478392951752
36.49 35.39033366688
40.09 30.760938965358
28.75 28.69919798139
37.5 37.23339962124
27.58 27.328252439808
32.55 31.830680136
39.12 40.12941950448
40.85 42.48814007424
26.67 26.97502137552
37.03 37.609418631
30.3 30.8088961622854
28.9 28.6804854546
35.66 36.018842205
36.86 34.39437088788
33.19 31.868579722464
36.64 36.63916240932
37.73 36.206846568
40.58 38.27355596592
27.09 27.5289539340279
33.57 33.27731766048
28.38 29.030430159
38.76 38.674212669
24.58 26.001152087526
27.17 26.58434723424
39.95 41.184317823
29.84 30.408049489326
41.17 41.4665354574
34.21 33.28337020464
29.29 28.8792271690308
26.75 27.806114382462
32.31 31.999119855
39.43 41.29871092668
28.59 27.8080446223008
35.48 35.91859021776
27.93 28.289755912734
31.3 21.1709372831424
27.87 28.407627306486
32.29 31.1564572872
31.72 30.627187200792
37.19 38.88719995728
35.23 33.81569277024
32.69 31.85897742768
32.03 32.19704522091
33.1 34.6981029604212
39.39 30.57920237616
28.58 28.416549594528
29.65 29.3002175254608
34.34 32.4082104042
25.62 25.46190336192
31.76 30.1082420952
25.2 25.3868897776716
36.4 38.534840127
27.96 27.93478756683
37.05 35.82969442812
26.67 26.0220915198
40.6 40.47075093888
36.25 35.02408830492
30.54 31.11576094755
36.51 37.72585819332
26.52 26.431622080992
27.81 28.0927355097504
25.83 26.7881532546
28.78 29.856325585824
31.35 31.8424956584806
29.16 29.98871464095
27.88 28.371324198624
38.09 34.40545152624
37.08 37.20143435004
24.61 24.9709333143744
36.59 38.84723501268
35.82 34.9552663218
34.36 45.79047651252
39.62 42.00934332636
28.05 27.7078246687295
36.9 36.90185356956
32.8 31.963265852256
27.54 29.23435084308
37.68 39.89587821984
27 27.642624310656
41.09 40.13388608544
27.47 28.59926077968
29.31 30.46890575856
30.44 30.9130500284393
24.17 24.91849356624
38.65 37.80140899284
37.59 35.43813710928
39.59 40.91222673036
38.34 37.80852139668
31.38 30.5482408548924
24.61 24.858304095
32 32.7759791522947
40.24 36.906305127
39.23 37.42551253824
34.85 35.42976818868
26.78 26.697671814918
28.67 28.638556609255
29.89 30.828208938438
24.84 24.89892878676
34.54 35.577962124936
32.93 34.266677805216
35.08 36.52229114676
36.58 37.88664900528
27.07 26.738132991966
28.79 29.5319818063856
40.28 40.5631575114
32.81 32.54509714095
26.18 26.3413890884655
25.03 24.6685029270624
26.89 27.162404331534
35.04 35.983001455488
32.35 33.6772637034893
30.55 30.0127932572736
28.91 28.96016499504
29.81 29.9797840191437
37.4 39.038969763
30.49 30.39381284043
32.99 34.38269575821
32.68 32.4203960538
35.92 36.66007186164
31.98 30.97243053168
38.42 37.93314648564
39.88 39.94937033436
39.18 39.60425218356
31.48 31.550998425486
40.99 39.2776332024
40.99 38.87719311792
30.14 30.816152583
26.81 26.6496582284748
38.82 39.72083259168
24.48 22.9650111936
39.83 38.54797722
37.06 35.64572388084
38.32 37.31368578768
37.59 35.6327765208
33.57 33.38740026
37.23 36.6853617306
39.98 39.9412307592
25.67 25.01703998928
38.16 35.17321920432
35.73 35.31742962876
30.58 30.690748754592
36.69 34.52261413164
39.59 38.73854898396
29.55 30.819895815318
27.21 27.244158961248
36.31 35.39253980976
38.64 40.46779554156
32.49 31.717803238614
27.26 27.108456756216
25.54 24.32743442532
31.04 31.5214478275315
26.34 26.5399679664
39.73 38.7009378456
28.42 28.507951684704
27.34 27.5317257721356
39.3 36.97290199644
35.51 35.1921939678
38 38.40512431344
39.57 39.97966094256
33.78 32.8609505637773
34.21 33.73218509004
37.11 37.179042624
36.42 34.20438350736
32.8 33.8835860773896
39.02 37.55680773264
25.79 25.861141964976
24.51 22.83202553136
32.04 31.50171386352
25.1 25.6819001058
27.45 28.0377688649778
25.64 24.557801919
37.08 35.69532616944
24.92 29.872165339878
27.37 27.4167954566112
30.32 31.2166364872812
34.92 35.96947232724
35.26 34.7047955544
28.84 27.998812322862
35.57 34.55571617556
31.21 31.1507927031514
32.95 22.0285731384
39.78 34.31433630768
31.68 30.593540071608
30.91 30.441823615062
37.54 36.66693167712
35.41 34.1986337946
27.84 27.5325072730176
26.25 25.14667808016
32.54 34.552780303734
29.1 28.785606724944
30.7 31.3606528686067
32.88 29.391363017238
32.33 31.313257104864
36.28 35.02965553584
34.04 36.103804891104
35.74 31.119142733022
30.73 30.783881992824
28.07 28.0108498009735
27.44 27.6069341373228
29.71 30.1454537253075
39.34 38.47919601072
39.09 37.38090677856
27.22 20.99271394644
38.99 38.93848523412
33.66 32.777835230016
37.29 35.38573110828
34.42 32.54047807536
26.49 26.728872699606
33.99 32.5500977592
29.72 28.753671604998
37.28 35.6446137222
33.47 34.21502488827
32.07 31.56124728636
31.34 32.0326754092176
36.41 37.412401971
40.94 40.61191728816
25.62 24.5292845706
40.09 41.85220560876
34.73 34.221836556
35.57 34.3553728362
30.56 31.2495473940674
27.14 26.8862672797308
37.21 36.06623592036
35.33 37.8743044872
27.93 27.77819220624
38.52 36.6549780168
24.78 23.28870464208
28.9 28.800129743136
40.17 41.1773784
27.74 27.5297429305498
36.2 34.62175084788
38.91 40.5177572826
38.65 36.5381554158
36.5 37.63198319868
34.62 34.92000981204
30.66 31.011871448094
36.59 36.014202837
28.69 28.9497002068332
25.77 26.51013754416
25.49 24.3948734088
31.45 32.2524775289844
24.12 23.62492606716
39.48 40.2624911064
28.78 28.1747117493492
29.17 29.345404802688
34.5 35.31919791612
28.01 28.423525197966
24.59 25.707867126816
33.56 33.2311583592
28.36 27.577908271968
40.09 40.570226508
26.13 25.67881703196
40.14 42.1930556274
27.8 28.3813354872
26.33 25.443871104
33.53 33.079588539
33.79 34.31570884596
35.9 36.28754989056
29.25 28.533685861032
33.97 33.64988117988
30.3 29.5552072976688
34.23 33.6835867698
30.49 29.300006055288
34.67 33.3231095136
25.74 26.1355690584
37.91 38.70444559068
25.58 25.4985237305328
26.09 26.3739929115725
36.59 36.1313587806
27.47 27.364118079456
27.37 27.07457291508
39.11 39.55887409428
31.51 33.1567852795164
24.63 22.71232153932
33.43 36.248463488041
37.18 36.45817710948
30.33 30.350488928238
26.49 26.201937286962
31.09 30.52087087455
29.13 29.49723622815
36.59 35.95086893892
33.82 33.81624095472
40.42 43.47437771004
30.15 31.687375968
35.85 39.835505121264
37.09 36.85430485116
39.75 38.37764566512
33.73 33.9304989524316
25.87 25.6393802808
27.72 27.191915456376
36.86 37.21080694224
36.2 37.12586767536
30.48 30.8617597141596
32.63 33.307489780542
40.06 40.29267212532
29.71 30.38852521575
25.82 24.55474281996
37.8 39.21710316444
32.2 32.5008685193021
39.01 39.918943476
32.5 32.15381829831
39.69 39.3055972062
40.15 39.56907956592
35.61 35.40256915392
32.29 31.82912367792
29.46 29.337902068728
40.35 42.03927745632
28.84 28.750510520424
36.02 36.46226148912
24.5 24.21953292528
31.27 32.2189163649024
38.94 40.17540374244
29.33 29.549079893376
37.03 36.587721879
34.81 34.71512841348
26.74 26.31847402836
24.81 25.46546937264
26.2 25.8627966714144
29.04 27.536934059928
34.09 35.8351123896
36.93 34.81215826608
29.7 29.83350057255
40.7 40.52179672716
30.19 29.4338964798
35.17 36.12792075696
29.03 28.3804812522
30.62 30.4263465331392
27.99 27.77299470171
40.2 39.13667521584
27.02 28.100934756
32.92 33.588582703686
31.36 31.518498139128
38.74 36.98893837392
30.4 30.3593072739456
30.9 32.4088818867855
41.41 42.940955376
35.06 34.9050791208
37 65.41163333916
29.25 28.7640545851908
37.46 39.4318979064
35.85 34.05084690432
26.26 27.53676005808
35.07 36.674569692
29.92 29.07728221902
38.27 35.7672643992
40.79 43.26491291388
37.99 40.67103453696
38.27 39.75697353312
31.33 31.210432187424
38.1 36.25596028572
25.61 25.3664259523354
37.84 39.89676839328
29.18 30.46942131936
36.2 35.50585010544
35.4 36.7517237688
27.67 28.1975645349264
36.95 37.20714278076
34.4 31.295908564704
36.77 44.192661021216
33.12 32.69161272852
32.54 32.7589126551792
26.76 27.788161549824
36.65 35.71619979204
32.15 30.771847224054
39.05 39.1598104734
40.32 37.76807792364
24.06 24.5264757282
39.64 40.61002889232
25.86 26.3615589557952
36.09 36.81140511276
26.98 22.2181447468992
28.04 28.4185096555068
36.7 36.67107641148
39.32 38.70633092076
33.67 32.90171917824
30.58 30.6972527829036
28.03 27.9455964900048
37.53 32.2470442287744
26.9 26.469827998086
34.64 34.0181158086
36.89 37.47444811596
36.8 36.28988164272
34.9 34.0481782038
34.98 33.51050592
33.2 35.4806731376208
28.11 27.370450428288
25.34 24.7463156232
36.66 38.96428896948
35.28 33.83191218816
36.96 37.73648679024
28.04 27.976643599086
27.33 27.7714566505932
26.76 26.7333476804659
41.47 41.921698284
27.15 27.277379665056
25.82 26.1250208895456
37.36 36.8683432434
36.33 34.6628415216
32.15 32.1905242578612
28.71 29.215770314832
26 24.97640656524
35.43 35.33992379244
40.92 43.04326761504
30.49 29.22386687463
37.1 29.756445825312
33.74 33.39059993316
38.74 37.1070287784
37.18 38.090763999
35.96 34.32803812272
33.66 32.91721080252
28.92 29.59342290048
28.92 29.309130216774
35.83 34.65265762476
35.83 34.02128753808
31.34 30.94247517375
33.77 33.3984032226
32.6 31.96937822715
34.35 34.8406320366
33.39 33.442615923168
34.84 33.3381382374
30.57 30.217999605216
37.83 40.2100720974
37.66 35.18428749552
27.37 27.9559888546884
24.64 24.15834447912
30.6 29.8107995350272
26.71 26.6754229882959
30.59 30.3306211775295
28.59 27.497488415472
30.94 30.8634906185316
33.56 31.681261596
33.61 33.29002985679
33.09 34.193322738144
32.71 31.529950067232
36.86 35.91485716944
36.14 34.15442248884
40.24 37.69718259924
26.3 25.7916382509228
27.3 26.4546590586
29.24 29.25493931403
32.68 31.314991653816
28.31 28.089911358054
26.42 26.2218715763942
40.48 38.84334545988
31.97 31.33833251595
36.72 38.03645318832
33.09 32.201102656518
37.71 37.720776357
35.31 36.78951803052
30.68 30.140525080416
28.35 28.8820293635682
32.51 32.7422428659648
39.33 38.6523425976
28.06 27.6223793122524
33.85 32.44260475248
29.47 29.5087730086944
30.09 30.0607415115955
36.28 35.1330871698
31.19 30.24631399536
28.43 28.5395628042
24.4 26.6070984259584
39.38 38.26361534076
39.16 41.26515204012
30.4 31.48616854116
38.44 39.15682362948
40.15 40.20614962596
32.83 32.2026516282
31.16 31.42721843865
24.81 25.765785916128
30.58 29.2961906264292
30.16 30.03825767223
32.44 12.05413725492
32.49 30.9008604672
37.8 35.3195262432
31.86 32.7187246693716
31.02 30.375327462624
25.9 26.1177867571644
32.74 33.304187912664
27.06 26.2215420648
25.2 27.3093235009555
27.58 27.6744561336
37.82 39.37929713808
24.43 25.4565285984
35.73 37.68835316688
29.55 30.525025134312
26.23 25.9669617943212
38.15 38.8902792528
33.61 32.240807199
32.02 30.75240574044
38.98 39.20108788332
26.69 26.29631652768
41.37 43.504613403
25.87 25.5893822116572
33.99 33.984785886606
29.39 28.862264631
26.81 26.4545829946272
34.85 34.016637804
28.04 28.76668853436
29.1 29.0030250289981
29.21 25.49925746208
26.97 26.9022009568212
39.7 39.69428279664
31.36 31.05337258452
28.04 27.74244311451
40.43 44.141214348
40.79 39.49211958156
29.04 28.68241749327
32.13 31.885446873696
34.17 33.97371465168
27.91 27.5186912688288
26.96 28.725067387758
26.89 26.8254731367456
32.55 31.70432434116
24.17 25.35897672204
36.48 37.96576454496
36.75 36.4388214618
33.1 31.200620724
31.61 32.1633428348784
29.12 28.98225421323
26.46 26.40275189232
24.94 24.901330000176
25.6 25.78641625296
31.76 32.042459205864
40.06 36.15820779264
36.53 35.88788120268
38.61 38.1606209262
34.27 35.48587863564
29.71 30.17429162364
26.16 26.254781532
31.39 32.7695136682176
26 26.93056265712
34.75 34.69636734012
26.64 26.38455313968
27.04 81.4659549534
29.11 29.662374760362
34.16 33.2978946906
25.86 26.72293274928
25.12 24.3297473862
34.02 36.167222865168
28.48 27.60631087068
36.86 35.9682070368
35.4 35.28441569136
34.14 35.96666417928
38.28 36.65287278564
27.69 28.15448227035
37.56 39.98320144596
28.54 28.225031619672
24.19 24.1504348005252
32.26 32.004747538758
41.37 40.4590495278
39.94 41.8294342494
30.99 30.0374598042
35.53 34.99660173924
35.69 34.6535209578
26.11 26.49750291216
36.76 37.79497011888
34.34 33.78057726564
32.31 33.65499982956
29.38 28.83046010928
30.58 29.81424581247
33.72 33.089061555
34.78 34.43964604704
32.82 33.8476182274788
33.59 34.2704329954668
35.05 35.00672346036
40.6 40.97044944432
29.84 29.998468855398
32.56 33.7935354976368
32.62 32.18336200692
28.03 27.086604496878
33.01 33.464066463
34.01 35.4260216142
31.09 29.6780994170256
27.58 28.023790047942
27.88 27.302645266728
28.48 27.860721310446
30.87 30.449229933462
33.72 32.44867940544
34.63 33.90455833776
38.7 37.08182333052
24.87 24.4142408808
35.88 35.70952597296
38.17 27.11062944768
26.01 26.35147187412
29.71 27.961734501726
33.67 33.72084702228
35.74 35.6014196088
32.77 32.0999044384812
39.9 38.21404678092
28.83 27.6704688306919
24.33 23.614227615
34.46 35.61466404132
32.9 31.20562737204
26.22 25.7759748666
36.29 35.300763684
26.52 26.22204193248
39.08 37.1812335864
35.2 35.2699741494
31.56 32.2984307322696
30.2 30.4949060647968
39.14 37.06931793084
33.73 33.21686190204
30.95 32.2958794680027
27.4 27.798563239614
26.81 26.871361521696
38.72 38.5373982312
34.07 34.25693679648
28.37 28.9443431049312
36.02 34.30753328028
30.32 30.2786849655094
28.89 30.065665562118
39.1 38.9647659816
35.24 35.1538491672
24.5 25.01784794772
28.5 28.94461261056
24.65 24.6243111936
37 34.81348388064
29.89 29.0791496279268
41.32 40.2425469486
29.66 29.6500590801204
32.77 31.2648247272
39.3 39.12505589364
29.03 29.615636914776
29.74 29.766105232008
37.91 36.7622530896
28.18 27.87818055012
40.2 40.07003661516
25.99 26.32004182788
34.97 35.01514975008
37.93 39.40644565872
25.64 26.279485705056
34.3 32.80772730972
31.91 32.8120694964972
37.05 35.82179628912
30.64 30.9000685962811
35.39 34.54158829788
33.86 27.04989736812
27.92 28.2128379781835
30.37 30.95324763084
30.55 29.338797533118
29.64 28.76772086784
27.58 27.38790505872
31.74 32.2340092968468
31.32 33.936291962976
38.2 35.35548762096
32.87 33.5094098887308
37.7 35.4485922936
25.83 24.54175070832
39.86 41.8868152584
33.24 34.322093972507
36.73 37.33263065052
24.98 26.31641424327
37.51 35.8259748846
38.77 36.32552615844
32.45 33.7495769525179
35.01 34.62817768368
24.15 23.59494019044
28.09 28.220848951128
29.95 29.501586472519
27.69 27.2239480065156
36.21 36.25782490044
33.66 33.8800732476672
27.04 26.8424312228268
38.29 39.14240184324
33.65 33.96650848452
31.64 30.956475611358
26.35 25.61376112884
33.4 34.6607818627488
40.18 41.08767694404
27.07 26.0895127862448
38.08 39.280744587
31.37 31.665048826914
31.67 30.845101330872
31.25 32.1754292968788
35.72 34.054420029
30.2 30.6246925607407
35.65 36.68340696516
30.8 30.6375379665612
39.22 37.26229177068
34.34 34.16390978772
34.24 33.33868189476
35.27 36.92706771888
39.17 39.33347849388
25.85 26.509295513694
27.05 27.589024209312
27.55 27.12800217324
27.41 27.739385692632
30.83 30.667574636982
29.57 28.30605798087
31.73 31.204376274
36.86 34.51208591856
35.46 34.5446155464
31.09 31.8198173443671
32.71 33.2892170266044
30.37 28.9837447949211
28.56 27.7738320231965
36.73 34.9031426616
25.29 26.16020668164
40.76 42.8024322576
39.87 38.762176044
40.5 39.92409542292
37.45 35.31446872164
32.99 32.9526976608
35.41 35.84404751796
27.6 26.9485376335574
26.98 27.36817641648
28 28.54422341604
30.59 31.620771251358
38.92 36.82965186
30.21 29.493984969984
40.68 40.8989337534
26.11 25.2960207912816
32.26 32.80797134595
36.93 38.7061582968
34.88 35.2566399558
31.55 30.214084024134
31.78 31.5030146270484
38.67 39.4010862138
27.44 27.48498898176
34.64 33.35416796304
38.06 39.566603508
38.12 37.15963207164
39.51 38.9190179754
39.11 41.15402125056
41.09 41.040765741
26.17 25.1031328854
40.51 40.06391757936
32 32.745985089
36.78 36.79615300848
30.59 30.0023012187252
36.57 36.25272970992
24.64 25.39484659404
35.28 36.83524507632
29.07 29.27903766999
24.01 26.96216148204
30.83 32.22814370064
31.99 31.67670564588
29.85 30.145084058142
32.8 34.1136349440468
37.95 37.7978679846
38.31 37.52772630444
30.17 30.6991509861024
39.83 35.911235439
35.16 35.14196136204
25.33 23.90940534204
30.64 31.232352935898
26.1 26.5353460858656
34.68 36.073116916704
25.02 25.27523963808
31.77 31.549111441614
28.84 28.6114199394
34.83 35.20672031892
26.97 26.172132953448
37.05 35.62548661548
29.29 29.8613803982618
29.85 30.028383081576
27.4 27.88298218224
28.33 28.69218298224
27.8 27.700408560264
35.7 36.2398998294
35.27 34.9010143992
30.37 29.863000084536
29.57 29.131685910474
28.45 28.348606018518
38.21 37.8430796826
26.32 25.04662180848
28.95 29.955510231678
28.59 28.2166342385098
37.67 37.93029760332
36.19 37.988388261
32.95 32.2411560966
32.33 33.4414722466512
37.99 37.06392490812
31.5 31.8235659809748
34.4 35.40909270228
26.13 25.1506562178
36.65 37.32374328624
40.42 39.83888636928
36.13 37.7802731322
32.76 33.246042975
36.79 35.28198116976
30.86 31.2046646030208
36.71 38.6168092584
36.6 34.17254041716
29.85 30.402151747326
30.16 29.442580615902
31.83 31.04117421252
33.4 34.6646661400188
25.52 25.122030637728
34.23 34.11394421868
25.19 25.861624734456
35.55 33.91353305748
24.07 23.51738370096
36.65 34.123638636
29.65 29.8597415646492
25.19 23.51793032436
27.4 22.87797088668
32.64 32.058641667486
26.98 25.92125775564
35.83 35.0967434616
34.25 33.42095754288
37.61 36.0261569946
36.15 35.3320988472
24.74 23.722668283632
28.48 39.98581908948
29.87 29.7411616428156
31.91 34.0727041456188
30.52 30.1985346696042
26.88 18.687015228
39.08 38.102759916
38.77 36.9984414648
30.41 31.488378362286
25.09 24.8246110823328
33.24 32.796025443
27.82 28.5223780728
37.64 38.6117852184
25.85 25.5244963808052
33.35 32.340505293
29.62 28.9552289458247
27.41 26.424843303912
25.89 25.784811455094
32.73 32.40204703596
30.02 29.902163308512
30.89 31.69684827195
39.45 39.5075736942
33.5 34.75519151676
37.38 36.43307876592
32.87 32.63352002352
28.53 28.1950131901808
36.02 35.21552741652
29.92 28.816473660102
24.76 24.24106723236
25.15 24.55567503732
28.71 28.28773175292
34.44 33.5035551078
36.31 34.8465588024
34.83 36.786834322872
34.19 29.50717277808
24.49 24.59027165136
29.78 29.9294504405954
39.13 37.95376816176
29.97 30.3269110444548
36.95 37.9061758638
38.52 39.54461160564
28.93 28.762403344752
29 29.223430003062
36.9 37.05725933376
34.01 34.79110407444
32.85 32.3599259982
36.08 36.65919810672
35.25 37.02625123344
24.65 23.9725952784
30.07 29.583684081696
26.36 27.2153652132399
37.26 34.921377045
38.14 35.53952624448
32.75 33.8643835017756
30.05 30.665533000032
33.99 35.353107925776
27.57 28.153701207198
30.78 29.945531406552
30.39 30.7944852437533
24.64 25.24920772176
34.14 33.6558633498
31.83 30.653681614272
26.62 26.88778752288
39.22 36.3215628438
32.25 31.21094767284
35.18 32.93091835668
35.36 36.05966396628
38.83 38.19884958192
41.85 40.296834108
30.61 31.093751970696
39.21 38.258891136
40.63 39.04821832572
24.39 24.515136756
24.84 25.698665412864
35.14 35.31339149868
38.55 39.19544982468
31.7 32.1055740618624
24.23 24.42371200848
25.61 25.621696575
36.15 35.8414478136
39.24 36.78212496624
35.22 34.05430187604
33.4 32.9624748648
29.64 30.37941309579
39.77 39.92632984404
39.93 41.15963999748
38.41 36.65040696864
31.75 30.296323404
29.07 29.400131954526
27.46 27.40437517584
24.04 23.34209225916
36.91 39.18502016988
25.65 25.68699882864
36.32 34.40836432224
29.91 29.36148257907
34 30.562675178976
41.13 35.176682928
29.55 30.697267318446
39.43 39.7072925688
29.01 28.662451773792
31.29 30.549480886368
37.5 35.281933803
29.85 29.9488657577676
34.63 33.94377714672
27.08 27.033953140998
31.56 31.962973953648
33 32.49804066864
41.19 41.78594454576
32.39 32.09428233156
28.58 28.8349841584368
35.8 33.95815011204
37.36 36.18257404332
40.02 39.09208082256
28.54 29.573046890118
34.01 34.80751983228
38.65 38.2307791338
32.06 32.321934116832
35.97 36.91899418932
36.31 34.7415791112
32.26 31.296191208408
35.4 36.74065947984
35.4 35.38007722644
39.1 39.322505916
26.21 26.2446228258
34.89 34.50746546352
25.9 24.9200462448
36.59 35.95053104304
26.57 26.09096599383
38.36 38.0390137146
37.28 37.52354364708
31.37 31.3262213986356
27.8 28.19858928816
35.72 34.04393111232
24.74 25.35988941921
36.27 38.35440688752
30.39 31.5770099071815
38.58 36.7076773494
35.89 35.02123505244
39.42 39.02793921036
33.44 34.49239637796
27.06 26.401522905594
35.8 37.42415232192
29.82 30.1164324348943
38.12 37.98228543408
38.33 57.44913377904
24.55 23.8927009578
30.01 30.55312564164
29.17 29.212668821598
31.55 31.46023477515
27.47 28.51119112443
37.64 37.8794546688
36.42 34.46796643056
40.34 40.24575939252
38.5 37.3102942014
36.46 36.982328652
33.04 33.41866056219
41.35 41.44155592992
36.7 36.81471374592
39.63 41.01032577168
35.36 34.73254207152
38.95 38.50262321808
35.47 35.11794049968
31.8 31.5038302019712
26.89 26.61812583696
37.7 36.19714806
25.94 24.91195569876
33.88 33.36985224252
29.25 28.4009364738396
32.46 33.1372264600819
37.5 36.85042309068
36.79 36.168923148
35.54 35.03292269604
28.21 29.3198211463284
36.09 37.16179563744
31.16 31.957081802718
31.56 32.594269241184
33.05 33.448099506462
27.15 28.534792864608
38.75 38.770763679
29.75 30.503624287608
27.99 26.89104715239
26.68 26.543770569
37.94 37.45544368284
33.25 31.93286981904
24.53 23.44882431024
36.04 35.49225162444
28.49 28.289730845664
40.43 41.22754639536
30.73 31.6728657643815
33.56 35.2245978889344
32.5 31.694019004056
30.5 30.7907374068658
26.97 26.14497189936
24.42 24.1914218664
32.43 31.980162417792
32.83 38.45362160244
33.42 33.809742907806
41.13 38.4808052802
30.17 29.54128655871
36.97 39.37611755196
37.82 37.3807185066
38.98 37.571745495
31.7 30.57640910928
25.34 26.8409047223232
29.66 29.33118368496
40.49 38.57302083696
37.95 40.62305099436
29.41 31.117654008096
37.82 35.91219509808
40.57 37.601332956
28.36 28.6312742405244
31.69 31.106716911072
34.69 33.71185357824
28.61 28.5684823993044
25.09 26.63459522016
31.68 32.101539131142
28.68 28.579321067526
32.73 33.1087628470356
24.55 25.41869588652
24.01 23.83152292272
32.61 31.8401714904
30.89 30.7257894528675
31.24 30.88300700223
26.74 26.4356739917856
32.41 31.9774925784
36.13 34.32352594896
30.11 30.622964395703
37.09 36.51918817524
28.64 27.978186755094
30.78 31.3969579329024
37.98 38.7541080576
32.65 32.515980902766
36.27 34.1080995672
29.37 29.33702630784
31.7 31.360842647778
32.23 33.8335361723916
32.62 32.5178863776
31.43 33.028194871542
33.13 33.7477527858912
39.95 40.9308071736
38.41 40.04905077708
26.88 26.79913757511
32.37 31.7808582798
28.04 27.96922700832
25.62 25.9740456965184
25.4 26.10309997452
32.28 31.513136831334
31.47 31.8520398529994
36.38 34.2923896962
34.78 36.32789282364
31.79 31.696264306267
33.63 33.842159019294
33.13 32.43935983536
29.82 29.84303284407
39.16 38.88496157772
31.33 30.602961783192
33.63 34.40403160896
37.11 37.9345311642
29.7 29.7956127600036
32.22 32.942271944706
32.17 32.0397797975424
28.5 28.473902598168
32.44 31.860566372136
41.17 41.93999740908
34.85 36.6789853278
27.02 26.7209376090588
29.02 29.590187677182
40.1 42.6667236216
37.79 36.36007074828
29.69 30.1428427264227
35.79 37.087684743
28.65 29.773838506494
25.55 24.348646281
36.74 39.07533368916
33.13 33.2823230255808
40.17 41.54888906964
27.51 27.8006934490992
29.4 29.7042480457164
37.26 39.28371555312
36.91 35.65847575764
39.6 39.88025569104
32.73 33.5528556082752
40.99 40.791857688
38.54 40.29234648624
35.87 37.20224179476
34.35 33.955406532
31.79 33.0915686867712
38.42 36.81732310524
24.91 24.0399663864
24.46 24.6085649706636
33.67 34.6215658734048
28.54 29.516425023342
34.65 33.08669433036
38.15 37.7665282392
35.92 36.5092013112
40.37 40.32231105648
28.3 27.6772065008323
31.56 31.095461579208
27.86 28.2586046328
29.91 30.1552488698496
38.2 34.85600677188
28.31 29.281115570592
40.41 41.0093056824
25.98 24.99029369748
34.6 35.607844418016
30.52 31.5668930454156
33.05 33.3801452461584
33.16 33.0979398387264
26.58 26.8497215208
32.02 31.725456841008
34.55 35.16300698196
24.66 25.94280288996
32.02 32.1094724493888
27.5 27.24481374444
39.04 39.3484284918
31.06 30.214027104366
36.72 35.21995219788
28.84 28.1755194602216
24.87 25.21178020656
38.23 38.20640922
33.04 33.416162563062
37.42 36.89448917508
30.84 30.85000320375
34.37 33.7552340088
39.46 43.56604100028
34.62 33.45261539796
33.97 32.46028302
28.35 28.310847821952
37.37 35.2960694106
36.46 36.49429813296
28.65 28.8001184864628
29.63 30.7363459886247
28.29 28.212050002272
38.37 39.31031317068
31.61 31.110578500992
29.84 30.2940807816
36.74 35.50798896804
39.2 37.802834373
25.2 25.32520769724
34.48 34.14543781908
40.05 31.8172121166
29.72 29.786301223416
29.14 29.524763855592
36.62 36.0006751542
39.72 41.0242212066
38.08 37.4188141296
31.87 31.131179698656
29.34 29.63524923072
28.4 29.2180577853924
28.95 29.4232766902452
27.14 26.824741012512
25.68 24.75397628496
32.32 33.2447641463843
36.19 36.10559878848
28.51 28.762289815392
25.87 10.4350542126
35.26 36.91906669596
31.87 33.1046501295948
31.16 30.8521954343952
27.51 28.20931647792
31.98 31.5412035351924
34.09 32.79002478192
29.62 29.0914499271146
35.56 35.38021969644
40.81 40.58727548652
38.05 38.3154001782
38.17 38.9368256202
37.73 36.008901996
28.24 26.88114514608
34.29 35.2173778632
36.97 37.83719496108
38.38 37.502250447
32.38 30.861951812358
36.87 38.8939457016
40.02 42.4719936288
26.18 26.286405156
40.48 42.93548578608
35.41 37.8955055232
29.14 29.2628938995648
28.59 28.3243556454816
39.36 38.92429159632
34.28 34.02481030908
37.41 36.85734430512
38.97 38.10611397204
36.6 39.1670622504
26.11 26.4434120287983
28.94 29.287397773896
34.9 34.97215392
40.11 38.214176868
25.7 25.95519803472
40.58 39.19860893484
27.33 26.8195325709024
39.06 35.477774055
36.9 37.98339228828
34.06 33.90648505392
30.71 30.523036459518
35.6 35.32844128416
35.09 35.092779909
27.7 27.46128410187
28.51 28.85977498704
34.22 36.104372448336
27.94 27.9389404326
31.32 30.592067722368
36.87 36.5013089784
34.12 33.98828987388
35.22 34.60548722076
31.87 30.376273706808
40.61 38.93183731536
37.27 39.2760170898
40.62 39.59434845072
40.6 40.56666927132
31.15 31.04823901356
31.15 32.2603059896064
28.7 29.1089793583584
40.92 41.37159302172
36.86 36.305516397
28.33 28.74203902512
26.14 26.498293510434
26.46 25.779716172
27.73 27.85560707556
29.29 29.780952586182
36.93 43.5174536958
37.92 36.54887775732
38.7 40.93461417696
39.18 39.4156882848
31.18 30.47955746532
29.03 29.070925764912
36 34.93356784272
35.2 34.63102393584
37.36 36.48163646052
34.95 35.05363779888
25.44 25.569053584584
27.61 27.212488059
27.72 28.1320519250866
35.97 33.97666479732
25.96 25.249994064
29.78 30.593994231942
32.83 32.19534351687
36.71 36.97771928112
32.41 33.605607929298
31.25 32.1578718808503
27.43 27.8767713144
37.61 35.66245115184
36.86 39.01664254128
35.09 35.31920839152
37.98 38.965879404
33.05 34.1640551635282
28.71 30.17345910615
26.06 25.99357464516
39.9 39.78766196592
36.7 38.27757387708
34.72 36.246076903296
34.44 31.041453637932
35.21 33.18773493876
33.05 32.532854089536
39.63 40.8675228984
34.84 32.37640115604
39.4 40.68192678084
36.74 36.72707319492
36.35 35.87481102768
26 26.349917097144
29.93 29.7339050359786
40.38 39.1840032078
32.2 33.69884231676
33.95 33.6238841943504
36.85 39.4774624494
39.75 37.76435249328
34.49 33.21090265932
39.77 37.88179838676
39.95 38.63414781648
39.12 38.53551906156
27.88 27.4514374443648
28.85 28.4544321558048
28.23 28.042428134166
26.81 26.4884307357312
25.22 25.4216667980448
30.18 31.203247257654
26.86 26.346239533536
36.54 35.34376350768
29.58 29.54229038436
31.55 30.005869028256
30.77 30.551347326384
41.18 40.2068312424
38.82 38.76098943024
36.63 40.43116616688
30.19 30.6734069317164
34.21 34.5625647288
37.44 36.02819763696
38.03 38.7032187498
33.67 31.88403246672
31.3 32.4011858208156
36.64 38.55340183248
40.47 40.68850869828
30.3 31.496164720296
33.31 53.785326191934
27.57 28.70324127072
36.62 35.7009066144
37.57 36.4072161
25.13 24.9608328984
30.47 31.175817049224
40.73 40.50736344564
33.5 32.088430169856
36.35 36.3055198314
38.45 37.86866180352
38.16 37.3721732328
36.15 35.32850115552
37.73 38.45384015568
29.28 25.74787695024
32.69 33.1248398980188
25.24 26.3866866820356
31.38 33.050370071694
39.04 39.2035126824
34.96 34.00772988276
33.67 35.895560393802
33.15 31.5190119906
30.32 31.3745842423728
30.97 31.153476637752
36.71 36.00801619488
38.52 39.88553802444
33.61 31.2560791374
33.63 34.682472167376
33.9 33.85780505652
26.63 26.0904792710988
35.88 34.12621893828
33.58 33.860181883374
28.44 27.865977504864
35.96 34.2429758136
29.96 28.85477763555
37.99 35.843092299
24.96 24.641330786658
30.59 30.46497174351
37.78 35.5225411128
32.45 32.666451397248
34.94 34.05591397008
36.2 39.13096434612
41.07 41.599708956
38.14 39.2416821576
30.6 29.73641190255
38.13 37.99776851088
32.48 32.336734361952
26.69 26.91561384048
26.59 26.14421984148
28.04 23.5566763417716
29.52 30.171056878728
39.23 37.985040423
34.41 33.9369519768
35.44 34.119274284
39.25 42.35375552796
35.31 34.72274685456
26.76 26.954780786496
38.05 38.56085643216
32.51 32.955504055362
26.95 26.912088518022
30.1 30.3958944871008
29.71 24.437694716334
38.07 40.00663014576
33.23 32.04493341852
32.74 32.277332365032
32.83 32.7199301766
35.3 32.87260873236
24.68 25.18730968272
38.68 38.8569860832
33.08 31.52370483312
35.41 35.44045538292
34.26 34.71813858204
36.16 36.88133930064
24.77 25.20160132848
26.55 26.7689373122052
38.9 57.4097988528
32.99 30.9419606022
35.9 36.47529890784
34.03 33.82627076532
29.11 28.9779292863936
38.94 38.55279204144
40.92 41.1971755272
39.18 38.71550459952
37.19 38.2759142808
38.96 36.83949847812
27.68 27.38906989359
30.58 29.836994192502
34.61 35.711278428
37.71 40.8139448646
37.29 35.2202654064
28.06 27.596549853504
35.02 29.2869641460672
31.55 31.855289980128
26.2 26.1616451613888
28.37 27.978508608096
34.01 33.2168239104
35.15 36.11209139532
37.93 40.14964899312
29.65 29.6682998347337
33.34 34.55321515716
38.11 39.35073401712
31.61 31.396279072782
33.83 33.160282185798
25.02 23.8534485768
31.16 30.33978877455
39.05 38.30490588972
36.81 38.1853083078
35.96 35.73779668944
30.08 30.143820767166
30.7 31.156015291374
36.06 34.4183275554
33.92 33.77450024112
28.73 29.298053780664
34 35.2355350509108
34.01 32.3809138152
27.46 27.3923464210416
28.61 28.0832851105956
35.31 34.1727933624
32.11 33.010930287288
39.19 42.75948927636
36.54 36.84693260304
36.69 36.02364919164
31.57 32.4315183824508
39.94 38.2087028046
27.56 26.7405157985856
33.48 33.266084175414
28.14 28.5947483958
37.81 39.20091797664
39.88 37.38304642356
28.07 26.9996719728
28.68 31.6693368050112
33.64 34.3018973837376
33.59 34.4260692905724
39.31 39.041357583
35.31 36.41522212704
32.84 33.77208035337
29.13 28.6467048845664
30.6 30.321914357694
29.51 29.8656241849657
31.79 33.1212016941792
39.06 41.63439011088
38.85 41.51088765936
24.38 24.4425311716896
29.16 29.064676313178
32.94 33.990417686256
39.82 40.2035647608
36.61 36.99790216992
30.87 29.916139655178
34.35 34.83796553472
28.84 28.849210068768
29.36 29.2320315454764
37.74 37.28393621532
29.21 29.49377185761
36.04 37.2862088664
40.16 38.97006120492
27.83 28.3618275623717
28.8 29.513673959064
28.88 28.8875334004128
26.85 26.9526285624
31.66 31.03450637643
27.89 28.78162350183
37.25 37.95050355552
28.28 28.124131432824
37.07 36.52349807856
25.74 26.31517808844
36.95 38.6058570936
24.28 25.9209946727885
38.33 40.22449861104
27.34 27.17022291696
24.97 24.16458985488
31.27 31.45099934187
38.09 36.07307826096
27.45 26.5836406482
35.72 37.1735444664
29.94 29.67514519632
34.09 33.86206961616
33.71 34.840223821482
25.65 26.1530559758052
36.08 34.6283035422
27.93 28.0074333051634
27.05 29.426214392568
27.78 27.80816241696
32.16 31.70857553532
38.52 36.3537817746
26.78 25.68908652228
31.49 30.72323281968
36.76 38.00689631664
27.67 26.47149583692
39.25 38.64640116912
33.78 35.719999794
30.71 31.016478400992
37.86 37.9417476726
35.66 36.6899051838
41.44 44.42273635824
37.97 37.9026306102
26.26 24.82107777264
36.01 37.6591984872
26.36 26.1944437128
36.04 34.83105738432
36.16 36.39719098944
26.32 26.478922350648
32.65 33.6054864043258
25.32 25.7219609166
24.26 24.083773226016
38.81 36.26357811924
25.13 25.0969123424736
27.83 28.47099588096
37.26 38.27740102236
25.46 26.8359690805692
34.47 36.31062077748
37.64 36.9952821966
36.55 35.63531340816
33.57 35.231200990272
38.11 37.2556002498
30.81 30.372619199982
28.18 27.7725589192425
32.95 32.13423566832
31.09 30.367666130784
37.47 39.7398197034
40.93 39.981068268
29.17 29.444406132192
31.88 32.9299257953028
27.53 27.4440963680928
38.68 38.2445288544
28.94 29.377043369496
25.51 26.1575365187016
26.94 26.0700002106
26.48 26.8764642522
32.12 31.85775332388
34.83 37.0387594524
27.52 27.1919631790767
28.71 28.438385795928
26.15 24.35629344156
34.15 33.32692663344
39.33 40.45918923504
37.05 38.72915636016
32.14 30.33724933872
28.49 29.024634638358
32.18 33.1536440702892
39.99 37.59938661648
33.61 33.62774010804
30.93 32.758984071102
34.96 35.399369196
37.33 39.04832139888
27.47 27.61195888452
39.15 40.39146985632
27.45 27.33196966788
27.92 28.0145087239104
33 32.150937288
25.5 25.8908604870912
33.04 31.13094512592
39.57 40.56734072196
28.46 28.081337102016
40.03 40.7591297112
39.98 39.70237819572
32.97 32.10140723952
29.56 28.7998108918063
32.43 31.804158530016
38.59 38.18320268436
25.67 24.96006977004
33.83 33.121082436
29.29 29.531947514958
39.95 41.9812630662
30.58 29.4764718356487
35.82 36.24971525664
35.01 35.4590539032
28.84 28.2663102355188
28.88 29.1995104927836
27.27 27.11031980736
27.62 26.65909569072
27.8 27.6932055457356
29.84 30.84043035888
31.28 30.72168782127
31.3 30.810231864366
32.76 33.8393285705484
30.96 32.4020479997436
40.71 43.92742525068
25.24 25.17370785648
34.75 35.52862630704
28.51 27.8733730345344
34.3 32.60733252012
26.35 25.7785551054
38.46 35.95087458096
29.17 30.9220344342
32.9 32.58059167872
32.81 33.6592638648
26.16 31.1814964584
38.78 41.31459525492
36.53 35.42813902224
27.98 27.87670325448
25.76 24.8868899928
30.98 30.035475971886
39.38 39.71352358716
39.2 37.7213964942
31.14 30.021964984896
35.87 35.63167941696
39.47 42.1434758766
33 32.5977281706
35.81 37.4832598674
39.74 36.964794285
30.8 31.4656407898093
36.33 35.7608888184
36.62 35.6597420184
35.14 33.542588133
27.08 27.2355022602432
27.17 26.9420577691044
38.02 39.41004915828
28.98 29.3735053446
33.9 34.2738063144
33.05 33.07624358412
39.24 41.9623977246
28.99 29.24462836116
25.72 26.1355166128224
30.02 28.95079027515
34.5 34.87166540976
33.55 33.7550094186048
35.26 33.507875457
26.05 26.55814272768
34.05 35.37062350956
27.67 27.58333526244
27.03 26.38384251504
30.49 29.7175646484348
36.81 35.1112842192
33.63 32.9389791402
39.73 37.8013326264
35.61 35.78736900912
24.7 24.96520867392
28.88 27.77297976963
28.3 29.397576665856
26.19 26.253112554462
27.82 26.530982172
26.89 27.7476974391
29.41 29.2684078063389
29.24 29.032717123392
31.74 31.632012079974
36.66 39.40467706428
28.72 39.389640609342
32.15 31.65544529127
33.38 33.2081262
35.61 34.13247132144
37.21 36.4303157184
40.72 40.66480901232
26.1 26.2134052628592
27.85 28.4331918294
41.54 41.55292227888
31.1 30.259551119328
31.46 32.6997969928452
39.16 38.39440052988
26.83 26.86924288167
34.31 34.04316496176
31.18 31.536424422246
34.22 34.46887155408
35.82 24.17020414224
36.5 36.83718716028
38.95 40.9839901128
26.33 25.75628882136
35.67 36.45118694448
30.12 31.2753784392
29.98 30.557537220312
35.89 35.90771846832
32.38 31.9779825624
31.74 35.5446006034176
38.27 38.2900615992
35.42 35.98741029108
35.31 36.51372936468
28.44 29.909132185326
25.49 24.4861979448
37.52 36.40367621556
35.6 35.35566687276
40.37 41.50067023836
32.58 32.144264805192
38.16 39.52729175088
38.72 39.08138974896
41.76 42.3250323144
32.37 34.0398883422816
32.01 30.9682928952
26.98 26.496722185248
27.91 27.415833326088
39.47 39.71654541504
25.49 26.5831246367424
37.22 38.13354212076
38.53 40.07393095056
34.98 35.38843475952
29.59 29.3499181376631
28.8 29.143680875598
30.16 29.07603835344
26.15 27.3037832870851
