31.81 33.0238778780304
33.4 33.3956896824
36.48 36.5059341432
32.49 32.30110781955
26.31 26.2068567355008
40.9 41.650588347
37.3 35.92572003372
34.85 34.74796820112
27.65 27.9615085368
39.52 37.48214382624
27.73 28.0850946314112
36.09 36.637474545
39.43 36.33100100676
33.92 34.45857593232
29.99 29.72518665075
29.76 29.167086811086
39.35 39.65474322444
26.39 26.0971304037744
24.7 25.057252050462
38.34 37.26100086252
37.98 37.4145071922
24.02 24.08288091696
26.26 25.62047160372
26.64 26.3583095520576
25.3 25.4011053438
34.8 35.5758069864
31.96 31.1687051352
33.73 33.33612895824
29.84 28.974776126526
32.09 31.74656430072
27.27 27.318298943406
30.15 30.053950232814
30.88 30.763382918688
35.57 36.74930193648
24.13 21.80346837012
35.88 34.56879131364
37.21 35.3427762672
32.63 32.361849895392
30.75 31.177238168286
29.66 30.0035366640382
41.14 40.1157184056
37.03 38.70032734416
27.79 28.18164099024
26.57 26.9272984583762
36.92 34.48138995696
38.6 39.32622565236
30.46 32.16440966484
38.55 37.13101429104
33.3 34.36091864448
32.36 32.5487752049028
26.39 26.056055467872
26.67 26.9274112075798
41.5 40.93945422276
26.97 26.6211786198
28.54 28.575282884202
33.94 34.80160709376
32.35 32.9738751930576
24.34 25.32545082144
31.39 30.505799726886
24.02 25.8886008060972
39.97 41.3724530232
25.9 25.98202168668
39.19 40.61371171632
28.39 28.80320699352
34.73 33.37600939008
28.16 28.670839880616
26.74 27.28097827575
31.67 32.087174293614
33.44 33.07186910592
38.33 38.487604599
41.08 41.28922271472
31.93 31.8944611897152
31.81 31.058778372
31.23 31.15761658524
38.54 37.32192333744
31.45 31.883642942874
39.58 41.15060467404
26.32 26.36004766131
25.9 27.23391265503
31.19 30.7954644492972
28.67 29.20601743467
32.06 31.291770175206
24.54 23.7399676045092
41.13 40.150435416
37.78 38.3672516586
28.77 28.2426228506592
25.04 25.355842903104
36.28 37.182065316
38.15 35.60246652348
25.42 23.53548120156
32.94 33.5671484404848
41.42 41.35653852528
39.3 40.04571930864
38.68 40.2703250442
40 39.33903704076
34.28 33.609808176
28.27 28.2972097401792
36.25 34.66629222384
35.39 35.4718987704
38.13 39.91198110588
34.04 34.87825207524
26.89 27.00756701808
28.76 29.036998910664
26.58 26.93542346928
33.58 34.3132576911168
27.21 28.04466294387
32.32 31.35126799908
39.42 38.44996834476
37.43 37.1558645472
36 35.20446470532
31.99 31.326567306408
37.33 38.86544504964
29.08 29.5659811746
31.93 32.8922466176628
37.47 35.70102378432
34.66 33.94902331356
40.4 47.201759112096
37.66 39.3789233016
37.73 37.72890490656
36.65 35.70715268784
24.49 24.369828075
39.85 39.690970173
29.48 30.514636488864
27.6 27.412757305536
30.3 30.3326252046
27.81 28.061505455448
31.88 31.759335787014
30.27 29.35219273659
40.22 41.04160744752
34.6 34.44581637612
37.83 39.33976056588
29.82 29.44684766871
37.21 36.86651116044
33.88 35.4722872035744
25.12 25.18865532768
39.26 40.57737849204
38.36 38.61379412976
28.84 29.074142773728
25.16 24.73825122576
30.6 31.7089143734031
24.55 24.6110892397968
24.95 22.9046764518
24.74 25.562005273056
38.49 39.8053884912
36.86 35.2473107544
37.05 35.31038436048
36.3 36.38325176928
30.41 30.1613116096596
25 25.2447202872
30.1 30.740903608776
38.44 40.57995232548
31.53 31.615339022298
25.68 25.5514870039284
28.36 29.3776950539244
31.91 31.156489510176
30.11 30.2732857306035
25.09 26.180457936312
38.91 39.11875031088
24.56 25.28140041648
36.03 36.54787287984
39.66 42.58827852336
38.86 36.01684454508
35.33 34.47736861884
28.82 29.2852540118362
35.97 34.4678327352
37.09 35.85923113812
31.31 30.825469854432
29.55 29.363997608982
37.72 37.96671295728
33.15 32.29209723684
35.6 34.9614341016
26.05 26.795422847826
33.19 33.38086218237
29.05 28.5559553078989
34.07 32.84856893556
37.19 35.4156255042
30.89 31.6290179835852
36.99 36.6028778538
27.27 26.95196568624
29.69 30.0053261212212
26.49 26.4607423056663
31.3 31.7826716100149
38.77 38.20574694336
33.86 32.35719978
38.56 35.90198202096
26.9 28.009066162254
31.01 31.3732194869952
33.26 32.47279099596
40.13 39.30241221936
41.11 41.9765856822
29.9 29.6788654890144
40.32 38.64412216764
27.36 26.38569222192
33.76 32.06456975856
30.02 29.4038512905082
39.72 28.03627554396
31.07 31.0674587533812
25.44 25.65204754608
40.05 41.72853145392
35.77 35.8883079288
40.03 41.3478136134
28.1 28.5848302479936
39.96 42.42780702
40.3 42.8284960098
31.46 29.705094423648
32.74 32.320280265624
39.31 37.802227311
32.74 31.978501160448
26.1 25.9983886010976
34.04 32.79813762096
31.82 31.51995581541
39.92 41.1717732792
33.77 35.2685585257632
36.72 38.01194031024
27.25 26.6814024884928
38.49 38.55986657712
27.75 28.4512652458464
26.58 27.48444141492
24.44 23.49399497376
29.27 29.832120839214
32.98 32.341484076984
39.69 37.89331432656
31.29 31.3394358314256
28.78 28.372919008062
28.4 28.8414309606996
31.14 28.4840502914722
31.45 30.751466938926
34.25 35.436972430584
26.76 26.2058288832108
27.43 25.7122311877399
38.8 37.09363088496
28.16 27.4340665607604
29.49 29.76263139888
35.81 33.85943582364
26.62 26.2679124249612
37.35 36.79239583536
29.2 29.3459566598784
26.65 26.683368372648
25.71 24.89828073732
26.94 26.429971269
36.32 36.5191942806
37.41 35.720530056
33.06 34.5935592782179
29.05 29.225274085998
32.22 32.7058671417084
27.32 28.9651376251008
35.21 33.4191828024
39.64 38.663231733
25.34 25.3172881962
32.55 31.88083136772
33.13 33.420614375784
30.75 31.8534439018657
25.86 26.89125867828
27.36 27.7133098784256
30.85 31.5195001458624
34.12 33.99958347696
32.8 33.563774285952
26.78 27.6368446951104
39.42 36.55893075408
39.34 38.18820869892
27.3 26.51287281852
34.92 33.63142781808
24.5 22.3235334474
41.55 40.11561660636
38.31 37.4474285904
33.42 34.543913439366
30.42 30.5440745444604
35.15 34.95293715696
33.68 33.07566004596
33.53 32.94587750448
29.86 30.032032213398
27.13 27.2372421293376
36.85 38.91949820832
34.51 34.55680592148
26.84 25.8429336619392
33.43 34.86077384547
25.62 25.856309937
35.47 34.779633075
39.43 37.09510902204
32.27 31.29473715579
38.4 35.54985904176
31.77 31.901992627866
38.4 40.3321221432
24.87 24.66674954256
24.98 23.871841145154
29.51 28.150613449272
36.9 35.86330618224
30.1 30.6621318432144
34.35 33.72479417076
30.51 31.1378233598438
34.36 33.9107146026
27.68 27.9368484384
37.6 35.9173148376
28.45 28.43022729639
26.02 26.281294301034
24.69 24.76575143748
24.78 24.95715222564
32.02 33.7894811081676
38.83 37.949386092
37.13 36.00262131708
37.61 38.31759911088
39.42 36.5946846846
39.26 37.30259298096
32.88 32.864557068
26.77 26.629964760672
33.56 33.44512497012
31.7 31.3329866831268
37.21 38.8249170282
36.36 36.7712790168
30.17 30.1650926291436
28.2 28.16175747528
39.1 36.52213396464
34.47 33.9926628618
39.41 38.0343588786
33.49 33.61232366772
26.95 26.9986090554
40.93 41.46742111056
37.56 39.20874565116
32.63 31.38249922383
25.19 24.4510213896
29.04 27.539249626374
27.76 28.53184987839
34.88 33.99009399756
26.22 26.1386035725696
37.98 36.9739057752
33.3 32.978675881182
30.9 30.338190217806
24.34 22.253882004
24.88 25.21320716268
39.13 39.81612448908
31.09 29.8447049784
27.48 27.150532677432
26.47 25.4851419793728
40.21 39.40374027156
25.27 23.87317721712
31.66 32.070970838664
25.48 25.465907931
24.28 24.396319380096
26.36 26.48152629468
25.98 26.5836612992436
28.62 28.755275997984
29.12 28.591491487968
24.8 24.57962564736
30.67 30.64166070015
30.67 31.8265953239196
39.69 38.605990623
29.21 28.9618692726276
32.42 32.37051561852
34.24 35.4604563312
39.35 39.03896193348
26.47 25.94880512292
26.78 27.124149525336
24.84 25.6326050811036
31.33 30.67485504723
36.01 34.7417393994
37.09 37.5200750934
24.7 24.39054084252
36.29 36.3560441646
38.56 36.03236859408
32.63 34.596347701998
34.38 35.63652470484
35.89 33.94235411568
25.32 23.70861615984
25.17 23.25334861584
31.84 32.22912630063
26.31 25.91168207856
32.25 32.1914531856924
37.78 36.27753739632
34.67 33.68243360736
37.97 41.09308472076
28.3 28.368593450712
35.1 36.37172988492
28.2 27.802637999352
37.88 40.74830629068
26.53 26.29483010208
25.27 26.8323941688
32.03 31.576250837142
39.87 40.03724842224
37.61 39.54531010416
26.82 27.551131857216
32.09 31.88561121252
31.03 31.075418507472
25.18 24.725235125904
33.58 34.8414721214208
36.91 35.49980446596
36.01 36.76700483664
33.99 34.78629729744
40.47 40.73184733824
24.44 24.59623203084
29.23 29.9218242687552
33.34 33.813895420902
35.59 37.35853461936
38.2 35.847430827
31.03 31.2987343752288
27.23 27.52282491732
29.79 29.83763142012
33.11 34.9823923411637
27.71 27.18744916083
39.2 38.99062400004
36.88 35.23130493228
27.99 28.2496070142
37.5 35.40790673388
36.78 34.64316866316
26.34 26.18149540164
37.27 38.10417858396
38.76 38.4703715394
27.41 27.6921493263936
36.22 36.4986780906
24.12 22.7333560824
36.43 37.030933647
26.27 25.39754881644
24.7 25.25910689424
25.11 23.659410357
25 24.13646334732
36.93 37.7361220482
31.05 31.8987602360103
31.62 30.685178424918
35.1 35.08119361932
38.99 37.3962468768
30.57 30.466255486614
30.63 30.72610963479
33.33 32.80763911716
29.12 28.8704925267008
33.24 32.35330560816
35.01 33.34881537552
33.02 33.2873676516732
26.6 26.919580089768
30.17 31.977497784294
32.52 31.99330876596
31.52 30.719312034078
35.81 34.25196438756
32.35 31.23544405644
31.14 29.5331784234924
31.05 30.389831144928
31.55 30.275976007896
27.87 26.9868394094112
30.73 30.14419610919
37.41 37.116508068
37.59 36.22478066556
31.91 33.7235467349376
32.41 32.011827557982
38.74 39.933950517
37.18 35.79947119056
29.24 29.583822280968
24.39 25.31716099632
24.82 25.2727316201604
34.3 34.5295211658
40.34 40.18320633876
38.78 41.43014756076
37.54 36.81758896848
29.73 29.443123139688
29.04 28.768333483296
39.48 40.88692188108
40.4 41.1329325216
35.41 36.3433771458
27.74 27.926418933486
41.01 39.6611127504
30.93 30.06776877759
28.15 28.68925749372
39.53 37.93837652208
37.82 39.09714705744
39.73 36.4543729614
38.15 37.1607598062
40.02 38.62531817136
24.82 24.1183367544
32.02 31.281885945792
24.12 22.2874269474
38.08 38.85398776668
37.21 37.00212631344
39.22 37.31568948576
30.98 36.57465000888
24.97 25.57106576004
38.81 37.6874869734
28.28 28.1011738433856
29.53 30.221608220856
39.4 38.23088525808
35.75 36.37521997104
34.24 33.64045102512
34.53 35.96878860768
36.32 37.42235930532
28.99 28.903126128582
37.14 38.02348418976
25.51 24.68321288028
37.81 39.16944457776
30.45 31.317202593288
31.21 31.84457309955
26.05 25.4349765504
30.94 30.759091244832
38.44 37.59068024604
33.97 33.37582506588
33.17 33.6398505124896
28.87 28.116864653094
29.45 29.980714869762
30.16 30.3385851027265
33.35 32.926249930824
41.21 40.8581914248
25 24.44541817104
35.6 34.93775100096
36.62 38.58681370332
24.67 24.7412733073152
32.56 31.60236446256
35.45 36.5051278584
37.06 38.02136598288
33.63 34.151924993952
27.02 26.162602960254
25.35 25.82311547568
36.97 35.47746345168
26.21 25.09042324692
38.93 36.79209494976
33.92 48.23364005484
27.85 28.270142115126
31.75 31.45623601779
40.77 43.34924053308
36.8 34.98700729056
38.57 38.73345163536
26.16 25.746684972
26.22 25.8609054456
31.11 30.9186262030373
37.66 36.42523800624
26.31 26.6582139478186
25.98 25.02060261228
24.1 23.45914562724
40.14 40.06769545188
32.86 32.655801597798
29.02 28.4947513449567
31.37 30.640997705526
38.04 45.99998866056
34.68 36.19335997872
24.84 25.2344343768
37 36.19566690828
30.07 30.042569930976
28.08 28.57500499248
29.44 29.4892083238922
37.32 35.55421840908
28.94 29.457891345582
37.2 35.0369840514
35.65 34.31192745312
26.28 26.03027828304
24.87 26.121370656126
40.64 37.6596937152
32.43 32.4130612307616
34.25 34.44276665196
24.14 22.86261607968
31.92 31.583815607238
36.56 35.40280101492
27.37 25.3601012384448
26.25 26.89938111
33.25 32.81689786572
24.71 25.79776688877
29.36 29.0712222261952
33.77 33.33301123248
28.87 29.0038940177472
35.75 36.28809701724
34.12 33.65275170096
27.15 27.5037239592
36.51 36.39209635284
26.03 24.84368614692
24.8 25.2991662718428
38.43 40.89017563152
32.5 32.5220651640684
25.63 26.77555932636
24.99 25.7673216408204
25.05 24.5816003376
38.25 39.94712630508
40.89 42.420423084
26.03 26.242512134304
35.04 33.85771317036
28.94 30.8341544915376
28.63 28.667142821592
37.32 36.54495985968
26.41 27.069215361408
36.53 36.1622575944
34.82 32.03922582576
34.38 33.8506992624
39.39 36.68883553572
30.47 31.200775746264
37.8 38.34447452592
31.96 32.5127525871778
24.8 24.69253937124
27.89 28.599176889144
32.86 32.578386695712
27.09 27.4332058592398
31.56 31.18144058163
26.82 27.10554416811
26.76 26.6654068008
36.5 34.90737516972
28.14 27.96224058912
36.16 36.62726719212
26.08 26.06834343132
39.72 37.979802387
35.32 33.91124184468
35.99 33.91473044016
33.76 33.1426847256
41.46 42.1346193402
38.47 40.6896794496
33.31 33.9708115705188
37.76 37.91716275648
28.3 28.12094436684
37.23 36.28029965004
31.63 30.931789303032
38.84 36.88987516956
28.89 28.3898520354528
37.16 34.48667507868
37.56 35.96020766208
30.16 30.1239447427236
28.05 28.24994238288
31.17 30.649795813176
30.25 29.97048751923
38.03 38.5819591398
27.68 28.03658705268
24.74 24.8318034789024
25.22 24.09057291024
27.63 27.2317467486528
29.26 29.220394918368
28.73 28.37356045476
34.05 32.8827373704
27.45 27.43522644816
30.25 30.195100084086
38.62 37.2965396154
39.21 40.56937688916
40.39 40.50067372908
38.72 38.69615847516
38.02 38.390684112
37.08 37.3160863224
35.64 36.65832589116
39.03 38.105987616
28.63 28.913279846688
34.05 33.8422602474
35.32 35.1372578274
38.28 39.73476668592
27.18 26.9912169071652
25.89 25.42670455476
38.05 38.2308926922
29.37 29.8482843386304
35.15 35.9427875976
40.18 36.63520887312
26.83 27.9764111510696
35.88 34.8008150232
34.71 33.4160730162
40.62 42.4673056062
37.15 35.93896764768
29.66 29.834140487136
36.35 37.59132282912
24.83 24.935203491
28.42 28.727206652118
32.27 32.267593972968
24.93 23.62935244164
36.88 35.99183402196
32.9 33.131060462286
34.02 33.1700165754
34.37 35.04265020612
31.02 31.8767668488612
27.08 19.775954899536
36.28 34.41145778244
25.62 25.3215258519588
34.83 34.34799623328
31.68 31.259666629944
24.03 24.0361075561056
31.23 30.74131400796
36.76 37.41591885408
31.36 31.2489518472
31.82 32.10075127248
32.95 32.44693813572
32.61 32.463837536736
32.96 33.6023923591056
36.13 37.234107396
38.74 38.370624804
25.46 24.81579718704
39.31 41.05508666364
33.71 34.36294509744
40.32 41.78879834508
33.76 32.1798999432
31.97 32.0329431
40.11 40.40996858544
36.5 34.4977015608
28.87 29.591925842304
36.8 38.39173866396
31.07 32.405038495968
27.51 27.242714469
31.31 35.16283577424
34.53 33.647907756
33.14 32.5084877562
35.66 33.33443335308
35.32 35.0266659744
28.28 27.447821010774
27.77 27.8207983254
34.06 31.92682087476
36.3 36.5557074696
28.47 28.7443766461148
32.39 31.22143383024
33.95 33.4895787576
34.26 35.761755036336
34.18 34.56081781584
28.11 27.0176985798492
25.42 26.1326642042688
37.49 37.425430107
36.96 35.13795947676
36.09 36.1592774142
32.86 32.36780553264
26.92 27.611657632296
34.38 34.047307428
30.14 30.2942745088153
30.91 30.31960740555
35.27 34.883011428
40.02 38.43578425056
33.68 35.83913020128
40.49 41.73131702484
35.52 37.03911452244
30.27 30.198219688584
34.63 35.46110789124
25.07 22.6189576386
35.34 34.556769087
37.5 36.0534204162
38.02 36.729588951
32.71 32.612900469984
31.18 31.621805155656
38.33 36.679145979
40.06 39.92026672908
30 29.7006113555518
24.45 24.2819254368
32.5 32.359163198382
36.65 38.20206360528
29.6 28.726826688582
25.94 25.0497334872
30.98 30.57118162992
38.53 39.56910927648
33.5 32.04440689812
32.91 33.4915814592
32.38 31.930487470752
25.12 25.81877112048
30.42 30.7766301560986
24.97 24.512718066912
24.64 23.0396367438
28.96 28.68107972508
39.41 37.67772703392
30.55 30.311863061976
26.99 38.63006205948
32.41 32.805794930454
35.41 36.0083346072
30.36 29.93917229616
32.08 30.9866335194
26.83 26.8507532511108
35.11 37.08430690668
32 31.839358716
35.55 35.390453256
35.07 35.43661932204
36.37 37.92118650684
34.11 33.93739779696
35.07 37.06291891068
39.16 36.5239134342
26.14 26.01132525252
33.59 53.3023979346
27.74 26.9774803529919
36.55 38.6363161614
39.06 42.08187660372
29.48 30.80254931679
31.82 31.6689200095044
27.36 27.1053740066496
28.25 28.588416254304
31.72 31.9822083710532
37.73 37.20851635824
27.34 27.329623948182
35.23 34.57867878
34.87 36.00014037984
36.63 37.7727857046
40.84 41.4788817
35.04 35.5867226256
32.79 32.157571621374
25.34 24.79672322052
34.79 34.9053613824
35.89 34.91804213052
31.28 30.993257414934
34.44 32.95856961876
32.55 32.25327877143
31.95 31.123191139854
35.08 35.6439905208
36.33 36.11469184656
28.31 28.5316849421048
37.82 36.7649864856
32.23 32.6147161142016
32.51 30.66323920815
37.43 36.886885839
26.27 25.72228962516
35.04 36.75331763184
36.98 37.77553867716
32.54 32.203818608814
34.38 34.76599143984
31.74 31.4865890877132
29.53 29.3144563200857
38.32 38.29756481244
27.75 27.50403450096
39.43 37.30670700036
32.47 32.548309425
32.78 32.652518729952
24.15 24.42003100176
37.71 37.51338728628
31.07 31.1293484466673
31.07 32.2495289310605
34.99 35.377732803
24.95 24.80072431632
37.74 39.463176645
27.01 26.657658520512
37.05 52.54398704592
31.19 31.8055530315775
24.13 24.05239379568
29.28 30.241570285062
26.6 26.6909241
38.9 41.44614818796
30.49 29.877947848344
33.24 33.47956316208
28.9 28.1529387582759
33.37 28.96575549687
25.4 23.56352290404
39.89 38.78504439372
32.12 31.82703786144
28.69 29.128269154902
26.28 26.6050542698976
40.31 37.04223514716
35.16 34.82908132932
28.4 27.8365821489888
27.76 27.3475027381875
28.55 28.517863465878
27.79 24.2828043012576
35.91 35.40103604028
29.76 29.9870317261056
32.16 32.4929883185712
25.44 26.38859778384
35.64 35.34110013456
29.27 28.6239809695248
30.59 31.49161450143
27.86 27.705100283952
35.47 35.36464825332
30.1 30.577269322275
28.13 27.80403443076
24.71 23.99529831228
30.84 30.4558563293712
29.69 29.2290002195244
33.73 34.438362199776
31.13 29.277567715218
25.96 26.423375184864
34.83 34.08535758192
33.42 32.6919218712
37.27 39.22937135376
26.24 25.18342486839
29.22 29.680003390296
28.15 28.109992833192
38.51 42.33185105724
35.11 36.1326778104
32.18 32.001181407198
34.42 33.48412098228
31.84 32.0634050546304
39.57 42.3142297002
38.98 38.231292732
34.57 33.99194250468
36.27 35.27074523568
31.92 32.78292054192
27.78 28.1449789104828
28.56 28.9032284098985
32.89 33.8602515247584
32.25 31.8090609732288
33.44 31.379530228326
26.08 25.61377677564
37.69 37.3302571926
27.03 27.02196345399
29.65 29.211796731264
30.69 30.281550308448
38.8 37.47561584604
29.59 29.7955316758304
33.63 35.2458140553792
28.43 28.4931151792934
34.78 34.0815234384
37.95 38.11919915568
25.85 23.09937884496
32.57 32.7348265121424
24.22 24.7278219394356
30.82 30.587736316128
31.17 31.7104103437452
31.02 30.45002673456
29.03 29.35969275303
31.94 31.037278580526
27.92 27.05985866925
24.05 23.4218553912
39.38 41.32074027732
31.36 38.078889297288
27.43 26.683193261118
28.92 27.859209651216
29.04 29.859431525571
37.85 38.796004839
26.39 26.366265883314
33.83 32.5344475494
31.25 32.651961968646
35.84 34.6036427658
33.53 33.886962760974
30 31.083550519584
30.48 30.577537104654
34.2 35.3215211448
24.65 23.968050084
26 25.67233201212
24.89 24.3653400859332
37.99 36.47219045916
37.49 39.64435778052
34.07 35.400803308992
30.44 30.5044448733792
36.42 34.79062016628
34.52 33.17789182512
37.8 39.33343691892
33.05 33.15207853764
24.61 24.98475344004
27.97 27.897514688046
32.8 32.3126160174
37.5 37.35622163604
26.04 26.31085129008
31.38 31.411375226262
40.76 43.66586259792
27.52 28.283955279629
25.75 25.3562627232
32.76 33.46418017503
25.99 26.33078841492
38.08 37.44085117392
34.62 34.81856386596
24.1 47.23550126295
29.58 30.02021566479
35.03 34.46961820812
28.49 28.710731442222
25.73 24.715814756958
24.93 25.60495739376
40 41.65591566
25.99 26.226987694074
35.86 35.546731764
26.1 26.520813801
34.79 34.76886184044
24.5 25.39135157868
38.63 39.65329108848
28.44 28.3451224437504
26.8 26.87595442608
37.58 36.3692854512
36.5 36.8571550632
31.1 31.026207206574
39.32 41.737154685
30.35 31.861716829902
40.15 43.05566582028
31.56 34.84929208785
34.29 38.101406427
39.49 36.44221451364
25.64 26.4062329797804
30.7 30.2604424112796
25.15 25.53077119188
38.77 37.303286196
24.86 23.50210941828
33.13 33.234387501
30.66 29.785960589832
37.14 37.28563248708
33.66 34.477308628416
38.29 37.19004390432
37.38 36.67238093232
28.08 27.81602244363
24.35 24.7040757066
32.15 31.10788213692
25.1 25.04926145316
31.91 32.09911007904
39.35 39.24409417836
34.34 33.32569420944
26.74 26.25259372848
37.47 36.08816494116
32.77 32.741650829952
34.89 34.68920561508
27.01 27.2782102382669
33.68 33.62412179376
37.18 36.8118944496
27 26.62813263204
29.17 28.9070389223172
39.91 41.4552821688
25.89 25.031522664
25.99 25.970865327
38.42 40.51977299412
26.09 25.9432174872
25.03 25.494847814934
31.94 31.46751698028
27.13 26.916744181926
40.85 39.9919737666
38.43 40.35837146736
29.33 28.74263652816
30.04 29.8453617830475
34.89 34.252110333
37.77 39.06429689364
33.7 32.5494604392
37.55 38.87019765504
30.97 31.3554356101267
28.13 28.0333871413344
25.3 25.026533907
30.94 30.8535885460764
34.01 33.5270939322
25.18 25.4375131758
26.27 25.747113692694
39.6 37.7087980344
38.89 40.31128401264
37.22 38.26438469328
31.06 29.362474221006
27.18 26.56269135552
33.5 32.62125853356
31.34 31.3342609813104
24.19 24.18886945584
35.35 37.15731801252
38.4 39.7517857104
32.32 32.066099224398
37.09 37.22595247728
29.7 29.677771892904
39.92 40.591554552
28.28 28.2841339761153
30.66 32.468888495502
35.01 33.12674426316
33.47 32.21345656368
33.27 34.59858849132
38.37 35.62566428016
40.17 43.20356053212
30.94 30.857515596792
37.28 36.69703286796
38.47 36.0552226872
41.8 40.862898705
30.24 30.393946750422
39.26 37.11722443308
24.58 25.506732249
29.23 29.7106991218368
37.75 38.80214420832
35.08 35.27282394
39.35 42.99749850816
34.21 34.633200141
28.5 28.6330181591232
26.87 27.05684574
36.75 35.97562589364
33.57 31.86106472676
38.59 40.778219088
36.63 35.68481630004
26.52 25.7104367639856
24.77 24.707577935736
33.23 34.149700860768
38.85 38.61718827696
27.34 27.71512830192
40.23 42.63297503904
28.08 28.700186280288
33.69 33.04793460396
32.09 32.284021368798
30.66 30.2081180568
30.04 29.6331297228864
36.62 38.13943087692
41.29 40.19525115972
35.1 33.422983827
35.75 33.756792183
27.58 28.2892605624
26.42 26.88429403896
31.51 31.29765689919
34.64 35.01637651728
31.94 32.002763710272
34.81 34.04288812572
30.19 29.620293121926
34.49 33.5087168862
31.76 32.007135698712
35.65 35.611272459
30.75 30.28613415732
30.27 31.5084198852579
34.28 35.36501240256
27.61 27.3234840091551
36.08 38.1729960666
25.08 23.84380288692
24.73 25.4684506682844
25.77 25.627593459744
34.11 34.97998652988
29.82 29.6761447103842
29.47 29.5682445397632
33.27 33.573142559934
39.62 38.30093140656
40.17 40.653855708
29 27.9229247511276
30.11 29.729714491104
40.03 39.1332228264
35.02 34.1198795232
33.58 32.50420688796
28.87 28.726429417254
34.77 36.00666061404
27.94 27.1446711258432
40.68 38.1685662342
37.57 38.14551749916
24.04 24.40141712292
30.24 30.36973047075
41.22 41.7754424232
33.51 32.14832436012
38.19 35.3883985632
40.78 41.074024344
28.31 28.35131234508
24.7 24.332569344
30.25 29.49472425591
36.27 34.11888669732
33.11 33.714838647648
33.62 34.51446702
28.72 29.18143358271
29.71 29.632919708574
28.19 27.471964673526
27.87 27.48341201079
33.23 31.933974735
27.68 26.509199535
30.41 29.726911396512
30.55 30.13038187167
32.66 33.2780856402516
24.06 24.40723460736
31.24 30.751353188832
35.05 34.68245716656
24.64 25.56943165296
28.25 27.0175225003008
35.6 35.05992216288
33.25 32.85134138544
35.07 36.7339885758
34.78 33.73207848
36.26 38.14862708316
27.54 27.400747704918
39.95 43.21652843568
37.21 35.71472997936
28.78 28.291073042262
34.56 33.85415536164
29.55 30.233265521088
34.61 35.25153210468
29.56 29.1734789496768
34.55 34.04114077536
26.75 27.0452078216631
37.38 38.18949456528
31.22 31.8524791092336
33.01 32.7293168112
33.75 33.7361139
30.14 28.9460746919124
38.49 37.11124406256
41.24 42.326014767
36.04 36.25183786944
27.05 26.413927236
37.84 36.2989024056
37.36 35.21372699856
24.58 24.1298159094
30.68 32.200619628294
40.1 41.99335681488
25.67 25.50930418848
29.13 29.43010348944
24.87 25.22476829796
24.94 24.240530838294
24.18 23.64481675908
34.71 34.37383956516
30.46 31.750057465176
34.57 34.6489075962
32.47 31.7696331102204
35.98 36.68826616668
27.07 27.3259747917914
32.29 32.453323411104
31.1 31.325364157728
34.25 32.58685234656
38.63 41.10052376784
37.81 38.6639082114
26.96 26.198826787848
37.23 36.87769843956
29.88 28.998911191878
28.93 28.9499954323344
29.83 30.7702919193349
30.56 30.01350203943
31.52 30.977937251424
30.13 29.242049391624
41.42 40.386281412
38.55 35.672750973
38.06 37.04539878096
27.13 27.213592273848
26.36 26.416097881638
24.77 25.0553726668764
25.65 24.95524840968
37.33 36.97926627168
34.77 34.77924182496
32.93 33.60299401551
29.4 28.947399871968
27.63 27.40723367871
40.04 39.93659208816
40.84 40.961059083
29.63 29.3877132147876
30.96 30.694285388286
26.9 29.02570116144
28.53 28.49954210955
25.13 24.7685614032
39.36 37.88010249948
28.81 27.86149746039
30.04 28.241554046616
28.57 29.010881271174
37.49 35.692497444
32.33 31.362949011
36.48 35.44699993248
26.98 27.2603621115348
34.43 34.87844984532
37.44 36.4493584152
33.78 33.79033974912
29.34 29.098051799064
36.48 34.99424404596
34.95 36.16520711088
32.3 29.088285053856
40.84 39.9229344552
33.44 32.40103013676
30.1 30.356523988182
36.06 36.13900551348
32.13 32.4036315576
35.13 34.11974664
31.19 31.052103032142
25.82 25.96200131472
31.22 31.298177489976
27.78 27.147945276126
25.71 26.42733960672
30.38 29.681586633528
34.39 34.666445628
34.73 36.25453614372
36.8 34.9109820048
40.57 41.58207290448
39.92 38.87547869376
37.44 34.69875186708
30.08 29.71638686964
25.61 26.08485332937
31.15 31.26318107847
37.81 38.7916402344
27.98 28.2658429048157
39.16 40.16509781904
28.13 28.470741854688
36.87 38.3175018528
34.14 34.2947302584
39.43 39.01429190256
39.32 38.1301010622
35.73 35.5159917096
28.65 28.0160640567797
36.87 35.1989621784
33.8 34.441534726014
28.93 28.4410499812596
27.09 27.1581742392
30.63 29.542876517184
31.36 31.86263680863
31.21 32.17301867559
30.11 30.1152249809779
38.05 35.6275679826
36.52 37.9842267816
24.94 21.65712541764
26.91 26.3656738296
35.8 36.9761307282
28.85 28.9948201464528
30.63 31.4301381609037
35.74 35.62521053232
29.57 29.071210685688
32.67 32.623005911886
33.9 32.71630508532
26.91 27.6506291496
29.37 29.619316561368
33.16 34.0651206845388
29.23 29.822864924982
24.99 24.6772916616
24.59 24.4768734567696
26.98 26.12057372268
26.51 25.5631496889216
27.06 26.8548025153344
32.81 32.65286433252
24.84 23.2495746846
25.98 25.96702738716
32.26 31.799277742368
41.27 40.9148439192
34.62 35.6501105442
27.9 27.4555348706868
24.2 23.50425601644
37.82 38.072057949
25.8 26.200949576832
37.47 54.15872609952
37.76 35.34470254416
36.17 35.6932830186
26.82 26.24190235428
38.27 37.5118277706
25.99 24.61792938924
25.2 24.55706692944
29.6 30.22515768195
31.92 30.9701835342
27.84 27.30223432368
29.48 30.33755963259
29.77 30.143849372064
31.88 32.3428110256512
24.54 24.6254718618
38.75 37.0936169712
30.53 29.262510021696
33.4 33.66461245932
40.06 39.9066077352
33.13 32.576170386294
39.63 38.48103547764
27.91 28.36362945168
29.84 29.753407565262
26.57 27.49887336108
37.12 37.7340090462
33.68 32.5565921544
39.78 42.42519314988
28.66 28.726138027062
31.67 31.9541659770624
40.34 41.21996675376
32.25 32.8545867095088
25.82 25.055091927
28.54 29.220211486086
32.71 33.75415375788
35.6 36.7065753768
29.94 29.143895930112
34.49 34.15027481724
30.23 29.5249394496672
36.74 35.6067300942
31.46 32.6492900800236
36.38 38.65043446992
28.08 26.8432079231756
35.92 34.21157501916
29.26 29.6541552112812
34.27 35.903298170976
27.49 27.6301508793984
39.28 39.01895372976
27.95 27.789163732968
38.35 39.61451122932
32.83 31.652716869
24.88 25.161534084
33.46 35.0123065703004
33.41 31.91935777476
28.6 29.424878403462
34.78 34.85529994032
35.11 33.98440685676
28.33 27.474727775232
32.43 32.4139397133396
38.91 41.6104351446
31.52 32.261234415456
24.4 23.15285104944
35.48 37.59747690672
32.73 32.29862655024
32.59 32.02929056811
36.42 34.8796240758
36.69 35.91264960816
30.14 30.950959588056
26.33 27.102195852768
26.78 26.915230744992
34.61 33.64104605772
30.24 30.6009946151424
32.61 32.27812604148
32.15 31.49497103664
39.83 36.98050883772
38.65 36.90421813332
35.96 36.00277062048
33.98 32.9399611104
34.18 33.60663736368
35.83 36.6653951592
33.21 34.2025382902464
26.76 27.5092708153791
38.69 39.3962948514
36.73 38.1041369088
30.17 30.2490918440412
25.29 24.8129582154144
27.1 27.436427055
32.81 31.84362621132
27.53 28.30287632364
33.41 33.2969068626
30.76 30.336828597
31.19 30.83839021188
32.37 33.4615286574336
27.51 28.8330235232079
30.76 31.2855693983251
28.71 29.733050386998
29.64 29.9200255316352
34.94 34.10158384272
34.61 35.21640239232
31.36 33.013102246614
34.34 32.9269522062
34 35.300005428096
32.1 31.744842841974
31.95 33.286210167126
28.91 29.3209463875308
27.02 26.5878247413348
28.13 28.4372510958684
27.23 26.844028419
34.39 32.69347543344
38.92 40.585850715
32.98 30.96253684476
35.81 36.591716013
37.96 36.811313739
28.12 27.9254456384557
25.39 26.15605705836
27.38 27.244471131452
26.56 26.5016799534276
37.23 38.89424741076
33.22 32.54126913612
30.48 30.9683328696
29.15 28.8116999992176
27.39 27.73462615344
38.68 36.4457096856
28.64 28.60591621707
32.97 33.182712422502
38.38 34.895280843
29.54 28.850629269024
37.27 35.63561579508
34.73 35.72622543924
29.59 30.024448886502
38.73 40.311468144
28.93 28.6947759128584
24.54 23.38484764596
27.68 27.545544196878
37.74 37.355448705
40.13 42.4398718266
32.46 31.5349647288
34.24 33.93789042756
24.92 25.9867420684992
32.02 31.529251655784
27.77 27.946207623654
28.62 29.17573031136
36.4 35.762789613
25.72 24.6660185016
36.04 35.6411047896
33.33 34.4635480233708
30.69 31.0253385008448
38.76 39.7100356248
29.81 29.315341265094
35.27 33.6240458184
32.02 33.5067327116256
28.83 28.8159475107492
31.01 30.241668214638
25.26 24.09714609648
36.92 36.3225736824
24.27 22.8049781994432
33.31 31.374740785248
37.85 37.689278829
39.72 42.74047032684
34.54 34.042347684
38.63 37.145422977
32.22 31.391782237152
38.83 37.70320786716
29.93 29.216582549688
24.41 23.7322443402
24.03 23.5488824424
41.15 44.357588439
32.82 31.09772970372
30.05 30.05052969072
29.91 29.524091675328
28.62 28.0419535146555
39.54 41.11877169324
27.68 27.9143806407324
27.61 27.6931711933488
27.14 27.277753569048
35.35 34.46387368272
29.05 28.8967148529512
37.39 37.2571875198
34.8 34.69740823344
24.61 25.09829441772
40.45 42.22261973772
27.31 27.902674166526
30.89 31.25090670984
37.1 38.8055737872
27.36 27.3549643146
30.53 31.4808115889866
31.46 32.024121899706
25.95 26.18669300016
25.56 25.36372793172
39.52 38.698654851
39.13 37.94059562544
40.36 42.0345728472
32.92 33.169132234974
27.73 27.553317312588
35.2 36.50863784688
40.14 40.78796446752
35.07 35.3095728894
35.97 36.0403694376
32.22 31.55124582
39.74 42.36269027952
36.1 36.0819320682
39.09 39.41611154736
25.12 24.77919064464
30.82 30.570518527104
30.78 30.3691176429876
27.17 27.34546527348
28.54 28.788968155398
38.92 39.98223126192
32.6 31.00155859044
29.31 29.5625222441472
35.91 35.09669952972
32.26 32.058563444664
35.3 35.81359218
35.68 35.29278814896
36.76 36.503538831
35.88 35.34110013456
40.64 42.3491497272
36.95 36.8016565416
30.06 30.234085253958
24.63 25.1782743447264
34.35 34.08191503116
36.37 35.30405897136
33.67 32.02465625172
35.1 35.4774296952
32.15 31.14983221392
40.59 39.95099684256
24.96 24.68214302148
31.98 32.0912421412704
28.51 28.5362687133036
26.15 25.86364677888
31.35 31.81009765767
29.94 30.3513242644097
41.51 40.44938943888
35.18 36.9575539488
33.84 32.85652734156
27.21 27.471508465662
25.14 24.47893532064
31.96 30.4788579678
35.27 33.99201062796
34.5 35.985359580816
28.92 29.1758756418
35.86 35.93126381628
35.92 34.95382776228
28.09 28.03174341867
40.61 41.7424805154
41.11 39.497553447
32.3 32.7518789526432
33.09 32.27849579136
36.5 36.59030076528
30.01 29.87785119075
30.12 29.88515582667
37.43 40.35958435404
31.47 30.54254618547
24.86 24.53127290964
31.61 31.492927467456
26.51 26.5998730885824
29.32 29.7229517136396
34.99 34.01256933792
38.53 40.00752795696
36.43 34.26826500756
37.52 36.8354986002
30.9 30.466071911592
37.93 48.31598545824
26.43 25.325621523
33.25 33.040990391214
24.16 23.686821267
38.73 36.4553913222
38.14 37.06697054436
27.03 27.6691621086288
30.17 29.821411659576
33.43 33.3952149366
34.62 34.28579319984
37.1 38.41891002252
27.99 28.0139300700228
26.21 26.67988395312
26.21 25.7346359922
35.31 35.41482397584
30.13 30.070938924
30.88 30.8706243197268
34.92 35.80381762272
28.99 28.689126335232
29.22 29.8661125437516
24.09 25.030885580406
36.43 36.65366770932
30.07 30.58222817439
25.41 25.578255807
25.94 24.78043498944
31.36 31.728319094514
32.4 32.4612128563776
37.76 41.06772177372
37.13 36.02233216368
24.65 25.94655187632
32.54 33.7563302124883
41.27 43.95140718576
32.02 33.243680852784
28.79 29.358065190936
31.85 31.24906101783
26.93 27.2464185942
31.81 30.72337191867
35.21 33.36475475376
30.48 31.123741388232
38.1 36.62053852404
35.72 36.56602956924
26.35 25.49472208812
28.25 27.7412878552815
39.76 41.2099982586
35.6 37.57755019632
37.17 36.7624562328
33.62 32.672391693
33.68 34.9682893547472
28.39 29.100946564704
40.8 40.13728814124
38.13 39.91170347136
30.76 30.4011075056124
35.85 37.598997951
33.66 32.99524943052
33.29 33.207043220136
26.88 27.05262479559
29.54 29.61591160167
35.24 35.68223857212
35.2 35.20216473264
40.29 41.1461164728
38.96 35.76044274384
33.15 33.3848345758524
32.23 32.678943592806
31.36 31.2950638995264
34.54 33.6760428552
27.83 28.260800582142
36.17 34.78282609428
29.79 31.296984023232
26.9 27.3153451069908
40.87 41.81287006692
27.06 26.554882924584
31.47 30.45149636148
38.01 36.7322521032
38.79 37.204130115
34.08 34.868500416
37.9 37.7744134338
38.85 36.83274307728
28.35 28.529926451646
38.38 40.24004247024
38.79 37.55119978656
29.36 29.735133127374
36.64 35.0757005184
27.55 27.859715579886
33.98 34.28147673108
31.2 30.558016195848
26.53 26.05784986704
26.36 25.99560070704
37.37 39.47855528496
24.81 24.07498142652
37.41 36.39526703184
31.55 31.060833063648
28.28 28.74571561527
33.66 34.278069010722
38.28 36.65258200416
33.06 33.29351361225
32.47 31.65318555504
32.69 33.2906938774848
25 25.2899917411572
37.72 39.001767108
31.05 32.0307967539948
38.08 38.3007326142
25.91 26.7549414995587
28.11 27.4873904641213
25.44 25.9690941087888
37.38 37.73984078448
24.61 24.35356343652
24.73 22.9291254864
40.43 40.02635055168
37.11 36.33185799456
27.78 28.91421806868
32.45 31.005749656422
28.48 30.10821951075
28.74 28.61224067811
27.15 27.08330127804
35.42 34.6592852856
29.77 29.623504717806
35.2 35.87857523484
25.25 27.09611154
35.89 35.95153796676
28.26 29.1936195789408
34.72 35.81086492944
39.69 38.40537210084
35.3 33.43269171348
30.32 31.152112002078
33.37 33.0870490854
39.09 35.569333164
29.58 31.028033423358
39.98 37.16364640224
40.05 42.7992393552
34.53 34.1109834168
36.78 38.2338045936
34.93 33.0080964552
40.47 43.40677067676
37.3 36.1982435112
39.49 37.85610625776
26.38 27.04631284851
35.49 37.09586386032
38.84 38.43474055008
24.13 22.72518562752
31.68 32.0003877738096
35.81 36.00090729468
28 28.2979779600134
39.99 39.12068008332
30.05 30.041824084542
36.99 35.79267077616
35.77 35.53308837276
25.67 26.00481648612
36.26 37.147253961
27.81 28.461461762238
26.2 26.065471197432
29.28 28.966051414728
34.65 33.68108792028
37.59 35.6616488646
27.13 27.0912751934592
25.99 27.128242008318
29.03 29.8468335888397
26.81 27.60074147088
29.28 30.1134607701514
30.74 30.41412700752
33.05 34.042249258686
36.65 37.66071711636
33.06 31.8573041382
38.13 38.42397553392
39.06 41.60634121956
32.57 31.98959664576
34.44 35.51155513392
36.99 35.21713687452
28.87 29.127229429302
38.53 39.6404384904
35.32 36.98834074608
38.58 38.445931752
27.67 27.7895030659166
33.2 34.3708592504124
30.44 31.080602280822
29.36 29.2340616616227
24.56 24.57736389168
30.62 29.47280385771
30.87 30.521709922014
26.95 27.64558117716
26.09 27.3840754152
28.33 29.327536875966
25.25 26.535138332664
28.18 28.501185502782
35.74 33.97805426256
36.9 37.9491929496
39.76 39.7913314248
35.48 35.35794232596
32.94 32.50430240112
38.48 38.3068962936
37.45 36.3890680776
27.99 27.7451820232764
29.54 30.3593663229228
27.6 27.415638231264
25.86 25.47374372676
25.64 25.0817372298
28.39 28.712720090592
30.88 32.4188636705628
26.71 26.30167777344
31.56 32.312316369378
35.91 35.60052435024
36.29 34.42821294708
38.08 37.3664871918
39.84 38.65174688688
31.66 32.2585233076548
33.98 34.10728279488
35.13 35.4865660536
33.6 34.3275065977488
24.47 25.1480687256
27.14 26.266100973
35.4 34.6075273422
27.65 27.9045098756988
32.82 32.260503687894
40.22 41.282085348
37.27 36.4718483568
27.59 27.318604267638
36.44 36.7805628792
34.2 32.9277982218
35.71 35.25198743124
35.67 37.07225983056
32.21 33.4081474884557
33.49 35.5858542589896
41.18 43.799957388
39.11 41.58730243632
26.85 27.7143684322752
37.17 39.00449554992
32.66 32.237760326616
34.87 33.00554862516
39.85 41.67319254
27.42 26.7928616976
32.77 33.80208356088
26.44 26.8979316915216
32.55 32.444360434638
37.3 36.3012157008
39.34 39.14496211872
40.1 37.2917123514
35.27 36.87320178492
31.05 35.7128882523456
26.73 27.0431933766
35.75 34.78369924308
38.22 37.16558717532
28.15 28.661586333894
40.12 38.5529701998
37.71 36.41052799188
29.8 29.9565949210826
30.5 30.10105226352
32.98 32.446595884032
27.22 27.7924545162
33.41 33.61656693564
36.67 35.78131999536
34.86 33.6831219672
25.72 25.4640296832
30.08 29.4446347884529
35.35 34.35030990336
40.75 42.25619026188
38.87 37.32091481808
31.82 32.3491658716934
34.88 33.29185066272
33.05 32.346447604488
29.5 28.572404336136
29.35 30.47793928404
35.8 35.8992461208
24.82 23.9854363038
38.99 38.41961543412
31.22 31.6666301022711
31.1 20.75512079772
37.2 36.70131027504
26.33 26.777023884
33.26 33.274984931046
28.63 29.316257354016
36.19 35.14442255856
32.8 32.763579420168
25.93 23.82642284988
34.37 33.34021148976
40.63 39.65068740528
37.93 37.07388485376
40.68 39.802198236
38.26 40.30226115804
25.67 24.96313598988
36.38 34.47512803596
39.63 36.0905478456
41.59 43.75872824412
31.34 31.7661021264394
35.35 34.2402212502
30.68 30.5041027146816
30.21 30.58951711719
27.34 28.91599013772
24.85 20.93976555648
29.08 28.3796950177764
29.85 29.8759142800764
24.48 23.89537344048
29.7 29.5270277739012
37.77 38.569758849
34.07 32.806358997
27.56 29.343916620222
37.81 39.11622394176
32.74 34.2044605457712
37.26 38.2569581016
38.85 34.85042073828
30.8 30.8367841205875
28.59 27.34593775215
33.31 32.76677057076
35.68 35.3294926038
35.7 36.18739218
27.26 27.64486668327
29.13 29.749116849558
27.87 28.408546033326
35.41 36.7365185802
32.63 33.0434794278756
24.75 23.25886829628
27.72 27.6243444099876
25.66 25.08872728272
26.92 27.37436057892
32.14 30.862491791694
34.88 32.95447264752
30.81 31.6442184195168
38.16 37.66544335296
28.16 28.258583522982
31.03 29.960550363168
31.79 31.361751461646
37.19 36.44421624756
32.66 31.8064741818
28.82 29.4123467094
38.95 40.9455351
28.59 28.6076503642896
25.26 24.62731208676
41.51 41.98161224292
36.64 35.38635375024
38.58 36.87772228812
26.98 24.035801198832
26.94 27.39408098352
25.39 24.98475604416
36.54 35.83528651716
29.45 29.4861644769828
37.74 37.17222679152
26.46 26.7177078587942
30 31.0811160165581
31.3 32.2916262814656
25.69 25.62964888836
38.8 40.1813773416
36.21 35.7630385176
30.92 32.54100708432
36.93 36.58572524772
35.05 35.4348084024
34.13 32.78815487844
30.41 29.90740331727
30.07 29.988265971606
29.98 30.81839737887
37.09 34.27618885644
30.35 30.7287785269548
30.13 30.075206637144
37.35 37.57242824976
35.82 34.64002572516
33.93 33.16526170416
37.26 38.69394899988
37.11 37.88852337756
39.28 41.42135666736
32.39 33.6779479384452
30.23 29.62025899056
34.82 34.40557517604
28.76 29.04492476733
31.99 32.576964270816
38.2 36.58944293292
34.23 32.81347065456
30.95 30.319186934664
25.2 25.2315118600956
36.32 37.32040305612
27.52 27.92968423263
35.71 35.12247704244
27.51 27.414795453318
30.22 30.1101722567424
33.57 36.8229145363488
25.09 23.41975962672
35.56 31.8577822344
34.27 35.97983792328
36.67 37.05081913428
37.2 37.64392840692
36.48 36.33749430288
28.99 29.26813978116
36.73 36.157942404
31.01 30.33943704999
25.19 25.23157406256
26.38 25.84185134976
24.77 24.24843087276
33.51 33.7122592038
28.61 28.90776625212
33.89 33.8207686584
26.7 26.292987680238
32.57 39.41818322292
38.72 36.01641371616
29.6 30.470965534038
38.51 37.7343517734
29.67 30.208468707294
39.93 42.35668842
32.99 31.4303631672
28.5 28.7384382323904
25.5 25.0882799304
32.85 33.429534743022
28.8 28.5976863750912
33.54 32.91977617524
38.88 37.20253120416
37.12 36.08671265328
25.34 25.727310717
31.15 30.8172976346108
26.93 26.5276969218
29.14 29.4445882875937
30.33 30.8254161792375
28.03 28.09726355172
39.59 39.05923387836
39.84 38.92307388348
38.05 39.92445386352
26.21 26.1341147100192
32.83 34.488126912294
34.34 34.93021674288
34 34.55899091172
24.37 24.97801653168
36.94 36.33121946352
33.52 33.454069464
39.37 39.24758337696
30.26 30.5289980518656
24.37 30.8933490366
36.48 34.82887985136
26.85 30.05280860052
34.28 33.1584421698
24.07 24.3790011679471
32.95 30.922849132104
28.67 27.830693758248
29.42 28.8907007693412
27.24 27.3781868403629
36.98 41.38845495012
31.36 31.8487015247407
27.48 26.78552402319
33.02 33.224959089702
30.24 30.09536846304
40.98 41.12044875504
33.33 32.975576213478
25.19 25.03424761728
37.44 39.5197496694
29.65 29.524380426432
35.42 34.43981566896
32.27 32.3030684708496
40 38.03506240716
29.65 29.786184873342
32.48 33.4078731259332
32.71 32.227196617704
25.79 25.31429996208
41.37 42.399238371
24.3 24.38002282836
25.61 26.320332426912
34.84 36.1022671512
28.82 28.172113961544
24.63 25.231826478726
25.66 25.435474012398
40.17 39.13899924012
38.72 38.4442656552
30.12 29.7721307006627
33.29 34.6415550362688
27.81 27.8918986376703
32.39 31.824550911456
35.93 34.98415212528
29.75 29.9232662085696
33.91 34.339174450278
24.92 24.56670722736
34.94 34.46073577308
30.23 30.2936558136384
37.74 35.30284007904
24.61 24.41917063872
25.89 27.41487864624
28.13 28.766344878414
37.75 36.40977349668
36.54 36.72670792944
31.97 32.4906312046356
35.34 33.5300346366
32.15 31.045382286318
35.7 35.4715974144
36.03 35.292255045
37.99 36.6587564928
32.87 31.142638335
25.44 24.71031313308
36.13 36.4612047246
31.14 31.9272263976466
39.69 37.23820614
31.08 30.305801387382
33.05 31.581520907406
31.53 32.5440087651898
36.13 37.2532670034
40.64 40.2495111696
28.17 28.3273719174
25.01 25.8442530363456
31.5 31.904077597656
34.47 32.3462664384
37.22 39.32941841136
37.96 37.47718095024
24.29 24.61442600688
40.96 43.7449823976
28.32 29.048170196088
26.35 29.732457158304
29.42 29.824881400093
30.65 29.836037084286
35.92 36.6356561976
35.24 35.21727508272
27.24 31.86882325296
25 24.3087238488
34.76 34.0112197416
27.63 28.50809291268
29.67 30.0044496568909
27.46 27.1144827586848
31.48 33.159304839888
32.54 32.301444471102
39.43 38.06921773008
34.32 33.57406016784
38.93 38.81466067872
38.74 36.42563435412
35.79 34.08069294192
37.25 38.991690117
29.75 30.862572815928
31.24 30.327901239198
36.61 38.2946545896
31.44 32.3168478624691
35.01 35.80824804876
24.54 25.28647529808
32.16 31.70240660667
39.24 35.55515673792
40.66 42.06067457292
26.56 26.946472406112
31.86 32.065679026944
36.04 36.490844028
35.09 34.46848012668
35.97 35.7585293214
34.09 33.09931213104
28.99 28.9801062517344
25.52 25.47829275696
25.49 26.267833344432
35.7 36.5506291962
26.02 24.95518278192
28.7 25.666625084712
25.17 25.617741555
33.5 31.39094292144
35.24 36.901992276
31.2 30.6743512967508
26.97 26.4988336814784
32.42 32.309596315062
30.14 30.921687392184
34.99 34.081775235
38.19 36.981010347
34.17 34.88151428064
28.06 27.8916669914722
28.67 28.674574694382
38.94 37.98718577124
29.61 29.698206981522
32.38 32.56465603248
34.12 33.61532407236
38.79 38.43156768528
36.19 36.66737924304
37.88 35.86409013552
30.93 30.90613764651
30.83 30.755727636366
32.83 32.786472035544
34.42 33.43321380948
26.25 27.8882156568
29.77 30.010509742242
40.53 41.576267763
31.24 31.4933805853632
32 34.1805113283648
28.82 28.3077006403965
37.12 36.90242693424
29.23 29.6972021491511
40.35 40.5760757736
25.5 25.80556991472
31 30.892050441696
32.1 31.387312528632
33.92 32.9888039352
38.28 36.67072056768
31.49 32.300388300894
35.06 33.05180457216
28.08 26.616275759358
28.18 28.707531981024
29.15 28.9405805421312
28.5 29.198842300254
28.75 28.224160321602
26.31 26.67464186832
28.26 28.131140928096
31.03 30.902292013464
27.45 27.049104803034
28.61 28.087127606904
26.16 27.21472860975
36.57 37.99970547876
25 24.1838656200768
35.41 35.36129776572
31.02 31.549336311846
34.7 33.74664011748
30.82 30.8928603605988
34.68 34.107050757
33.63 32.52388957392
36.12 36.46133182428
33.87 33.14059611444
25.92 25.78061639088
28.42 28.9594503165696
36.33 35.6744757624
33.75 34.00553114208
24.81 23.8550676738
35.12 33.76611075312
36.79 36.32346692532
27.65 27.66991278
24.63 25.50223758384
37.26 37.48473257328
38.08 38.38092069516
40.15 39.80832988356
32.63 31.51488884784
31.53 31.7207874523584
37.74 36.29907488484
28.4 28.62290573055
30.16 30.6974081773191
24.53 24.31234401744
40.05 38.0022579
32.24 33.3836760074436
25.43 25.3847924586
28.18 27.49992013035
37.69 39.2353654488
39.63 38.73607056972
35.5 36.66381894
36.03 37.47896547012
25.58 26.213957385438
39.37 37.76075868468
33.75 33.183497992104
27.43 27.86031289872
29.68 30.236523984408
31 31.254076995072
38.84 39.53031966
33.12 32.556786790014
26.1 26.5112067
38.66 40.32242849664
36.73 37.65954282612
37.31 37.22894797572
38.23 36.0676199136
26.37 25.94611707012
32.5 33.3079837504896
39.7 41.57499658992
39.29 41.7606524208
37.59 38.3026991928
28.17 28.1949493274002
32.46 32.26976846577
31.81 32.5303799767776
30.29 31.213160199966
37.68 38.14748000064
37.17 35.1796213494
35.14 34.1597478234
30.06 29.59629287124
24.68 24.30905712396
38.71 38.19421325856
39.1 39.6332676594
38.17 37.295194956
37.74 35.89375584432
38.36 40.0934889078
31.77 32.8400645749548
38.94 38.9786638008
24.83 24.557496121224
34.53 35.28469689984
30.21 31.4223297393881
28.6 28.4231633235122
27.01 27.1096358858316
30.75 30.4714630389876
30.58 29.708326583112
39.36 39.2365588806
30.71 30.00090585339
31.71 31.566479619552
24.41 23.8949958168
26.49 26.969842728216
34.05 34.37988775344
30.4 31.119176815128
34.87 33.668981367
25.7 26.27449980912
24.46 25.07180784912
33.18 32.66720635788
37.22 38.5051344984
37.75 39.83355942384
31.49 32.092167984516
36.73 36.46053393228
31.41 31.36975765092
34.12 33.72700481712
37.32 36.7381559262
38.18 39.09468608676
33.82 35.63926356528
34.59 39.34918009476
29.56 30.0160720237344
32.43 32.6316997333248
40.21 38.09181750672
38.08 38.24438994684
32.85 32.279594544
33.05 33.565911981714
39.23 41.48706658896
29.21 29.2866000863424
37.78 36.24143531244
38.42 40.3685589264
38.58 41.37963104304
36.44 33.618333959598
35.59 36.1824318846
37.06 37.041572196
33.83 32.48507841456
37.05 38.14664805468
32.25 32.9160872842764
35.8 35.43216480828
32.28 32.05074489744
29.04 29.0496328595028
30 30.25360931415
26.05 25.5454417042382
39.59 40.44857886
28.16 27.601458685986
38.9 39.973870275
25.95 25.1923493574
40.41 43.28539490256
29.98 29.531272897494
31.76 31.705463716806
37.79 38.937004881
31.34 30.03284020176
35.13 37.14471604368
29.72 29.98482777603
33.42 33.04023281244
31.34 30.77780035248
39.94 42.40383804192
25.87 24.62961634944
36.96 36.25248415248
36.82 35.4857280696
31.84 30.924487678752
36.09 33.740679303
28.25 28.1167172909856
24.74 23.2113520098
38.69 38.87101723452
30.55 30.27344813235
26.48 26.5380146319372
27.28 27.1055230863804
36.4 34.47101983116
36.74 34.89599194704
40.26 38.8161390942
27.66 27.37365173211
33.31 34.0767723732612
31.42 22.247848207776
25.46 25.06717110864
30.13 30.0407167052064
34.42 35.82808113852
32.28 30.984596630424
29.9 30.2221450354687
33.16 31.524102177
38.35 39.65151903468
40.05 42.707992635
29.58 29.421394872504
32.72 32.535188127774
37.5 35.7146230704
25.45 25.45062104412
25.56 25.52326987428
27.7 27.0967433231714
36.49 34.14168651888
35.43 35.43078772644
36.96 34.217818515
24.44 24.88026132348
33.52 32.3423430906
30.81 29.709264219936
38.36 39.4552184112
37.27 37.20770089956
27.94 28.4328020361338
27.89 28.33685849244
29.03 29.17161166644
36.67 39.00796287984
40.82 39.95912355252
37.92 37.47972886704
31.75 31.358145151992
27.18 27.282603807
32.98 34.3350020458044
40.4 42.18095307504
33.49 33.1189674432
33.45 32.34324942732
38.62 37.84394511108
39.03 38.15417671044
30 31.374937459224
35.41 35.75678506332
26.95 26.59364990064
38.57 40.8267220194
41.29 44.993182755
27.79 28.23956504832
26.58 25.78114616676
36.5 37.42908411012
40.72 43.66738892748
39.62 39.0555969024
38.46 37.79534490624
39.53 42.04150673268
31.02 31.2134254263398
38.26 39.82333547508
35.64 34.80821506908
35.64 36.51177949356
31.8 33.7381157634396
36.47 35.3041457742
27.51 27.748540268136
32.43 32.9303264878944
35.63 36.40952332788
28.74 29.0944762925436
40.18 40.7209799754
26.41 26.48053064412
37.08 36.93779598564
32.16 33.068677204512
28.71 29.328549612822
38.08 35.42855653548
40.31 39.1974615936
28.75 28.4599943952291
25 23.597381868
30.02 30.032252415912
32.22 31.8569270029572
28.27 29.248882754694
33.38 34.3181694538836
39.3 38.85140131164
33.67 32.5655525322
24.46 23.44922127396
25.66 25.08194899008
34.68 34.83035419536
39.19 39.725229975
41.15 44.77518752652
24.44 25.1481568745892
36.83 37.74065346
28.1 27.43231426839
36.6 37.76518317216
40.75 43.098871455
34.57 33.23604271716
37.31 37.6265112264
28.94 29.39169627984
33.52 33.161962893408
28.05 28.934080444206
25.19 25.52076027504
25.6 32.77486593819
30.13 30.6412247877804
40.27 41.651444505
33.16 32.874501278016
24.23 23.897814945
26.3 25.915990212
37.34 35.7350758926
35.51 35.9528692626
40.7 39.77690851536
33.01 33.20889665904
30.8 31.33833931584
28.34 28.318222801998
37.76 36.98827758
37.43 36.12357695664
39.49 41.31489224016
28.79 29.1646823820759
32.06 34.593391555896
26.28 25.4637028242
28.5 28.7750207101776
39.45 40.577925153
28.14 28.852758996576
34.05 34.7383758216
34.52 34.479302412
30.37 31.1462716226496
36.97 38.42857491504
38.06 37.41855567984
38.93 38.4571948824
37.96 38.85339007332
31.48 32.5289528106036
29.26 29.3727524807664
32.79 32.1265439784
26.72 26.9935265912899
28.63 29.253537996
25.76 25.057026252
32.51 32.94973653903
29.56 28.88344841547
28.3 28.9634978885088
24.54 25.42290402156
36.2 35.7354219576
28.33 28.927655155872
29.87 30.4315511066412
29.92 30.137091369001
33.52 33.46458433008
26.04 26.301275007
34.81 36.390459427296
30.1 29.15764569444
39.89 39.7734449016
36.97 37.7852877906
30.78 30.588723001944
25.14 25.55456925624
34.09 35.238486654
37 38.72752999632
33.79 34.59659023668
37 38.6983290846
36.74 35.1392721174
35.86 36.24325353948
38.85 38.397136764
39.07 39.12685828752
32.92 33.4789551354636
35.56 34.86496364544
29.72 30.1258034646572
28.68 28.628004046464
29.1 28.26347216148
38.18 37.21895173776
33.98 32.8477695336
30.52 31.5585022066042
38.26 37.07037882468
24.52 23.3029912632
39.97 38.60713115364
31.56 30.244819680846
37.65 38.04638861856
39.72 39.86041971276
24.28 23.40051313332
28.83 28.9098080838547
33.14 34.285707634494
33.06 33.5303251416
27.9 27.5931302775912
32.71 31.62992637372
39.22 36.788503527
31.22 29.925835547304
26.43 26.8485294610752
24.24 24.6212957764788
31.48 32.396388199374
39.39 36.07121528004
25.18 28.07392763412
38.09 40.24883056656
25.43 24.54979648176
33.99 33.05914469232
33.29 32.0675388984
33.87 32.22236930004
31.19 30.814527871422
36.24 35.77424481744
32.66 33.3516864589932
30.89 30.7348450272
40.33 39.6832090914
33.24 33.80317007175
29.47 29.607777239808
40.43 38.24162566236
37.7 39.72059389404
26.3 26.572726732638
25.05 25.61705741052
32.8 33.011739384744
39.37 39.43146953424
37.25 37.029070431
35.9 36.60230530608
24.04 25.2153922052916
35.64 36.36776656812
32.06 31.30012083888
32.41 31.33264895124
24.3 23.48521142748
33.05 32.59795534908
31.87 30.464422412598
28.81 28.665059881326
24.75 22.86646808148
29.87 31.43279120811
37.09 34.32714411888
30.4 31.362593164254
26.92 27.040663162344
29.84 29.9157623439913
32.89 33.27458864436
34.83 35.31405988464
25.24 24.64317176532
32.18 31.995136130184
37.33 39.60858524064
33.96 36.795859530648
39.16 39.11247744912
29.33 28.6684708758912
31.29 31.9956084941604
28.59 27.8951789283039
35.53 35.75620434576
30.91 29.29883445936
35.15 37.1861732184
37.2 35.38256387604
25.16 23.99432443668
36.93 38.3385513312
39.11 41.81769335604
31.66 31.9712792790492
32.88 32.831969432544
33.53 32.33681038524
26.24 25.62431893056
29.87 29.5126012424628
27.75 27.4863442804764
40.19 42.82817504304
29.97 31.55200060356
27.17 26.9963191747188
25.29 25.7405377902
35.44 34.90058629092
36.9 36.996341652
29.45 30.326964421254
30.2 31.540544869734
30.1 29.7218272363968
40.11 41.550637272
25.48 23.9503326282
30.61 30.4912523281493
28.17 28.0352356410154
27.46 26.5143164152935
28.91 28.1780932506
34.67 27.44983318863
35.76 34.42322359116
25.32 24.0193227112236
30.25 30.353054046654
28.17 28.476076669536
30.89 31.049240447718
27.15 27.1371670076832
24.06 24.16415067072
31.29 32.4770957662752
38.85 41.3629524162
35.47 34.14662088156
25.1 25.22700995697
32.72 32.811763683456
24.74 25.3885518325008
34.78 35.71458348924
40.91 41.6124306342
27.99 28.0491059016
36.98 38.31262521648
31.26 32.6143250442432
32.06 31.615739787744
30.92 31.6201393707876
28.18 28.6142787691236
35.54 35.4171929574
38.28 37.25566781424
28.17 29.829595096032
33.17 33.1963297512
36.2 35.09457216048
31.44 31.1961643675068
25.63 26.769199374702
37.96 37.25084069604
26.12 25.74325313904
31.49 30.1778770698
39.34 39.30688053852
25.14 24.999474051522
37.96 36.71921171916
31.88 31.92625759356
36.15 34.86288261744
25.51 24.3691314648
30.34 31.1858147142231
33.86 33.1058701896
24.25 24.82141278168
27.51 26.9087981688
38.52 36.93682486764
26.43 27.469926296502
39.38 37.29926574036
33.81 34.07516143284
29.03 29.1719924748576
40.17 36.57018555696
35.95 34.0083900714
31.83 33.6321153812832
32.15 30.63888087984
25.36 24.6983922936
35.46 35.85324006
35.97 34.7390187858
33.25 31.79432801136
26.92 26.645350538718
33.77 33.9817348638
27.84 27.4529909546412
28.75 28.632553251024
24.71 23.4717422856
27.63 26.97383256552
26.59 27.1646382028251
35.37 33.781901661
39.55 39.3174936792
34.38 33.96477271068
32.12 31.512080370438
32.06 32.418843820554
39.15 41.16961506336
39.97 42.5728070694
26.28 26.990476884
26.67 26.140408298424
31.38 31.249926557046
32.05 31.7233612944
34.62 36.36741274572
38.77 36.27177897456
37.32 36.4463568864
33.87 32.489283969
32.5 31.552799006046
29.44 29.955390168366
30.89 31.0259761695708
33.3 33.544412480664
24.42 23.31599724972
24.2 21.85063088496
34.84 34.50944459844
39.69 39.16944778356
28.29 27.279794604114
28.23 29.002114212168
40 43.29310427136
40.41 40.50138355932
36.1 34.58254423536
30.2 29.713542400728
32.02 31.83202562352
29.81 29.76464445543
29.95 30.04570974759
37.49 37.90147770564
38.02 38.58051535692
25.25 25.456789599888
34.69 35.01286155888
34.12 34.7451679938
34.22 34.79301799056
24.68 24.98533089708
40.44 38.40059403468
26.2 26.1908006526
26.74 26.719730451
24.79 25.9223523986172
38.87 35.84157840048
30.44 30.522390942696
24.44 24.61111868844
28.3 28.766657522208
35.83 34.92908906028
27.95 28.98240891696
26.3 26.48055403404
35.57 35.3418100482
29.54 29.659962838824
31.11 31.0839751808388
38.53 36.23310806928
32.62 33.13592042124
40.8 42.65787782256
40.55 39.42519954012
27.89 27.325427854104
28.97 29.5312744362
40.82 39.6436282074
31.12 30.9617151879312
37.24 36.48853638612
27.43 27.29308604256
39.95 41.85498761472
31.03 31.4216810230752
28.02 28.7442540836988
31.46 31.0182669432
31.82 31.08830683875
27.28 28.0293955555212
31.51 32.393126541587
25.57 23.8694142186
27.27 27.297843820872
30.51 31.2011753373658
31.21 31.48732076196
39.25 40.40677880208
38.03 37.30598534412
36.29 35.17243711236
26.43 26.4347660057316
40.1 37.31825211804
36.83 37.780406892
29.13 27.99534149475
28.28 27.9399745985184
24.19 24.88517288976
38.6 38.5069105206
37.23 35.67275572176
30.95 29.59736550291
38.5 37.72559872176
24.28 22.83455381652
26.2 26.6355938690028
38.21 39.3085743462
39.74 41.06566223712
32.95 34.0912828545876
24.84 24.14759716476
30.65 30.612633967398
38.19 40.83365187036
29.24 29.689608278598
35.49 35.73767994876
29.89 30.667501505376
27.1 27.5334966544176
30.41 31.319283429822
30.52 29.728120396878
27.33 27.512814963264
28.61 28.7020366717908
35.89 35.7962269464
29.24 29.522419566
34.92 34.860820668
33.97 35.201324425824
27.35 27.00616290192
28.16 27.39531202647
39.22 40.55336891136
32.71 33.8223609523392
38.45 38.18788065948
39.63 38.81033920476
36.33 35.61878252004
31.01 31.3661895888576
28.1 28.95190516687
32.09 31.952927002518
32.83 32.58521884656
32.03 32.246660069454
29.11 29.22222680352
24.1 23.86534098492
38.23 38.44612535844
26.43 26.176857259998
41.95 43.34806302588
40.66 41.5427681784
34.63 35.34692455152
25.51 26.1814120829568
32.48 33.0416369101872
39.43 37.668086172
25.47 26.29928019483
29.67 28.7590485333888
25.77 25.675800855918
36.47 36.50204256564
39.96 43.18860376272
26.76 13.750234763808
27.1 27.47575914192
33.6 34.25273820228
32.19 31.36278957924
33.04 32.856600073896
32.13 31.429790182878
25.72 25.6616257390596
31.2 31.5581248264176
36.99 33.63889666608
38.52 39.80544589956
36.78 37.94308802544
25.26 25.32690740241
30.02 29.1533425565136
25.2 26.39929540548
33.62 36.257430823392
39.92 42.0893357304
38.48 38.20439976372
25.27 25.1000821014
37.3 35.90878774656
38.6 40.379171508
27.3 27.1090328422572
36.01 36.88549657392
29.44 30.434009168286
29.47 29.592275717088
31.5 32.6620373807808
37.6 38.31517516848
31.38 32.247783447558
36.42 37.2888013686
38.33 37.22577747156
34.5 35.12739152016
40.67 44.58231819252
38.02 36.36186512148
31.95 32.9352777540528
25.53 26.786681151072
32.36 32.34175705776
25.83 25.1628188016
37.74 36.86274106176
34.46 33.50218444812
39.86 40.86058870224
31.22 32.4291202961376
34.2 35.85338362608
27.17 27.377186488152
36.8 36.94058695968
39.48 38.93179780656
24.41 24.121859237401
31.09 31.4376479256
25.94 26.2485522757404
26.48 26.3036063784
39.03 37.7966768184
25.09 25.41796619676
26.75 26.069576025018
38.71 40.67281517292
28.66 28.9215871857744
27.35 26.9505049084608
35.06 37.01949523728
37.3 38.090736549
33.92 34.532678241
34.82 36.1746913104
36.25 35.80592100228
31.86 30.97359661959
28.35 29.1213229627152
36.07 34.9306509192
37.47 36.47506025952
41.22 39.01697959092
30.11 30.466283356728
36.24 34.94896916868
38.95 40.7385879426
37.3 35.51574117156
38.01 37.44970229604
40.2 39.84637013808
40.96 40.640032665
40.63 41.78061808032
32.02 31.557472897278
31.8 31.8490081314576
39.73 40.53846906672
37.71 36.7455952464
36.13 35.4844604658
24.83 25.7618269091808
32.58 31.2112467
33.26 33.5537378064
36.12 35.01285710832
32.61 33.04491894129
35.79 35.0476208754
25.86 24.8441758295292
31.05 31.2557413980109
33.5 34.226898900576
30.6 29.510200143
28.7 28.5469456205746
25.52 25.332569073288
31.92 31.298614261704
28.31 29.005967185758
38.92 40.99066827792
35.24 36.3326447304
36.59 35.1698544264
33.62 34.9871287993836
37.2 41.11834124556
34.92 34.23336738192
34.24 35.9820701436
30.49 29.793809994336
36.37 35.55994523184
40.29 40.44537945648
31.67 30.99925744635
27.67 27.6029129455812
36.15 35.86380152796
25.63 26.217178214238
35.3 35.94656294892
25.1 25.1258764799616
26.85 27.7699397366916
37.89 36.2239130424
29.13 29.2160805452124
32.44 32.61913460016
37.67 39.24548594736
38.01 35.43196728
34.8 35.0981978814
30.43 30.80494029156
29.15 29.696659265337
29.4 30.535032037368
39.41 38.800866948
28.46 28.7272279296
25.28 25.67721106833
34.44 34.49777318172
39.15 38.90608322868
27.81 28.527977373
39.33 37.96534537776
37.74 38.68047118476
37.37 36.11808001872
28.79 29.005353389736
26.06 25.307866608
28.5 29.06853815139
33.69 34.45671236304
27.77 27.816181412454
28.18 28.890640909854
37.61 36.4596673194
36.55 35.1270729528
31.55 30.986439635808
25.23 25.35356526732
27.85 28.853488071936
32.87 33.4462899547404
25.44 24.53125942956
37.69 36.72420459264
39.13 37.36891358784
28.16 27.6865293947508
31.53 32.44527846384
33.69 35.0103020172192
30.71 29.718279794976
33.41 33.587447546286
33.29 33.62220594468
33.16 32.76053731908
38.88 37.158002604
24.87 24.92097171324
35.2 41.587800602976
25.89 26.62697919219
33.07 33.01822103091
32.69 32.06516459952
27.21 27.389592381504
30.27 30.25071700476
36.63 35.94276735744
38.61 37.72585850508
30.54 30.6548179907631
37.48 39.28903101744
30.58 32.37736905099
37.61 36.6746614758
34.19 33.65680716924
25.36 26.7568421693952
34.56 33.45714787548
26.75 24.2288680152
39.78 38.47932738948
24.87 24.8655053561952
38.47 37.52905933008
33.98 35.0973375804
27.81 27.2069458675047
32.16 24.7649449464
36.3 37.84685182956
30.25 30.158280385146
31.21 30.525156175968
25.03 26.255207739582
32.61 32.1504993558
27.58 27.702600484992
33.96 33.93609440412
28.55 28.7799720351632
38.27 35.81107020288
26.85 26.757985831326
33.87 32.49770331216
25.04 23.22011558448
33.09 32.45527739727
31.8 33.594811254504
29.73 29.14785814335
38.19 40.42880886132
37.05 38.26438795572
35.99 38.01317400228
28.13 28.462322896398
37.54 36.0665468976
35.37 35.00618511852
24.86 24.87039857808
31.83 31.7859016491168
36.32 36.14929704564
38.5 38.9424794526
31.62 32.646724009848
26.88 26.5280691140544
36.18 37.29421577712
39.58 38.20926274224
32.65 32.541748697214
28.25 28.48108064595
40.53 40.3569448392
31.69 31.70448059691
37.81 40.43873836944
33.05 34.7021058236803
30.33 29.666618386254
25.12 25.9788096156096
25.08 24.77922353712
24.69 25.1939584488
36.07 36.77483386116
25 24.14007289908
33.11 32.73001493655
39.68 36.26323367724
25.67 25.00773307152
38.78 41.26901279508
29.57 28.734898310934
29.41 29.900761100598
29.2 28.76686339563
24.06 24.83369142564
38.13 36.59829008112
32.22 32.7605002504301
39.75 38.56008877932
30.4 30.018154997502
35.08 34.36768800048
36.59 34.87446355284
33.67 34.4512258527888
34.54 33.5796913278
36.31 37.6846315962
32 33.6469236654564
31.2 29.9860395073344
34.25 35.0904065346
39.36 39.7934652114
26.35 26.6910684450876
30.5 30.117389882688
33.68 32.84896241196
39.64 40.508188956
29.68 29.775106086
34.25 34.56775837404
32.31 33.2425820796204
36.03 35.14657544928
26.16 26.0437541507775
29.72 30.361917045654
28.26 28.148716515384
32.16 32.9764350384979
40.63 43.5004144704
25.92 27.4261411357812
38.89 38.3417223414
32.69 34.1517143720736
36.94 36.88194865104
30.63 31.4627578941132
28.71 29.086086916566
33.77 33.95500390512
35.06 34.4234138568
24.34 24.4620184392
24.83 24.46475083956
35.23 36.0790373976
24.84 24.363383247
33.61 35.3274937529844
34.58 35.20766321712
39.18 41.5824116454
32.49 31.7969639736
36.36 37.69888973124
27.3 28.2913094343223
29.91 30.5690083166352
25.79 25.5140028493296
36.56 35.51055555468
31.2 30.10995279195
36.52 37.835354139
25.16 22.0156428528
37.99 37.20131205372
25.97 26.655572059686
38.44 39.03960619008
36.56 36.80483312076
39.06 37.7131916808
24.13 24.066852069
38.62 36.7111268952
35.84 35.16350578236
36.44 36.588333708
30.65 30.9281356212864
40.49 40.32623270448
38.38 37.09418631312
25.07 25.1136234718142
25.29 25.127677548
24.3 24.6198711
39.25 39.41690931852
26.85 26.48126567628
39.07 38.26853930412
27.3 27.65983146096
36.92 35.48717440752
27.02 28.0252078884
36.98 34.8355841184
36.28 36.801077679
27.11 27.5087374878375
40.36 39.05318766384
27.92 27.897260999544
30.69 30.236203140576
30.08 30.5517561503376
33.43 34.0438750841868
33.97 32.81301019092
25.49 25.620764828256
40.74 40.5441884064
41.55 43.34134626864
37.23 36.36831918672
25.37 26.0916464252544
26.67 26.454525350022
30.41 31.1716871324784
28.23 28.79860038975
25.59 25.46324043852
39.31 40.76903270448
34.09 33.50441457264
35.93 35.4018620286
25.63 24.886395615
34.42 33.0414285672
31.77 32.789539671414
28.26 28.0354249376834
38.78 41.98000189968
24.94 24.73192516992
38.82 35.8427698368
34.38 35.83331598408
24.48 23.378570785008
27.31 27.39946089663
31.58 31.118410747872
26.21 25.9968882941892
30.96 31.7439626614702
31.5 28.2457125998064
34.71 34.70579945316
38.2 40.63786967664
34.21 35.19775370832
39.23 41.3837478402
27.1 27.596542999542
37.79 37.59671748144
30.8 29.560212531936
35.57 34.9578838872
37.81 36.6887794104
30.4 31.899004724406
37.35 36.79253027856
39.14 38.79919974468
37.76 38.9826617112
26.75 27.12728989584
26.35 26.43500592564
32.26 31.62711031632
39.61 39.62687813196
29.83 30.07362380439
30.24 30.7667891555251
27.46 27.472884870648
27.17 27.11992566576
32.92 33.7351649120448
27.45 27.1598315791428
30.78 30.3962926101444
29.4 29.200353395022
30.24 29.635845522192
36.43 37.9055772198
38.94 38.8293467526
26.3 26.48724513387
39.11 35.59487754384
38.26 37.52073214128
37.21 37.5094839624
37.95 39.2596717038
32.55 33.1396192621668
31.07 30.498820609248
26.76 26.9448690834
25.11 25.68957975216
28.35 28.909627681176
34.66 31.7397823848
31.16 30.88587610683
39.04 40.304912169
33.4 33.9791490577728
39.67 40.12369523568
28.04 27.953124237
36.65 37.8453815214
25.3 25.39402013616
33.98 33.246676047
24.62 25.29367335936
27.02 27.0994228254
27.23 27.6407797062
31.12 31.6034568847764
28.88 30.185699101614
32.67 31.97033880624
34.16 32.682404964
32.03 32.658395342544
38.19 39.54458765988
38.66 38.18664422652
29.05 28.4943893682017
24.38 23.5210294854
34.32 34.17942119088
37.75 37.9078508178
40.24 39.93864188388
39.55 41.09482348644
27.9 27.697972948416
35.05 34.17391846032
31.2 29.823557481
37.7 39.219401205
37.66 36.81826032912
36.67 34.42679366448
37.9 35.29741468716
30.71 31.0355780714101
28.85 28.1784638836721
26.38 26.54602918416
32.49 32.5852028077632
34.29 32.39960265324
37.11 35.56371562668
28.88 29.3492466995268
31.84 35.2858497725124
39.24 39.89856852864
37.74 37.28370298608
40.32 40.20735632544
34.54 32.9583834648
26.52 25.76356061997
34.79 29.24306506332
29.19 29.937131900262
35.35 37.18517483364
26.05 25.34068667028
37.41 39.58023495324
29.91 29.6188135368708
31.55 30.940388868
38.95 36.73193233968
37.44 37.7778262302
32.26 31.60619442087
30.23 32.750545891944
32.32 31.61188230012
40.15 40.984678836
35.58 34.0815222414
25.19 24.5877917067456
35.44 37.23230088036
36.51 37.81231425132
27.66 28.333604039616
26.55 27.05950179696
26.86 26.417198417424
29.66 29.859421929312
24.11 24.90907918752
31.04 31.0821425811936
33.62 32.7406855128
27.2 27.0028532619696
36.07 35.872010259
31.06 31.6648671201348
32.41 32.9749401698532
26.08 25.5293276616
24.08 25.03563587904
40.14 43.23159478464
35.16 35.51734924524
29.8 30.0194968072469
26.27 26.073858074742
25.65 25.50765881712
32.52 33.4530110526516
28.47 28.702072316766
32.83 32.5901794896
33.69 32.9979090186
35.57 36.44232826992
28.14 28.2669642313815
33.21 32.61617597148
34.29 35.12717566032
38.68 45.15602724204
30.4 31.27284946464
31.05 31.2441444454366
28.68 28.17841529988
30.76 31.89590996775
36.83 36.262485216
27.62 28.18798974
28.3 28.453907594616
25.87 24.82870318128
36.54 35.08349754624
30.49 30.659608400328
24.67 23.9447716758
35.31 36.0458093016
28.72 28.4596778715759
35.98 33.90164536332
27.13 28.444219054254
34.58 33.88895556732
31.14 30.853017291288
27.98 27.1867539093888
26.96 27.0020100798
39.26 40.7781324816
25.97 25.43873103936
31.75 30.876543240582
25.1 25.399685204286
39.16 39.3206057976
38.53 37.9214079672
34.45 35.6184267192
37.88 36.77415769008
39.66 40.386152388
39.72 36.33484865388
28.21 28.4001318166407
38.6 36.28482108672
33.45 32.62992483264
24.35 25.435071747576
28.6 28.5829738509744
34.04 34.04974893264
38.68 40.3663031334
30.22 30.4832771906892
38.52 39.8535595362
32.8 33.0314058958512
39.39 37.4187757128
32.87 27.528266140128
35.69 35.52108565788
39.29 38.90925982548
25.83 26.605966577928
38.35 39.6011873178
32.42 30.943559151126
36.61 36.38195278164
40.74 39.4853438232
28.56 28.2529951597699
39.08 41.14573660788
31.22 32.6901727104
32.93 31.93681446972
37.98 38.94732980352
32.97 33.7734072634308
38.51 37.83342910896
25.21 24.55112066688
26.27 25.87623633072
29.82 31.00061574912
36.52 37.548222975
31.38 31.5806641578144
24.56 25.571989630242
35.86 35.1938347026
25.79 26.8424168193804
36.78 25.6058854206
27.58 27.17010047664
25.23 22.002648528096
37.48 36.33917910876
32.99 32.653868364
32.66 32.584554554688
30.14 31.03104956859
30.21 31.0157314572228
24.48 23.8550213838
28.76 28.990572273792
27.4 27.6996889480896
30.43 31.5869071848732
38.82 41.26058660352
35.43 35.16184200816
25.13 23.8738639566
30.99 31.6952872591153
40.73 41.46199491312
38.93 38.38157641872
34.04 32.9589085656
40.9 42.71277277296
28.56 29.0346801739191
26.31 26.18925348996
38.19 36.5613129264
28.15 27.9309260009527
27.35 27.660804774822
31.64 31.9419393934224
25.47 25.97699398716
31.02 31.4465209857888
36.86 38.000745675
39.93 40.59400378416
26.72 26.5655553336
35.46 33.9977974824
38.99 41.66265293676
32.02 32.117047892856
38.79 39.16478061648
38.22 39.0852838674
40.56 42.472102191
39.17 38.40193568688
30.69 30.2553553564176
33 32.826438542046
31.51 32.031543012174
28.6 28.624043193282
29.84 29.54380401312
38.26 40.01567728176
35.78 34.725295824
26.49 27.361507155552
30.73 30.7454911102656
29.43 30.0428802259644
29.29 29.6824069346404
36.24 34.42105411524
40.86 39.84860156976
31.97 32.03877016044
27.82 28.33309087632
33.54 34.5436497189216
28.16 27.7497152609875
39.61 38.071762299
25.22 24.86946149808
37.36 38.657854515
39.82 40.4786530296
35.26 34.44536838768
30.1 29.8170771556512
29.37 28.6521964589847
29.96 29.07336584223
34.78 34.14077226144
25.35 26.25529991472
32.4 33.516685556322
27.44 28.10231752959
29.05 29.83735339143
27.49 27.49005925191
36.41 35.84770350588
33.15 32.52014074764
37.7 35.623815084
24.81 16.8813375264
34.78 33.87794146416
40.33 39.83236920948
26.62 26.51793989715
33.24 34.32512854485
29.05 28.4449394228676
30.91 30.904108559424
33.77 33.4503580626
36.65 34.33672417392
28.39 28.63816751475
32.63 32.8997411319552
34.76 33.682332849
28.1 28.323790209918
30.62 31.239985474806
28.82 29.274767012832
31.28 30.49055944587
26.55 27.23206487856
37.97 36.35836200924
30.73 30.903482199648
35.31 34.6094395464
28.6 29.0543570738604
25.24 24.84290929968
35.33 35.16226701744
38.32 37.39156375212
32.47 31.90787832972
32.02 16.1886219120135
28 27.8599213836324
37.51 36.71699792412
37.35 48.75151408908
34.15 34.282607832
33.81 35.209685454048
36.24 35.5802482776
39.31 42.36316985892
33.78 34.511948034144
25.01 25.5880251126036
25.57 25.15404356592
31.66 30.71866548039
40.74 42.65795341872
27.57 26.999239928478
40.47 40.92911278416
26.58 28.2554596898609
31.64 33.2447432073588
31.39 31.226279872032
37.44 38.19899876724
36.5 36.1764886902
27.38 27.27663718032
25.43 25.0520615274
28.42 28.9469850192
31.78 33.351527642238
35.83 37.192228491
34.45 35.6385418968
33.87 32.07762973056
29.17 29.079771452238
36.05 35.94595425984
37.42 37.36768489236
35.63 36.18428186724
24.39 23.268101964
24.97 25.4072019624
33.91 33.99176862768
29.47 30.12735459648
30.53 29.906327028894
26.45 27.3723128647596
25.67 26.0233977044544
40.61 40.4686215414
36.01 35.8915800006
29.58 29.185648428
27.79 28.2696987774636
26.07 25.3375150614336
27.89 27.88792997316
33.84 33.22541360028
24.58 24.24455321184
31.15 31.7289708131904
35.03 35.86835781936
33.7 34.2273304176
25.67 25.5455834689068
38.39 38.67571063728
40.76 41.2664833386
37.12 37.74440104836
35.87 36.4984929654
37.43 34.69301172912
34.93 34.95231511332
35.54 34.0488770454
36.24 35.09326751988
37.78 36.91092370032
33.32 32.354743260744
26.68 25.97761581879
38.71 41.21190516528
25.08 26.2233049280688
34.64 33.469631325
34.63 35.41637115012
39.77 38.67198116412
38.09 38.711367063
25.42 25.62747198768
35.62 36.02185503744
38.08 37.73154195312
27.33 27.592679233542
26.05 24.87242153844
36.33 36.18720118548
33.84 34.84895456484
32.91 33.6624687109428
26.19 26.32271508351
38.83 40.05777196464
32.29 31.56009007968
34.99 33.3892709496
39 37.43299175616
36.6 38.072137161
28.36 28.23752673264
26.05 25.23214438836
28.61 27.778057219488
40.08 38.94833896668
38.47 38.78828080176
30.54 29.70367711971
32.97 33.155909525088
39.06 38.6794985784
37.99 38.49176069088
32.81 33.4560433827612
29.96 29.3703406559964
33.96 32.7029380002
31.9 33.3960252547644
31.58 31.6343727220512
33.78 33.2523263358
30.34 30.608991138834
38.41 38.5130496744
28.5 28.48375175775
30.66 31.6428571798551
38.24 37.268580909
26.61 24.8803533744
39.69 41.50505145168
33.93 34.322444496
33.49 31.92114347772
37.15 34.77501876384
33.24 34.0064730580764
36.67 36.81904969008
33.83 35.1443438004612
27.65 28.101332301696
40.23 37.78620780348
29.39 29.87096428368
34.67 33.50146958832
39.08 40.85935230384
40.14 40.4163806352
29.45 30.23730648912
32.39 31.5122185662
32.21 31.142295484206
33.1 35.3161304632022
30.96 30.679751525856
38.32 36.94840049616
25.7 26.0040846573216
24.29 24.65294269572
34.21 33.3134223288
26.98 26.7573425976
26.05 27.0261018130464
30.39 31.6389663576
31.45 31.245344450208
32.77 33.8367094354176
31.6 31.949532864306
30.54 30.2956907382
29.35 28.922323652382
30.44 31.191849574817
34.89 33.7480636446
24.58 23.83422381168
29.58 28.587168054072
28.73 29.153542029024
39.32 40.79798869392
37.81 38.29326981852
34.19 34.46670925836
36.65 37.1671185576
34.58 35.72223502032
26.07 25.66101314307
40.55 40.21840872144
30.99 31.20201770436
37.88 39.20845528164
32.35 32.29820502912
33.25 34.7710466660112
25.23 24.29992578672
34.7 33.65644919124
36.05 35.89012211856
25.73 25.2134248056
28.5 28.6081015674324
28.91 28.6703108126758
28.26 28.366180785072
31.07 31.292787136536
33.06 33.1576541112
30.03 29.83936145751
27.53 27.79419489687
36.67 36.59085045828
36.21 38.19501892308
40.18 37.8119578608
40.1 40.16657606436
33.99 32.758261533
26.01 26.046609014688
38.9 37.633877196
24.39 22.72313113056
36.45 34.85448191088
34.23 36.256498212672
33.16 32.19425184576
33.18 33.00841971324
30.18 30.0338963876417
35.4 35.9109289062
26.01 23.9231028411792
39.9 39.8904842754
28.03 28.047594700038
27.35 27.209562673632
39.97 41.8677002016
39.14 41.120977647
26.42 26.576738168256
32.73 31.594776146016
40.13 41.4452769624
39.44 41.19581863152
38.86 39.1168506312
36.11 36.9701970768
35.87 34.45755912036
35.92 34.1026701486
39.39 40.64992043268
33.11 33.592293168696
34.79 33.82528482576
38.18 36.7765292088
38.24 36.34890303252
36.46 37.5314148504
38.83 40.27934067468
40.08 42.56784532368
35.49 33.9663917928
37.74 39.4688751582
40.69 40.94859669804
26.64 27.2193149628612
40.49 40.92259267632
31.44 31.483999758816
40.57 40.64301279168
39.69 39.28545347472
35.34 35.78446442268
25.01 22.2067587714
29.6 29.160099074976
38.19 37.10477414844
27.41 26.706411567174
30.8 29.437919196822
30.09 30.928011408288
39.51 38.6369233128
25.79 25.82436909312
31.65 31.371310089696
35.88 34.43560030368
24.03 24.184607963574
28.25 28.053203295126
40.63 43.1778909192
27.88 27.4471120235952
27.07 28.273641827256
24.88 24.49258545552
37.05 37.64522892096
35.96 36.21963070032
36.25 36.884540655
26.81 27.81160769532
29.25 29.944160482032
38.39 37.455341595
28.38 28.0235800131516
30.25 29.573023544622
