-4.053 -29.1125003294348
49.33 62.6160253904547
48.18 97.0192400659494
-36.19 -28.1099677921504
-7.203 -5.52060504278672
-148.7 -186.447279568912
147.1 98.1628916308732
-32.9 -2.95653210552741
-45.67 -38.6044926883168
-35.99 0.892980237541734
30.61 23.7680459340903
9.071 -6.90632112238246
-109.8 -101.425603252889
17.64 3.95657949459196
-44.86 -89.0951169831137
-150.8 -196.608178258699
32.22 109.766522087552
-16.59 -34.6971616837795
-97.5 -87.5089660625354
65.71 67.8170432779254
53.67 12.1446908954562
137.9 112.591976483253
80.87 90.9656430332665
-70.55 -67.4643986518533
-56.64 -148.996781193671
83.4 75.742429690848
31.28 -19.2120520589536
-55.57 -81.6977039014028
36.06 -8.33980091545948
97.79 65.6543049877848
-102 -153.416117389923
127.1 180.21813728351
29.93 33.5195958405027
-141.1 -82.5839435109966
121.8 147.953963978355
-99.64 -162.929090248481
-11.52 -2.62761987542741
110.6 114.342062886151
-95.44 -135.976031596201
127.6 -66.2145477265072
-56.63 -57.3133376084665
-102.4 -110.970503802989
-102.2 3.06467745165431
-24.7 16.3215827649288
-145.3 -149.875286631306
116.9 245.982747687905
-42.21 -22.8563689720516
-21.01 -28.9634620145582
99.05 73.9725178391633
-28.1 -59.4077614212758
14.62 -2.57956304088749
29.64 -11.8399812326204
-8.035 -51.767579933329
129.2 224.255100770943
78.82 67.4366218803977
66.08 19.9713486161084
-123.6 -232.197702512207
-31.79 -43.1511867018181
96.51 95.908127565541
129.1 164.719702585426
154.3 174.252571421837
-63.23 -110.216876205348
4.812 160.714817133019
23.14 22.4938132435935
116.2 183.237555685882
-0.4484 -30.4282654681238
98.84 102.857286685378
116.3 145.430121505974
130.4 115.830770112495
-0.7894 -2.42369330948078
105.3 70.9723073982165
-36.46 -54.9845396975621
5.744 -45.1350199509038
-89.66 -87.6878070887777
-15.26 -6.99651709910011
18.92 31.7943208209555
83.91 181.844891653638
-66.41 -79.3195079401102
-10.52 -42.8414108484063
-46.58 -35.8988102878602
-78.46 -61.3503234365184
-144 -175.444638888385
-21.26 16.2615214048058
148.2 163.83893378059
37.72 -9.165780186984
-32.27 -39.5823049061528
-124 -117.672899216352
158.1 155.279668392557
-142.2 -183.371433785343
-79.21 -80.1903333462852
110.6 130.873844116449
-105.8 -74.4731237138736
98.27 79.0849809484856
-18.84 7.51041664572619
62.9 130.709793064105
146.4 125.068079618044
-56.49 -87.6246495970923
-71.95 -80.2239907221143
-27.55 0.367132330786677
-157.1 -211.734370065867
-54.51 -36.3250415283468
-62.54 -74.8469712079115
127.6 125.340199741559
-123.8 -148.333067034155
87.62 148.769810958887
-78.1 -46.2302279369848
11.14 56.2421496606954
85.12 95.8501441977913
78.64 112.623454056684
-9.481 -51.1514482370737
106.8 84.3295559284764
6.688 16.7604800270695
105.5 180.833960385384
46.29 61.6132577509861
-113.8 -61.4246307301476
72.02 86.6014592843959
116.4 171.828908534466
-97.06 -139.901646886878
-153.1 -226.715334798279
124.7 52.6986064487766
-37.29 -77.0856742054596
123.2 163.878042064733
-104.9 -113.458187050236
55.2 66.5362454312477
52.96 59.594129684616
51.35 25.9645508317236
-74.88 -26.1672544116594
94.66 49.2284887248146
-44.53 -66.9759197500608
-38.33 39.3157885246627
81.89 69.0942417228771
25.63 40.3439083547353
-62.84 17.9144330830402
26.16 32.5871623205899
-19.15 -46.1587762387502
-22.65 -41.3988928796489
-104.2 -105.480511359721
24.05 -15.055304412847
-115.9 -125.502088092117
-52.32 -23.4507590602344
-107.7 -95.9680894155086
-115.8 -106.037242471024
80.42 110.539681174547
69.24 32.3250227956046
135.9 101.695752312983
-10.3 -61.8296443507968
88.59 68.5281913933163
55.05 91.7430899649584
-41.72 -4.91978528425578
51.65 40.6737168654539
-46.69 -38.946218615026
-146.7 -139.95192770957
-129.6 -101.397601986349
-74.67 -66.455048557978
-38.41 -16.7373293184218
157.2 147.357332605709
131.3 76.9091329765476
-139.3 -217.556921221002
-75.81 -95.1161818312874
-67.26 -66.0996311193497
-140 -175.906235866362
-102.3 -168.62525230465
-86.73 -107.728765195168
43.61 62.7716788467572
58.39 50.8332487269756
-24.58 -22.6735592337635
18.56 30.8434808246019
2.467 -10.2338786318115
97.68 61.3963570225324
88.93 119.293240982672
-143 -176.427827467513
24.54 38.5624627677785
-97.13 -120.613047082881
-63.89 -74.5129547680639
77.95 26.5235593936981
-18.44 -21.7371129972701
52.49 0.980281350017165
8.649 520.121691833796
76.29 35.7484694600481
-126.8 -111.143386775509
26.35 51.9435832617353
111.8 181.042622019854
-104 -103.946826329094
-48.5 -7.60455633524773
11.65 9.8813664631192
14.9 -6.57756058632473
107.7 172.927804887363
26.15 -25.7387903754941
-129.7 -134.371547155326
-115.5 -144.36391019993
-117.5 -153.250823937473
138.9 128.633385933582
-157 -156.353311295881
43.02 62.8772428503018
70.56 68.9728096741941
-147.9 -208.619407743441
31.81 41.7451800919987
122.4 203.76421403674
-83.82 -86.4241795761161
-47.05 -60.2051617176297
11.21 22.8536027040273
15.3 16.9401652964706
120.1 89.1504797474141
-82.4 -114.088131097251
-96.33 -59.3945482091498
-56.2 -41.9821669956666
10.67 16.7975599194263
-20.98 -34.7597771308546
153.3 78.1584848877489
-46.53 -9.24002686208268
48.98 35.4762243796258
-15.91 -23.455518117967
15.86 16.7750476546266
-70.35 -49.1975716835928
159.8 193.490302160592
31.48 26.5828555348586
73.76 98.8542854480794
31.35 2.16122997197117
49.62 -523.455256766094
-50.16 -66.7340368442801
132.6 67.3030492922351
45.96 58.8045816767609
73.25 92.8694776362844
-154.7 -197.370794634066
50.85 105.968288130776
158.2 122.493266899028
-4.159 -33.8611323765278
86.24 73.88943029426
-76.04 -8.04218336443841
61.52 86.0193715667235
62.4 82.5375511949185
-121.2 -146.249245212452
-104.9 -85.1604816951355
-123.1 -116.515898070429
134.1 113.753706689825
80.7 32.0310601865755
82.99 69.8782949596967
85.55 130.399552226425
127 116.854714956345
-75.79 -66.7627855472544
-64.13 -65.3571937852273
-57 -52.6138800601391
51.85 11.7361775561472
87.12 58.1868463583004
75.06 128.280749738363
21.14 -10.1107045136738
-105.8 -109.874951749314
123.3 91.9431596069553
98.68 113.468229348493
-0.8393 -74.3362256362879
-111.8 -24.7307878107279
145.8 15.7559106996702
88.23 116.77747494451
-13.72 -4.89811731407613
18.59 -475.691371644973
-44.85 -66.8417539717279
156.5 62.2850252846154
-81.49 -13.5696566845828
-62.44 -76.1796675415987
0.03179 24.8994261472107
16.38 17.9695060734368
32.38 -1113.67925457169
-114.5 -153.859695104189
56.28 119.268981601555
-148.2 -222.248697940264
152.2 120.28439159699
62.19 231.039896605827
143.2 129.143934803249
-57.13 -77.2414981424529
-137.7 -128.238595808698
-30.19 -9.33932490167704
2.293 31.844265560367
-45.5 -28.6009571194005
56.61 -14.6649148308423
-34.31 -51.6362621631793
-75.02 -98.4737741965256
-28.06 -67.6052611196436
99.37 81.0097404954753
31.51 88.8612102067615
78.64 80.3257174692316
101.8 149.678043141701
-52.43 -32.3975921777574
143.2 114.569858460832
-121.7 -132.499907012355
-27.26 -51.7246354031891
67.97 41.3257829324483
15.33 18.0135620210865
-158 -231.681094369091
38.47 11.6311190840411
87.31 122.050916271804
-1.194 -38.7250698320322
-159.2 -190.316371757757
49.25 54.8224703801134
-151.9 -171.390595804796
154.2 327.316892496052
-106 -159.28071724546
142.4 209.133703206701
-104.1 -133.161245458061
-57.47 -146.995986614182
-147.9 77.3347863081285
-9.022 0.705521983113358
142.2 80.6051993050854
-44.43 -70.0967576256312
-28.47 -7.99326233643506
-2.508 36.5516493830891
-43.61 -82.8015274357767
44.72 58.8224321769785
-90.81 -58.3999999955089
75.81 120.659256769902
140.7 -897.292619628609
-147.8 -185.471203669433
77.09 69.6834220041501
57.93 142.060021840717
50.61 18.5769935078738
42.32 59.5871223375306
-112.3 -97.0955949814876
-72.36 -62.5526421363896
-94.73 -226.180986785175
-48.09 -29.9741120676844
148.1 165.71019461204
73.89 63.8918707356365
-64.14 -112.967371767217
-56.31 -78.7919068937342
-40.89 -67.5413323843557
-114.8 395.646716192988
-118 -153.953107866189
132.1 112.647916758878
-84.01 -119.444042506607
23.93 79.8285213474442
66.8 90.4302089393141
60.45 -14.9919358478845
-141.5 -161.109321815449
-59.23 -36.4077599003405
87.44 33.4382797752509
-45.44 -90.8334219209864
-8.855 2.80499211001873
-69.12 10.1311156041329
114.4 136.254565071862
45.49 52.9143820814549
45.13 155.603272287334
-22.06 -16.2749909761558
-51.46 -17.3349319066722
-99.14 -69.1842034816322
-81.72 -228.261181614971
43.41 55.8627685481425
-103.3 -93.2042503154424
-86.43 -156.415316996769
-149.9 -165.148924831232
-66.9 -34.7602143350442
-11.57 7.73514452313256
45.9 63.5531881720881
135.6 115.79454680129
28.62 26.2829893377613
-137.7 -202.188274836843
137.8 221.585357409242
23.77 40.2415759528271
100.6 96.0492805643188
-22.78 287.30379637267
-148.4 -239.400199061316
29.67 0.214658225126606
-0.01233 -38.2448257635299
139.7 335.873380587601
-144 -114.485309740328
-43.54 -27.2518235303853
32.7 96.6934724162174
120.4 175.408560823822
66.6 103.881379763297
80.92 114.049782010497
115.1 107.801338237188
-44.04 -77.5776869291612
-148.1 -104.056884504972
-56.69 -61.1625182873946
66.03 22.7610640021154
-140.9 -93.6781231145895
103 132.586998857442
-135.1 -116.319648291297
67.31 87.7316430736322
6.02 187.008935468315
-80.36 -72.4702329646548
-111.1 -110.209003257359
3.691 29.6564599710742
73.92 91.619729023928
96.99 109.669793792548
55.01 -17.9561718135754
74.57 155.474220097267
32.58 -1.49720611009444
-30.48 11.4658554926235
-12.68 -21.3816807001401
89.71 153.091241967742
-88.11 -54.3106943590268
65.86 92.1978612691703
60.02 44.7501530286594
95.18 35.0352379889635
75.56 83.6174324799821
-46.37 -39.0193404087449
131.2 163.289893449168
82.97 89.9192651615979
134.8 86.2166975020869
-15.22 -16.429804455834
-45.62 -63.5791037927884
64.1 47.0532019338154
-5.634 -24.6476181527973
105.9 112.543247541701
89.35 131.10050360066
93.67 188.885532838822
-44.08 -56.8109360939087
-87.18 -148.856669785094
-122.5 -119.165173781002
-26.18 -52.9616904397155
-141.6 -187.209554990552
113.2 74.006195769206
103.5 136.530497105362
25.9 -21.0193410152485
113.3 114.392840693533
81.31 -9.63824878936723
41.23 -205.574685460828
39.03 52.7163546086699
-83.5 -66.2912107614879
153.8 307.717611698761
130.1 137.528862047426
89.11 126.163472446197
36.08 21.8746669750987
93.16 107.518663301144
-113.9 -121.09761625535
41.27 31.9395379908081
121.6 148.66880741449
39.76 -66.1032717535371
-5.313 -33.7305754455238
-106.9 -124.698377816267
-146.6 -155.258676753329
-20.35 -29.8383995472656
57.92 15.6652598208017
-30.17 -45.7337758251084
61.59 97.8260173464174
-135.8 -102.227809091029
136.8 95.9881743677419
-89.08 -103.003413459466
68.4 78.9546038913354
-144.1 -154.712397161762
31.61 20.5314901196187
-86.06 -88.8133039091136
-141 -96.4554987084815
-25.02 -59.7491100350721
120.7 152.87289856207
77.75 108.424767829884
-76.88 -154.662416972326
75.97 47.2976480522177
-12.85 9.57063390858259
-124.9 -204.913616051236
-16.42 -40.8575117063448
133.4 238.485218081998
-79.69 -165.434935445853
59.92 81.0917364944307
-30.55 -120.077854239727
40.2 39.8448560587754
-66.92 -27.5049695878811
-57.64 -96.8685267609927
-68.76 -96.4789336478845
-52.8 -60.5903560734949
-101 -87.4133266182404
10.12 11.7054897551692
-125.7 -104.0425031497
-112.5 -291.679441297105
148.3 135.519263580632
-130.5 -124.080395803101
-138.4 -91.4962590676883
12.82 -13.8799243222663
-37.6 -45.1811512430665
38.42 29.9555387026859
34.91 41.5973951768029
150.2 236.892883539375
27.98 114.15208679187
-88.16 -95.9178313148606
-126.2 -201.585611451125
-7.465 14.3033026541328
-82.01 136.500333342585
-100.4 -130.670062119489
-79.65 -45.8994189088356
-17.86 -28.2659289022394
24.07 40.9755481709621
-108.6 -188.874643510332
90.21 89.706546528409
30.4 -369.115154064786
-3.966 -21.9899909673492
92.92 95.0728539063312
28.68 46.9755311920736
-0.32 -18.1812507030285
-71.01 -53.8329507026102
154.8 420.086232138727
99.41 80.1733253485026
-0.2968 7.93129529370702
94.75 133.90736567657
-90.52 -90.6989180512321
-92.5 -163.701027699872
-50.32 -19.124347149634
-118.7 -86.6431229733195
102.8 87.3115547412391
122.1 150.203833714508
15.05 35.7499514313369
136.7 134.138223569647
87.17 73.2341060798596
-126.7 -120.14429946705
15.55 -31.7864554008509
-50.85 -71.4742792717982
-44.32 -48.0701254587577
128.6 154.618008934427
-66.45 -80.1331959158801
-131.1 -182.59991309475
-43.01 -47.4686120790692
155.1 105.107969505938
-76.42 -67.6657932916063
111 132.99594275123
-37.34 -37.7063065560066
-7.256 -3.25195566883772
130.6 175.117625604682
47.96 24.44606103268
-104.6 -81.8521017394588
40.41 116.232024224145
-153.8 -20.5081382719609
48.45 91.990337228819
-90.71 -151.724172339396
10.58 56.6570104785
-78.64 44.4069720447112
86.42 98.9996641785561
-86.78 -104.071165736592
32.5 61.5763061752429
34.44 47.4906871731227
65.39 42.2135801735793
-135.1 -152.962474822514
108.1 72.3463112366384
107.5 122.579793389204
105.7 64.5969470133076
-153.6 -115.380449384414
-44.51 -80.3835767254494
125.2 145.342871697562
-54.51 -135.330084897705
-12.45 -51.4266525169059
78.19 53.3281119357606
145.2 122.473481042444
-19.88 21.912055022107
-115.8 -149.474856569715
-78.14 -85.8567424673044
26.26 50.3937255203273
116.4 120.788327278132
93.06 105.455602281354
52.27 83.9148881292696
108.2 126.829023624133
88.35 46.2033687375112
60.1 97.6925583697796
62.86 64.6858928435214
62.37 65.0289954045032
-136.9 -144.766840402341
-44.67 -42.3758529441685
118 119.750163652505
100.3 136.9493021988
58.98 52.8471067886673
62.08 52.9881413099488
10.54 24.2078290781025
-65.07 -152.748943204896
28.8 -6.42305620253482
97.07 92.9196498487049
77.06 73.6448524913468
-30.32 -1.47889621657604
111.3 53.41875650566
-24.5 -54.6481845308126
11.57 23.6168573200486
-83.84 -161.729573505205
-53.82 -59.892627456478
-50.79 -110.03433966028
26.62 7.40114981455822
-156 -125.639569117382
82.09 68.6084664225318
-1.725 7.96092914806784
-51.91 -48.8286594232966
66.47 17.7573425043432
47.9 8.03391268802829
-56.69 -60.1892180754627
-56.5 -64.1722926562226
-68.2 -123.795136490922
118.6 175.489923613064
57.34 62.3083198170186
90.75 93.1357854925699
119.4 107.871782082956
91.83 98.6878668700594
-140.1 -218.812549973888
-136.3 -201.629084822314
106.3 112.316090763945
133.6 107.59793935681
22.43 26.9003733672144
58.71 74.6520597991213
-138.2 -150.997223712176
4.117 -31.3550951771915
73.8 64.8867535452571
32.42 39.3870780991687
-117.4 -109.633961882455
99.09 158.147770797681
-142.6 -153.955632992126
106.7 132.927360958015
158.6 114.639261243585
8.138 -54.8619747914335
123.9 132.970846155725
103.2 128.127246371141
108.3 113.424924772243
68.68 90.9826734254179
25.78 35.4580468133641
68.19 41.8419844928025
138.5 130.861381364011
142.4 156.274795929174
44.52 30.9885522200233
7.458 -44.9551753721441
-62.83 -101.979871130594
-105.2 -90.761919761256
-0.5752 -17.031725835315
71.65 82.8838702486771
-150 -166.385789498735
-135.6 -120.410060120326
-137.2 -138.363207940676
-21.23 -61.1704011891761
-125.2 38.1292030152285
11.37 31.3501185389628
120.9 126.218325729192
-50.99 -81.9889980127425
-72.36 -33.0135096700089
26.43 -18.736080969672
-59.29 105.142670103501
130.3 162.310153239485
-115.4 -108.862206245106
-90.48 -90.1263766386829
-104.8 -90.2806496644433
148.4 145.902778583795
-113.1 -121.11843439551
85.03 208.76887713999
104.5 103.688869277689
-34.3 -55.6643235016232
-12.84 -11.7570754704911
-8.831 24.959492603237
-86.72 -115.613417223017
46.29 44.1463642950968
40.15 36.359375566069
45.99 234.800438860759
-30.82 10.6072561733007
-136.8 -165.915412896289
-42.44 -56.40265057401
-66.59 -54.7273187518924
-13.57 -3.36948004553905
94.31 88.4281538138261
-36.07 -69.2704079087207
157.4 154.118355577793
96.62 134.373061633635
-11.56 -11.5566330495492
69.87 96.9139638685643
105.1 30.9135133280201
-56.64 -11.9599176823463
92.96 119.379487374833
-35.45 -47.9108164257448
77.84 94.5921862548766
-155.8 -120.565126474778
-87.13 -105.641486472024
88.5 167.04301375288
7.516 -38.4215594038708
-59.07 -31.1662033689342
-41.43 -17.7597837410074
-110.3 -148.921911414531
46.19 93.8349673868002
-22.95 -37.3599434416076
32.85 25.9127575360529
16.12 -35.4155462217193
50.81 57.7067030960295
-56.27 -85.1590268141412
-91.53 -74.9808823573128
138.5 114.481596313597
-55.51 -125.549094490425
15.45 20.4419100096636
25.62 36.4136568632495
30.34 54.8828594268709
44.43 63.4597727115577
-122.3 -128.621794386958
86.03 194.400112600597
-54.43 -36.5986039532117
43.43 8.7189530885114
-3.462 69.2294563984943
68.92 75.267720222496
-32.52 -79.6881153443782
-83.06 -122.918318552564
-141.6 -195.308663940385
40.03 47.4066095089536
17.16 -32.2454934782853
-58.2 -72.2305149030787
-122.6 -89.6958373800808
-120.4 -145.143494076876
-31.47 -43.765761519813
27.7 18.9607803478106
-122.3 -83.4726556251609
-36.59 -66.529702932331
27.58 41.9797637931903
-40.27 -29.2548542191842
-114.4 -180.54771605057
-150.5 -221.277316292358
-139.8 -171.169337699431
0.5227 2.71111172724391
77.26 81.9024180001417
-67.78 -95.7426242542174
-114 -47.5495445279301
-156.5 -163.19671711885
45.61 -73.412375029067
-67.36 -53.3697224835677
-4.321 6.72234668707498
155.1 196.018816950687
-2.936 -95.9126172522649
-144.4 -188.694493087367
92.27 57.0284212009613
-101.5 -25.4240496850202
45.13 29.200852609695
-26.64 -25.4415246500888
-115.7 -150.314711246067
-131.1 -147.595226005291
-114.8 -102.555334784241
-113.3 -131.331983362488
108.1 105.461182670063
-137.3 -170.089539838849
11.81 14.5206706234407
-126 -165.429444512953
-85.72 -133.623472436586
-97.38 -106.074228744684
-57.15 -68.40402448961
-47.58 -101.750615625286
140.1 203.948524645653
32.17 -18.9426837863277
17.24 102.136249984945
-25.08 18.2696051468401
-146 -51.3653121268855
98.34 65.0100706377973
119.1 61.4811320038254
102.2 113.787359793247
-14.49 -9.02223658015529
7.035 22.984379644173
-86.81 -109.677142855373
-56.23 -93.9520169938362
130.5 149.306635002387
11.89 16.9979644486181
115.8 148.373592891496
-144.9 -198.970426088473
-44.71 -90.1642075547261
146.2 134.503336085818
-21.05 -54.4385885551867
0.8583 15.640766106142
-37.04 -99.0221004059971
-5.621 -42.8290464635377
-87.07 -36.1345715170875
-9.602 -15.7389193991784
-143.6 -136.85151085507
-4.24 10.625080417151
16.38 68.6164524606686
-113.2 -0.627093822509513
103.5 81.7360547224817
22.86 27.5462798286615
51.45 41.1332455430535
-32.7 -44.957409419322
-46.73 -77.1413053259983
-7.168 -30.7497837629512
40.46 26.0079788716387
10.81 -3.27327634192548
140 -194.909952092023
-101.6 -106.036226062556
127.6 103.200728391062
80.53 77.7220575137503
-146.6 -151.476540203049
-3.568 31.3214403735723
-109.6 -158.507247037653
94.26 143.001240732103
153.7 212.66654848606
116.9 129.529176250837
69.86 15.1308209657622
-51.13 -59.4534553848973
147.8 121.841909375874
101.2 153.417186299586
-114.8 -113.578803418264
12.12 50.0567692280027
-136.2 -143.622075996566
66.38 127.772458400869
137.3 119.374068583766
156.2 131.178584100298
131.6 97.3556663753033
14.57 27.5725733254699
154.9 220.108253994124
74.65 112.817606275249
108.8 113.153182402911
-76.86 -74.8102708627123
81.99 142.13036873174
-48.44 -37.6236253945248
92.49 79.188890584276
-97.36 -96.2833757940501
-53.04 -539.365155833809
-50.36 -80.1400069451904
62.01 57.0356986005972
99.99 146.977921620428
-34.5 1079.32172152373
-115.4 -134.722467159874
-70.07 -152.403268794801
49.1 132.279654213894
142.7 160.761062181482
-135.4 -212.007550659684
-146.3 -74.8089579433769
52.01 63.8035196317775
22.97 40.5140775050269
92.21 129.651744439982
80.4 133.323109513198
-146.3 -173.901293597858
-142.9 -187.19419164262
143.3 164.179884485404
-141.1 -233.769875603187
37.41 63.1417329531764
135.9 152.869523323171
126.5 70.612620076631
32.15 5.54197804096196
-144.8 -148.899012664488
23.42 18.6861236171406
75.28 54.3306083923941
-156.4 -114.948800778903
100.5 113.141793939233
-31.04 -43.2287485278751
-104.4 -169.931338755406
-67.93 -129.008290140001
-87.43 -118.633954439999
37.52 47.0579136766716
-10.05 20.8461762803178
8.33 -40.0021275878285
12.1 -4.66783184923254
-114.8 -106.153858942648
-48.07 -82.8371421996587
157.1 246.499950146994
0.4163 -14.3349374983754
-76.21 -107.687272901665
-90.32 -51.6722305094463
66.75 85.8710508881441
-66.66 -33.2596619921888
-26.54 -152.528224921855
120.8 90.0105681310155
-57.07 -14.3969741447543
-120 -107.36095822581
91.67 115.066124412143
138.1 102.756599745659
110 113.02002970954
21.23 -17.9237211043151
125.8 170.531766751816
-71.84 -39.0424816886027
122.2 285.236003168896
99.29 113.154882134149
100.8 111.556329876611
-48.03 -49.0342252647009
-137.6 -136.535293504603
-116.5 -173.375375523566
132.7 122.616440186313
31.49 -13.866836199071
-59.53 -129.608181698444
53.46 75.4110836770689
-93.04 -128.555316150769
-94.87 -105.978385455379
-57.52 -135.052374388025
-48.99 -127.317579727504
55.6 66.1055065435275
3.519 6.70008115188137
100.2 99.1018204346938
19.94 -39.9117533138658
13.61 -81.8362767717942
18.38 20.7352663897395
-82.43 -68.7334219230399
43.4 26.4471113696823
74.92 114.049013280153
119.9 111.685003241707
3.464 -35.0463178022786
141.8 272.061447546766
72.5 -17.885952857321
-113.3 -147.118551834917
-28.25 -2.32540826915567
97.04 99.6636850004759
-40.51 8.4941794080828
37.89 19.4019082999735
-127.1 -113.267039282786
-9.109 -8.93877157814017
132 144.163135735822
141.4 106.155604152295
-113.6 -64.7203686938103
-48.16 -113.08278788607
55.04 40.9619614688815
41.1 120.739784239661
-116.5 -96.4783191560025
-10.04 -7.1377838934775
14.25 27.7563586754272
70.13 111.304269376444
-106.7 -65.1423188105423
1.194 21.552936709432
87.63 141.702916200742
131.5 99.5924506360096
-15.71 -4.26710098546396
93.7 47.7850894499085
-46.57 -60.9290426297943
112.9 69.3008984645285
-107.7 -195.911167573998
-8.652 -14.6145276041878
46.98 62.8788212498487
70.37 241.81206283496
-76.95 -74.8132179533767
-26.36 0.389392212795009
-35.02 -2.51055103686088
-63.44 -106.42143732912
150.5 129.512998158852
140.4 149.518591984872
40.02 53.8304265162454
88.14 130.511044017867
113.5 82.9774982240949
31.74 22.3441570169845
-157.1 -203.943474068299
52.25 23.9521897258205
-62.58 -54.4602145649829
104.1 47.3127681785776
148.2 125.52012318739
159.7 202.773868537817
-42.5 -49.4844591698131
-30.87 -97.3150917972716
-90.23 -107.81064017103
-59.64 -88.2101119030074
101.8 76.7363893961715
-135.8 -128.993725656071
-33.15 -67.4419137796764
116.3 59.4184762099325
-106.3 -200.347561326838
-108.9 -92.0355113769337
34.56 97.4169628122343
-60.2 -29.6982904608458
-74.1 -82.1070056581775
85.64 166.261150938574
147.5 204.92580009451
-82.59 -127.825426019732
-36.28 -9.31155110767896
-63.09 -826.97524064844
-51.32 -28.0217847313728
26.01 79.6553693225922
27.36 -27.7787615928323
-113.1 -174.789586702571
-43.26 -33.8114041622625
19.61 -4.88205843043142
59.4 57.0722643970799
34.1 12.8429373527134
-30.95 2.7902183584254
-44.03 -72.5788619302621
103.5 190.093738670246
140.1 169.451923416898
-120.9 -133.393516103587
-148.2 -93.0697637849453
143.6 151.581215017056
101 40.4545258994276
-158.2 -219.062562053268
64.42 47.1233549553464
115.6 -134.673795031925
-65.97 -79.0081073005208
-80.36 -61.1503861939964
103 55.6373757362499
43.44 81.0253842433077
-44.42 -110.10814720766
134.1 39.2749256651562
-141.3 -147.480621737582
9.663 34.0013765262782
-86.32 -130.956306370957
61.66 18.3075537035084
-109.4 -100.746817620985
75.13 89.1548337871676
100.6 94.8979483165044
76.49 190.671694500154
116.3 111.257510740245
98.53 161.406856885359
-22.23 -31.3288188940175
113.6 127.12687768937
-158.1 -221.903640162881
-140.1 -195.417463286321
-132.7 -121.879090670923
13.79 51.7507920031538
58.94 109.497091716703
-14.66 -49.5727319450319
-42.97 -52.6816889609938
7.053 -112.892526360893
65.58 102.30766569201
65.96 65.9524318169145
94.62 41.4538323194913
-114.2 -104.783839005845
110.8 160.307332770633
145.2 140.512956772327
-73.85 -91.359993046458
90.13 83.683951994777
-136.6 -89.2187421924735
-116.4 -113.298913987584
-113.1 -56.2502214567699
-63.19 -62.5917410772101
146.3 185.97633452033
-18.78 0.570316837022009
-5.922 69.7322511113513
25.87 10.8280522061301
-116 -79.9313767904602
134.9 257.699839818211
68.87 65.1342786899766
71.56 116.405654642895
-119.6 -122.308814340102
-75.36 -101.069477743045
-90.05 -170.066974839083
34.79 39.908798786605
-36.07 2.01168915682472
-131.3 -209.867995291188
18.32 125.685779888298
28.3 50.6108143053456
-126.1 -160.522379635827
-144.7 -208.004128307936
-3.196 -6.20336376556902
49.64 56.5502669622673
138.3 196.160351004069
41.22 43.4841818238999
10.81 -44.4248680675163
-98.55 -107.900897434888
-11.96 22.9964056953368
113 10.1814100443074
117.1 115.610881212635
52.17 23.2711434648818
71.59 -5.06905577809678
-51.2 -48.4197368941485
120.7 173.406501302279
-90.24 -130.620062456124
-141.5 -217.04862042191
133.8 102.70689223458
-7.072 -4.53564874963523
139.9 119.626017081673
-30.56 -36.092492070377
92.34 50.5516014970016
-111.2 -155.433964211905
-77.67 -76.2500417358485
95.91 58.1097218883992
-43.14 -71.6447077343498
-144.6 -135.227725297975
92.14 91.789884205818
-21.09 -42.2263001030728
94.13 144.771195103458
58.28 88.5038194364532
40.26 39.9083631517673
-35.86 -181.170900121297
7.296 37.9793735659375
-14.59 -97.5360579596509
-89.92 -118.851136585715
-44.97 -18.08546257914
-55.24 -47.2464497162883
-148.1 -127.336447672253
-148.9 -256.438845761542
-72.83 -91.5837059715314
26.2 53.5154931331125
82.77 73.6259788065765
28.82 53.3524040827442
-151.7 -182.155721536937
11.75 7.97606413811453
73.03 121.681667763827
86.82 78.1918998713442
-17.76 -84.0396588856262
52.67 15.7228320269176
-105.1 -113.065034782301
-104.5 -71.7543315969906
-85.91 -91.8100056638476
-17.11 -29.539439716526
-45.4 -65.2169946707691
-132.4 -100.967508342208
10.16 -23.2487632657431
-107.1 -90.2851168830009
43.91 36.4130102977199
-43.51 -64.7409298732417
2.344 -5.4685452862146
-105.1 -146.46878423706
-28.2 -39.1657931837418
89.83 93.9173172665555
-43.28 -98.0023185926663
-55.8 -90.4477428081011
97.78 52.212234474278
46.28 68.0620382509999
69.82 119.7807887536
-93.48 -76.5652862537443
103.8 73.7915944698248
130.9 130.272933163777
-125.1 -127.873423434092
-87.23 -99.0079404276879
26.71 49.878522416389
-97.3 -83.7767641828152
-21 -46.7231573979107
142.8 155.051242669115
-18.52 5.15735708229771
-57.66 -71.8708105345327
-136.8 -128.092651025198
-129 60.3395357319863
4.64 -6.35747807482129
147.4 157.26764027176
91.15 57.7087076593199
8.372 30.3976496353103
47.41 44.4632929119899
35.34 31.5060022001179
48.46 245.504097225685
-59.73 -67.6632454206289
-53.21 -47.4399662519854
-32.44 -43.1746719438782
-141.7 -226.500508989323
-8.385 -34.606560792695
140 119.570289208481
-90.8 -60.3493088402689
-140.8 -84.656829060929
-158 -153.804017193899
-80.3 -48.6478758858948
141.6 155.449450979901
34.62 23.1300235080397
14.27 36.8535314952249
-21.05 -10.558720878102
112.4 121.106730217428
152.9 217.684654952116
-129.1 -126.844435036783
83.5 38.851945455516
130.9 107.742921117988
-64.52 -26.4189546910897
10.66 58.9947552128131
17.22 11.7534082701811
150.1 183.86026054979
-10.41 -20.9659942747103
88.04 160.604924830182
99.93 60.8641309029174
150.8 135.383554975506
-102.2 -191.080264317276
60.56 53.1687318695003
121.5 74.4803138242125
63.75 38.2070387726984
98.61 100.105170009275
-123.2 -93.8661539821077
89.29 100.026477103839
122.8 96.0390959145845
-147 -165.726808934091
141.2 226.087081690854
-71.51 -96.1696340684304
18.12 27.6894143227904
81.35 122.014549076884
11.2 -2.41175857193247
106.3 93.6884356449349
35.93 -32.6082771015704
157.6 196.170308211302
-116.6 -91.0624646051085
-134.2 -125.580381345689
10.56 13.6068761982086
-61.23 -134.192109986264
18.54 68.4372735626544
120 157.587884175948
-45.87 -50.3972229498882
82.92 125.354091799137
114.3 84.7011726062765
-152.2 -131.363574924168
-94.7 -97.2014951235858
-34.98 15.5112540110476
153 136.159828126204
125.9 160.724175523231
70.52 110.222594268707
88.33 131.020176070789
-99.66 -129.145993281983
-56.02 -88.387793402245
80.33 124.375882467169
0.03012 -10.5541762680872
-66.62 -124.39774434562
-96.13 -107.785801652241
-59.4 -71.4646858378997
-133.4 -119.199741963152
50.24 2.17963931993841
-75.02 -92.2297106504055
25.14 -4.25925715173599
118.1 17.6326756564724
136.4 154.57626373742
-23.74 28.4271911225123
-143.7 -134.37126567144
-59.99 -68.1327298985958
-45.9 -135.079113719285
-6.165 8.7838867909737
119.1 89.859404287285
77.26 91.4364832456211
-19.62 73.1796578238294
-145.9 -159.501119252623
129.9 175.792345927551
-76.62 -22.4296166930773
-47.06 -92.1549514828611
-60.65 -31.1624739411275
75.29 91.8513789589633
-0.5375 0.737175472627109
-20.77 -28.5752155413996
-18.19 -57.3603507856455
65.11 85.7657303959182
-28.87 -61.372432544221
109.4 127.072114621728
-64.77 -94.0061983161452
-65.73 -110.259168242057
-10.79 -10.238984073926
-101.6 -66.3711115558123
-27.29 -51.3275479336442
-27.99 121.426915274922
37.26 83.0721224729064
-43.34 -108.16152160941
43.61 66.7772932141892
-158.3 -175.087398668495
65.97 79.4656216843174
140.1 122.582998315252
-58.66 -14.0614591842947
-62.42 -131.47674679183
30.3 -43.6405047371793
66.53 1231.68894841768
92.03 49.9536605437878
-11.74 -3.69055256657555
-64.43 -114.408125141494
-11.14 -7.17126223604919
59.53 101.805233506339
19.67 35.0629125775814
-11.39 -10.6975525367748
-71.91 -72.9289643391768
20.68 109.834163100961
142.5 201.029827611993
-17.57 -50.9921650436359
99.11 102.575390029317
-19.15 -24.8160628335427
133.5 97.0805252021233
40.27 -5.79460776460029
-10.96 -33.2885619574372
131.8 141.133786512306
146.9 189.048467629315
34.91 16.0940402129384
6.029 -18.0101240466787
-42.69 -78.5043213979522
116.2 209.875930367876
97.59 76.8965488759677
53.44 17.5820309950336
145.8 88.4256991544245
-118.4 -33.7090585792508
-109.1 -80.1739217202881
-34.94 -56.1875844008392
-120.9 -68.6076543256076
-6.798 -5.49173295335462
-117.4 -146.598418558587
33.94 -3.70092764525329
4.489 -17.1427111780173
-73.56 -97.2164171415438
-34.71 -6.05152550203169
-3.924 -31.7272280543173
101.7 130.062624318158
3.376 -20.4726296195597
-60.74 -70.0753843776481
133.2 108.374694623962
109.1 83.5175912002788
97.84 102.532037596505
42.46 22.2035460788359
116.8 46.9744333639783
-28.2 -71.6905348268356
-85.24 -90.6700106875942
27.2 25.6606601777018
-115.1 -115.485584734418
-20.06 27.1774217329527
91.85 108.047146365845
97.52 20.9644035899949
48.84 59.1682565033015
2.098 32.5615649590336
-152 -169.58933938525
65.74 54.4255288551364
41.72 53.1937337448495
59.27 52.8543351588432
-22.16 -37.6485257576637
-11.08 -1.54898054210333
103.8 119.007846633322
-51.6 -47.3639177174631
124.7 140.826689981707
79.02 87.5595728935143
128.5 178.620460437601
52.6 43.969014694413
63.03 70.1922597408601
20.62 60.2050757313724
-138.7 -220.702465277693
81.71 119.701910456685
101 89.2353530218569
58.41 34.3335264197291
50.01 92.2279239780464
-118.3 -127.83863901736
-50.99 0.529219998293095
-105.2 -87.6262264545161
-128.4 -144.257277457119
-81.66 -189.561273198827
99.81 68.1789387227149
-81.61 -32.8821703931259
-133.6 -82.8041433876663
-47.46 -74.4884334926825
18.96 2.49316515261764
-125.4 -166.313262395326
80.35 139.826745248089
28.61 56.8847728089447
-90.84 -121.60342210114
8.571 -19.6674258245799
6.451 -10.5581117048437
-123.2 -126.083135330937
159 204.612858382445
123.2 92.2072387686584
141.1 143.047281123567
33.01 -25.9644481292767
-71.24 -49.4226655718223
128.6 74.1602413664697
32.53 67.1911473956296
51.75 59.2643504245751
-104.8 -117.549921162353
-149.7 -137.376401270832
-158.3 -227.883537893604
-1.084 51.6634475857899
-62.63 -72.1579214542988
-115.9 -118.035454274238
-79.66 -56.8106843511781
-4.648 -2.13895526361294
139.9 177.978971588943
-108.1 -143.930717036643
-72.89 -52.052155361914
154.3 95.5514479215357
-12.74 -5.09871399229025
12.96 -115.368158599258
-0.5403 6.31960918551017
85.71 104.427339586448
-135.4 -114.099454399256
-67.15 -130.18782687508
-79.96 -79.2370682442776
15.25 20.6059751669103
-96.15 -139.677896208515
-134.2 -130.78853357241
-90.46 -111.548561239091
118.3 120.573465249014
-35.57 -64.3960432576502
12.78 -74.1413073549811
62.91 188.667828801572
-148.7 -268.677284118008
-117 -244.295529062351
-101.9 -70.6600056238041
-96.18 -61.5916476922915
-68.22 -34.8321750690305
58.62 31.3544510592853
149.6 166.2144184096
-56.75 -38.4800118310874
96.65 120.802288349313
85.86 100.511856501332
108.1 83.3378274565225
-57.25 -46.772827940629
-123.8 -158.649078926507
34.33 -11.8592928831432
-75.86 -108.643784624104
111 91.3340146413728
90.06 6.89575473660569
-88.31 -62.4233377329373
96.88 120.55262187404
87.35 41.9010678740747
111.5 66.6171765624869
-148.5 -203.018841034709
-155.1 -255.354671618831
65.06 92.8524225444594
-56.05 -32.5662654184819
-57.25 -67.9381208872755
74.53 143.392358855145
51.88 33.1722927208688
99.42 75.7756272635474
-111.8 -123.127307003206
103.4 99.0497136479911
43.83 68.2993684465818
72.09 65.0056202169734
135.6 157.588076074993
14.8 -0.000971248313774709
-61.13 -60.7080255339862
-13.14 -23.4060359680712
-26.26 -39.7841342128841
118.2 101.187492687027
85.52 104.179710527704
-35.51 -34.9799289702429
-70.31 -107.0967023586
84.83 112.62424278207
-132.5 -156.950514163276
119.7 116.175523989045
-90.62 -86.4089122082611
11.44 6.92783373534946
18.63 -25.9200723601624
-40.23 77.8097294491425
-126.2 -127.380307733695
-20.69 15.9651838599062
81.07 44.6506043469819
-136.9 -156.00033942333
-131 -149.85055190186
-133.7 -186.423703125636
-135.9 -158.238972972313
-106.6 -143.513118386568
-107.7 -116.84985848656
-92.57 -61.9683204311419
-17.79 -5.92174486429316
32.12 37.3584891076771
-56.51 -95.8874865448193
-9.193 -9.93113898312394
-68.84 3.31894337096598
114.1 109.405166126156
96.86 133.892060926639
10.57 -16.7156269848476
136.9 143.311519529126
9.978 -33.7071423546745
69.58 41.7113174558733
31.28 16.8260079022131
106.4 19.8787710215894
72.19 119.166738503807
-92.17 -77.8013819427306
-156.2 -241.858858488325
113.3 87.8151533579272
-59.03 -113.23328150335
88.55 113.871237361379
-124.7 -133.506310539639
-72.16 -62.5068916865163
154 218.607746614995
98.97 101.385412506171
-82.52 -89.638352439498
139.1 261.88094894031
-13.66 60.7270408268603
101.8 195.130722666583
-56.39 -75.2469668807507
-84.17 -67.6936389228173
-35.65 -31.5804435488309
-105.1 -101.673066730715
-11.95 -68.9606239207824
-51.24 9.31751468674764
86.56 24.0797246381714
70.98 376.360097802665
-117.8 -244.961481785127
38.35 20.2844656419
5.17 -9.31202245357981
129.4 102.206199611361
-87.7 -83.9634548651841
-10.16 -46.8452556579806
107.7 131.539923918031
-83.89 -118.324168508058
-116.9 -156.197195046948
-45.72 -212.787689810721
-137.1 -170.751094034126
-122.8 -110.869567778013
156.3 131.988446931143
-49.53 -16.4482386306069
21.64 -31.2604505757834
-39.98 -26.0330970641332
-16.23 -49.217385725601
-86.5 -46.8212075266589
-151.1 -100.414269682148
104.1 160.594335430363
92.58 99.285769341087
61.62 51.3299685050195
-121.2 -109.000529360442
-132.8 -74.9414211936646
149.8 141.802278153863
-46.19 -94.7443472545611
-159.5 -123.700683854708
67.16 80.7205099131152
-57.66 -62.5176280039484
151.8 282.745416025569
78.17 58.7448101771998
20.84 -19.2457796666957
-49.11 -76.2945187115262
-52.15 -43.7910212380004
23.47 1.84532302197918
-70.85 -85.1747146384903
59.28 47.5111928951897
-43.89 -18.4654373883027
-8.669 -35.639043973841
27.79 39.7480541959274
-47.31 -70.767657219444
118.7 122.133842340017
-116.2 -119.684891925311
3.988 16.4546938713805
-144.1 -163.619484990357
-141.9 -124.34851042709
157.6 135.611692238844
100.3 89.897253973564
-133.2 -152.169003902421
-109.6 -77.1453745285259
-25.71 -27.341779529689
-37.98 -99.3290573464009
127.3 130.528192804509
127 110.211783005219
95.38 49.1350311815903
127.4 143.935767176327
-91.17 -133.452718458632
96.75 84.2474413071807
60.71 110.690052792412
-113.8 -160.151024363955
2.738 66.852560723427
102.4 196.956140057902
-147.6 -109.742132035057
-49.3 -50.0259769324579
-109.2 -90.6289572545177
-3.357 43.5385678884788
-1.879 440.577643695208
85.96 91.3872691327572
46.19 70.8852897434182
-16.8 2.37435699407864
44.53 55.9780234664195
47.64 66.8415221070781
2.198 -28.0300049908045
-73.41 -79.1936542872172
102.6 116.024168045037
103.8 191.388990055671
-22.31 -7.11760891289524
-104.4 -118.452120066217
-147 -102.085657181547
48.66 32.7607522957227
65.13 66.4724289812965
86.87 36.2476328865997
-12.52 52.1737564442555
122.1 227.235371106073
87.26 87.7288612357781
-149.8 -147.901050384358
-88.78 -135.796353876214
-92.78 -164.942827845556
-141.1 -134.270129687645
27.73 27.4782044830879
113.8 150.583947008158
46.15 35.2775351872215
5.846 7.56700077157696
38.8 41.0989936612828
143.8 94.7285077001699
-70.88 -64.2805778601589
128.6 205.761525249396
-108.8 -108.520122277594
24.01 3.51000886023661
153 207.530709923935
-89.89 -42.6994528347131
-18.23 -55.8152130103249
60.42 72.3895754506284
35.18 -5.97508306018608
50.82 71.848500503483
-2.642 -260.755773551146
-2.561 -38.1007407451264
36.09 71.4058269105163
-34.15 -30.4363136954224
-148.2 -65.977536584643
-76.23 -82.9772080064152
-125 -175.066187500457
-49.57 -54.9314062876381
100.9 80.0029893051645
-139.2 -143.456673232935
-93.45 -160.862423319038
-22.15 2.13416264056676
73.47 54.926509309511
100.3 134.579916294021
-117.2 -161.499646156944
-65.38 -63.7013787527522
-90.02 -39.3475870273082
-155.5 -168.519002772104
-133.5 -173.348888024565
28.67 23.535210189052
-11.76 20.6641354235296
44.09 90.4436154205253
-69.84 -60.8650669581191
102.5 96.927284310652
-0.08544 -17.8296781831969
144.7 160.963583862812
-107.8 -129.704394368015
19.32 1.99565330623565
94.96 64.9342482347465
-56.35 -72.470022141967
159.2 185.436305517008
-66.09 120.258972593279
91.6 -7.96504606050353
-55.01 -91.0577730529811
141.9 274.120423929283
-139.2 -212.013761652463
146.3 144.880053119791
5.022 8.37791994003867
-39.8 -37.1293260408845
26.3 15.2143950202217
59.54 124.183691776564
114.4 94.4081543691231
21.98 77.1593107140243
-28.25 -63.7929217749959
-147.3 -180.131755180349
-14.78 -31.6577168448266
-80.13 -98.2641031905181
119.1 429.521220701042
145.7 293.610446430253
9.495 -18.1279218110582
-4.547 12.2370797267314
20.53 57.3537516571703
40.47 58.0566291462142
-70.16 -42.8756606396052
9.243 14.3223288236466
-15.97 -18.258946069831
-15.03 2.79865971247796
4.992 -20.1549461503689
130.5 179.393997610145
-109.6 -67.1586415431941
-125.7 -129.889058018643
-52.66 -46.2032329645891
-115.1 -97.8911991692525
65.97 -108.123041137949
48.32 43.252296132062
-144 -157.34786805221
84.99 138.068523803269
122.9 168.147088717513
116.4 87.7656380558399
138.4 150.849429300317
-99.15 11.8739511193151
2.125 25.4304472614688
-97.73 -43.3235383745036
20.37 26.2735111424576
-9.563 0.403580667543457
75.92 66.0101817512357
-6.25 16.5474501698137
-95.68 -123.049020563741
128 152.53088540147
108.7 96.1341886012057
2.637 -2.45909093554296
-136.7 -54.0672395350054
-40.76 -104.380303815183
-28.79 -42.5228456908843
-107 -171.029749570277
87.87 128.807637998482
-70.37 -74.3869579668776
95.15 85.7449223478811
15.25 100.031042634852
-80.13 -53.1804617646927
-92.49 -80.4976753314354
-68.95 -84.0792529650661
148.4 128.347345982636
-134.9 -175.965248373075
-25.12 -15.9688192952794
92.82 57.0915422189348
65.93 103.671793898876
100.6 156.442095515934
-110.7 -150.827761276652
159.3 186.012581448474
157.4 164.778366265507
86.61 105.545465011897
153.6 94.281775733172
-158.5 -183.803353768603
-120 -196.713060709123
-48.63 -60.738906634822
42.95 81.1874047229481
-24.34 -45.2600435682002
-85.89 -138.118792301737
-110.5 -88.4958630491327
56.15 87.5821486985989
-138.6 -112.435624495013
104.6 59.9597557981725
-81.35 -100.596290123811
-115.7 -80.3410620106967
52.92 74.4620771825399
-85.47 -92.9894602621548
121.1 87.4037154570069
-27.1 -41.9210069604354
-133.6 -145.738390253893
57.66 257.88000454147
-15.62 28.8672662923564
35.31 22.6559927454651
-19.36 -0.962061389744474
66.1 20.2898542844618
87.73 98.4007209045525
-156.6 -199.016462860346
-102.9 -17.4339833027122
101 136.481218149229
-73.34 -101.058656341393
-144.5 -111.517363417364
107.8 126.90369516592
-45.24 -54.852778944054
-158.3 -195.36609382922
105.7 179.930289902106
41.16 51.608475975827
-150.1 -158.978302662531
13.13 40.2202658139916
106.8 95.6798831284715
-57.67 -67.9407111923868
-68.17 -76.5779381874511
13.05 12.9751268079002
-41.28 -100.742294756106
-112.7 -65.4910279694034
52.4 70.261302110781
-120.4 -128.852071409348
-77.71 -96.8648026529213
26.55 43.3861726132553
-105.4 -141.722815625576
22.55 51.4718563236425
-88.02 -114.273116422229
2.731 29.2866995494411
-82.12 -60.6572141386676
110.9 53.6818644106443
-42.11 -27.8957050246009
18.12 24.2240472645161
-92.51 -81.1531138163609
-38.99 675.094842025283
96.48 51.5012893375054
-153.2 -207.690151439083
111.3 84.6831999676134
-42.08 -116.738101554895
-80.81 -29.7489853719072
146.6 169.4718417116
-137.8 -141.678420430172
-134.1 -84.9813768343859
45.11 70.4498174270301
-116.3 -72.4780311104514
145.8 128.632628668392
18.47 -25.7754020219941
44.47 -320.937899667762
-96.48 -120.917200388804
14.36 10.2508012493939
59.45 110.933013752181
-38.36 -31.1934881040471
91.06 94.8645489469713
18.71 3.11520741790453
-51.26 -28.7730376037968
20.49 52.4109028599068
64.53 55.5331030104003
87.27 93.3429176310124
-40.97 -61.1340547797296
-99.26 -30.3768342642459
31.77 42.2594330058178
127.2 136.488730858493
79.41 35.6197133388079
-123.5 -184.125860152133
-46.7 -48.6931152568205
-137.9 -191.473690943618
51.83 48.7372390045338
-13.97 -13.8228950873794
-146 -142.060577241414
86.68 73.0614528882163
120.2 106.568097925007
69.75 87.6637029992835
147.9 152.223177173388
-119.2 -61.0253692016527
138.2 234.294422885513
52.46 45.9195086363602
119.2 99.5190378102282
-37.22 5.69258733517348
85.38 103.564609077436
-92.05 -122.635120908843
-137.4 -171.397796343021
-84.11 -37.6594479247422
-17.71 -44.0147780969883
-63.42 -2.409853985067
-22.51 -62.082359724648
25.2 26.3556103223842
111.1 87.2012104377787
9.982 3.36151597158565
-37.73 -56.2397914509718
-44.13 -84.7614719615885
-102.9 -154.397323039209
-83.85 -56.2240987236108
11.45 4.30444313208874
-91.21 -86.4946830257708
5.8 57.5702774556923
33.22 57.3478895769395
-74.87 -56.4885133170065
140 141.704640767694
113.5 144.467709167394
25.11 9.27702761492167
-100.8 -134.517672405077
-139.1 -105.802920297933
-29.16 -18.3811867208114
-58.82 -103.453530948971
103 72.4058055269932
-20.56 30.4125007323686
-71.6 -29.2848856818875
140.2 143.482618383613
101 73.8195488051115
136.5 121.577008483763
141.8 243.667524060844
127.5 108.917831346599
-158.4 -180.100083483548
53.13 45.4402325258648
79.36 83.5900234719544
80.04 20.34063365549
-28.03 -124.259440444619
15.23 42.6202860960108
-64.54 -186.063740527432
28.5 5.30300992776044
-75.96 20.4697496088601
-101.1 -141.670599376993
99.74 90.1706946805648
49.51 108.370751915196
-52.19 -54.6556877420987
44.3 20.304590432775
-88.57 -101.475720661131
42.05 38.3777106739842
-39.4 -35.2085323684125
56.74 39.8793110752616
-10.74 12.4858627961265
-4.129 33.1401944504467
-55.98 -67.4275210528023
-54.27 -52.4171031063033
58.68 105.450179056748
71.85 125.865356955257
94.13 112.630408643985
10.25 -6.05165586418695
-92.84 -75.4414526702803
141.5 119.351873317484
-149.4 -155.810877289008
-16.7 -103.497071433736
-39 -52.4884703699117
-2.382 -34.3381637677801
-79.68 -141.020676851951
95.91 36.8996845693314
69.1 60.4385004707438
-1.559 7.89698577027332
18.01 61.8192988992185
156.3 226.839758580119
-72.95 -48.3817821236503
136.1 191.023223587052
96.11 70.763852286876
33.74 55.2522384318902
69.68 78.5740812572504
109.4 71.7626135258239
-131 -110.238699117765
108.8 129.120307000594
158.2 173.27538213603
-23.19 -61.8235490708512
-4.615 -61.0593231760051
-76.41 -63.8843848865872
-72.58 -109.698620535338
64.96 79.1778220437044
-45.49 -70.7803491142668
-49.41 -25.342804470766
-80.39 -158.057682427092
52.25 -1.66939904040067
48.18 -3.15147815838322
69.9 63.9537092112361
-44.48 -77.8654791521602
28.74 -24.5178676281119
21.62 81.7950077286779
-16.76 -26.2468607275753
-51.31 -73.6641028283988
-105.8 -115.839697530908
-127.2 -122.506189095419
74.35 54.9850447061414
98.13 134.85933071446
86.18 38.9437468759758
113.7 103.706548597695
83.12 54.1883179508137
146.5 -410.668311430506
141 99.5286337364514
-129.2 -130.283249298902
93.08 52.6107800165876
-9.394 1348.02462469617
-127.1 -145.204768320644
107.1 100.681573624582
143.7 144.870792348222
109.2 28.2836824474624
-5.839 64.1508007809377
136.6 146.795341472518
74.79 59.1948878059081
75.81 132.277536272428
131.4 108.985710566404
85.41 79.4039095502204
15.58 66.9117468536541
-129.7 -182.049735729602
-0.5776 10.4453940885513
130.9 32.1071442519455
0.7447 -29.5440547463451
-10.72 -37.0506677906065
110.7 197.16442004238
59.02 41.5750371330559
72.9 65.6321757634814
-82.13 -95.9143099945078
72.97 73.2509053850735
21.02 -15.8909563627093
-72.68 -28.4021201583721
82.63 79.8264762074397
63.9 44.2601929972205
119.7 134.459827305191
-66.24 -53.6395263663179
93.44 118.832539316222
149.7 142.255590907214
76.64 69.9633528428194
-105.2 -77.6145810662349
-49.02 -76.9836466060348
-42.83 -93.3780481958072
84.68 42.1786721692848
11.89 39.1822980274696
13.65 113.399022668722
-145.6 -114.513096668404
147.1 188.614991552442
62.02 43.9973748941349
-151 -180.277572252659
43.34 79.1677945788117
-89.53 -111.100426118189
113.2 93.6624362744416
-106 -140.282631272505
63.57 44.0597443081535
-124.4 -3.61503094205729
-83.69 -93.7259498624659
-126.5 -113.150299052341
-58.36 -57.8255944062148
-119.6 -125.373311922328
156.5 126.040926201609
-140.1 -182.333749650129
-130.8 -115.539059357634
122.8 100.635479482957
15.62 28.761577129042
34.37 17.7346948573004
-1.089 5.15721527130784
-29.93 0.286476148710719
-74.13 -77.2803029286497
5.169 36.7405197156915
104 133.290670712489
7.866 -15.6245918693418
-13.04 -28.4478333179543
50.32 42.6176218395126
-89.4 -126.805168003302
-140.5 -130.131620053029
-122.3 -111.011970603172
-124.2 -207.173931258321
6.053 20.7152345542152
92.98 101.8251670881
123 128.695564655325
-29.18 -67.9664248263104
147.3 139.61058885896
98.31 70.1271569060081
150.5 177.901757159363
40.29 27.9233987904749
137.1 203.050264114958
145.5 104.620791001346
-2.443 21.2646137888614
102.3 117.060039359613
134.4 201.424538485965
134 146.864746471644
-83.98 -160.123677666169
18.37 -22.2335798623571
108.6 188.226595567825
-4.334 6.88020983090944
-13.17 -52.3693966067838
152.1 217.265986194523
-15.74 -19.9814355818309
60.56 121.970255255024
124.8 173.410535440259
125.9 140.023196351292
-7.918 14.7866310606153
22.17 41.1247513419992
109.2 125.458639255102
46.14 -19.7748685552534
49.66 41.1859363600042
149.8 172.070408896226
58 91.7327270638926
119.1 176.38086150413
-33.47 -68.2277407892382
37.77 151.442106743885
106.9 61.5385147791186
-111.2 -80.5955251996539
-8.679 14.4610206095065
144.1 47.6270379968304
-37.92 -125.636626225506
99.27 108.035929793174
109.5 101.719182830395
2.834 -56.2161587105682
-30.39 -0.782941941559225
150.2 230.912925170504
-156.4 -163.271436442947
145.4 102.478272084918
-68.85 -91.4604023205597
94.72 124.461375313759
-41.75 -59.1207427418606
-42.09 -58.0608776874465
156.2 147.555344776248
-93.45 0.494676031430544
-139.7 -149.715074700839
90.23 80.4394793355214
22.59 -4.71248500753454
55.02 114.230605039201
-92.03 -87.4199626574446
-119.9 -158.437293826384
151 142.789148657637
-21.52 149.07741301745
-104.9 -155.873566819238
-22.76 -33.277857458619
37.66 35.9919345845009
131.5 28.1609421865509
103.9 133.879582421271
50.12 71.6246735872665
79.19 50.3379124402963
-143.1 -211.155747164805
35.67 70.2269862185895
-90.99 -88.8306155347977
152 132.234209077804
-112.4 -30.980045561961
-159.7 -101.647905806537
101.9 91.8837609801414
127.5 113.161928672687
91.2 105.028926703458
155.1 297.316263742265
-122.2 -167.139514787948
49.58 64.2538262568456
-68.74 -92.1746653908789
-159.5 -222.828614359014
122.7 123.608688602375
-70.67 -55.7464898047515
-88.29 -82.9632365793413
154.8 112.807999576298
158.1 144.464801392445
135.1 139.426890361316
-36.64 31.4709137579665
45.23 15.5409459271418
6.4 47.3001625490052
-64.73 -74.3958875720828
-122.2 -256.800456827282
11.54 -57.2353686020204
-148.6 882.65601781653
-156 -119.166566438168
-132.2 -157.388066559474
118.7 127.73595921491
-11 19.8591708683339
77.96 120.142832185378
119.3 144.529523660577
-87.24 -103.241455238704
13.59 13.8497839179405
-22.93 -13.0348360223517
6.227 0.829889971794584
112.7 175.483072906475
13.55 -17.5829830667089
-110 -172.505344836392
117 134.1321305008
123.1 139.834989934886
13.9 -37.2989152483682
158.3 55.8198772022134
-26.02 -14.0188832525106
-127.6 -110.320513672758
-73.21 4.62056714106311
-147.3 -163.830023104495
-107.6 -152.857606464878
-94.74 -78.4592603659545
-35.31 -43.3629858628855
153.2 121.270243247626
-87.01 -94.3846890298369
-61.87 -103.71305052211
-53.21 -56.3068389962669
-97.02 -43.6464067096152
-130.1 -113.027933806773
-40.79 -65.5063285719833
-61.35 -38.2370080366425
-23.22 -22.8379016422813
-81.21 -86.6545801095265
-2.279 -6.43939360805591
118.3 78.2892106400174
-33.11 -46.495995607278
142.9 132.506382683987
26.01 -8.12438200897832
-4.626 1.61874120723286
-54.21 9.34487487494014
85.26 70.4526117373049
83.09 12.0938779614983
-65.35 -76.4225221653221
-112 -132.528344872568
-116.3 -138.655547245981
5.483 9.10733863479016
-129.8 -107.1591344754
39.68 -6.650628733089
99.82 41.6676001197335
156.9 176.837701211657
102.9 98.6269702561615
-52.73 -96.4372572747289
-16.03 66.8856347069945
81.31 98.8310674461064
-1.451 17.1836370625874
97.22 112.970132196344
-157.2 -104.45406836752
55.28 22.1471546991658
42.68 43.3404053884949
65.27 18.8346772420236
145.4 189.389157162569
-78.12 -126.06241079397
-55.38 -38.2077162359344
-143.5 -172.611900112967
-57.62 -128.647272167162
152.2 174.195995228998
-157.3 -185.041792590491
-18.03 -36.6109101101645
-142.1 -165.267526027843
63.89 69.0303449164654
144.2 186.530097248984
-38.47 0.365141363143837
-101.9 -85.6692957844689
-124.7 -115.83925581981
-22.08 -8.48527707045864
-31.74 -66.0709280169297
26.46 39.0322673958497
-82.4 -68.4343889171552
-53.66 -138.170978718737
38.21 73.2456404627245
39.39 11.0561297175008
-7.806 -69.967945357801
-63.58 -38.474471135204
39.64 87.4563900019925
27.42 3.80734736963527
85.64 48.4623779950926
-114.7 -153.542291750851
-137.9 -138.152154896845
20.81 42.3547363074772
-44.29 -69.6100100452913
66.15 36.1453363030222
-11.1 -51.6714587406114
-6.817 -3.44356490933232
60.18 67.0882023543644
105.7 -33.5694025462477
-43.47 -72.2065400830771
125.2 91.1719196425513
-99.44 -115.808980804759
28.06 -412.244964226275
-31.31 -76.3641104132994
-94.77 -93.1094274182764
15.42 28.1891660450825
132.8 10.4768962720707
147.3 155.671671612687
74.27 80.9977860741472
-67.07 -63.2690009646223
-24.56 -34.847359889173
-12.32 23.751307605466
53.84 67.0339590124818
-13.55 -50.2932175715127
-51.21 -96.8730404214989
-39.15 -41.5312505855619
-73.91 -164.365052923363
-18.26 11.6932005372415
66.28 71.1891590224449
-40.66 -96.7652328728844
-31.58 -30.0311215854909
146.8 181.669554744995
48.67 47.5318185207071
-36.41 -33.861537634702
-50.21 -37.3923063334077
11.05 4.48384376990483
-135.5 -116.511020185613
-159 -148.165746124281
52.84 89.0563658167433
84.78 118.674049306723
-18.47 -26.1785481618954
-38.29 -97.7581892706932
43.11 11.3889695327129
100.7 108.637913550595
45.01 71.8503476839143
39.19 61.6114292726862
61.87 105.730157321371
21.23 -11.8727496813301
6.159 -11.2840823820838
-99.03 -116.855501244898
-0.7443 -15.9092746592735
107 132.324170926321
93.71 102.17381361422
-8.067 -43.9425922525148
111.9 160.78330632756
-156 -221.741486017231
-7.837 47.7314592695141
-71.3 -95.4379041425049
-35.84 -7.25893220239519
-78.63 -158.120905799459
47.18 19.3517501187377
84.35 90.5287796598587
-142.4 -123.815480140755
23.21 -1.83045806487667
21.16 46.879306120109
36.32 -24.1644913084441
-49.02 -32.2691383137441
-126.7 -187.037819663667
47.94 -132.869648063682
24.72 22.5114744188691
141.2 77.8302774514883
-30.64 -56.0084036233853
67.93 72.9526607291113
-101.1 -50.7629166496513
36.16 10.0485493441695
-72.48 -90.7878069525374
135.5 79.9283342150781
-14.67 -2.48646178944147
132.9 122.197062979195
-23.28 284.464448987656
85.22 109.58950407921
121.6 105.528304100511
-99.12 -100.598860377333
28.13 15.8048217750954
107.8 126.353407310987
-35.32 -55.3359507489015
84.19 92.3449604255218
91.75 114.062055436756
103.1 93.2247870899278
35.99 33.2863403131638
-28.66 -7.32447641801375
138.8 122.888837792718
11.37 42.802969244653
45.78 44.3609254577925
-87.62 -129.846974926719
149.1 39.4353635424121
-28.84 -10.3431086479351
-124.5 -108.006512160613
-20.71 -42.4383889888087
-70.39 -91.0462442953482
77.95 99.0824921739109
127.2 167.752027907531
96.5 86.7216176590396
10.89 -5.12853440681475
114.7 102.471565321767
23.52 38.5214531500177
74.28 85.2920261161269
62.67 91.7793710260198
11.5 2.33710657422416
-149.3 -174.757422069493
41.18 43.0153965099771
14.15 16.6586533026819
-58.49 -51.1568337125683
-13.54 -67.4320615613751
-78.81 -151.280913639925
71.43 58.5228008617399
-66.71 -56.5161832267065
-32.16 -39.2146539891249
-78.02 -21.2585967048753
-71.47 -67.6890874787289
9.958 -24.5465428538824
-37.57 -5.06476500796059
152.2 169.477218106812
-133.9 -136.371839742048
47.29 55.3896409083399
-120.1 -95.5940541934574
2.485 18.5622427199061
77.9 162.273188910857
71.14 -185.828434238488
-113.6 -119.429931463724
-129.8 -46.6074440609784
0.7611 -21.3755509122904
145.5 155.549138170583
99.64 128.499233446083
6.844 -1.86302333484261
155.1 187.653658993638
46.27 30.8577011746729
-52.94 -82.1853909815316
84.59 40.2771018569758
100.6 110.388403437153
158.8 204.694554209406
154.3 267.038324182768
122.3 272.558171619375
-20 8.29303511971364
-52.35 -93.9463594580293
8.333 15.9656411449477
45.74 96.151158688954
6.006 -60.9924469562367
27.71 93.2536058969876
-125.8 -90.8583942088129
52.33 5.28046350664566
27.83 1.2219904054091
83.42 95.6915726791664
92.67 68.2734015261324
41.19 52.0942619167397
59.61 10.2427774842182
-121.3 -277.141240208511
130.8 114.104808497542
13.4 22.4597247226693
70.67 68.9559584185094
-70.57 -85.197658100815
45.14 32.5156738564224
-57.74 -52.5247497132554
98.19 86.4367337251314
-42.85 -97.784256274567
-8.665 -18.0645999706273
126.4 177.053536790418
0.2179 7.11084157146657
-62.76 -64.4284165126305
69.14 60.4609755764274
32.64 -37.821388370009
26.38 17.6255340828166
-57.27 -67.6268913093567
-46.71 -39.1954791397023
-105 -125.078201995855
151.6 251.997803497094
-120.8 -67.4768642181249
129.4 67.0900352069472
-46.68 -25.3482973894731
-142.2 -109.066074004571
-116.3 -135.615453895555
-110.8 -182.37220121589
-87.6 -126.836008000264
-152.1 -145.682252608758
-39.87 -61.2625138216946
83.88 26.9731756488903
84.77 67.5477287384436
147.6 130.467686877777
-103.2 5.78471790629111
-37.22 -113.569003019855
-12.49 10.2676774456423
-106.1 -23.0326237340584
36.13 44.3578117163635
-25.53 13.519184551809
1.142 -7.26892395721186
120.4 134.286521954327
59.24 85.074022510549
39.87 123.687091626722
2.726 -0.648469009064208
-94.93 -271.857889197867
128.4 94.274663711205
-10.45 11.3743604426407
-133.6 -187.181096079709
-41.14 -8.79919685809454
-59.73 -55.583065699897
134.2 92.6077957302789
49.05 115.308533295597
139.5 263.183170120655
65.4 29.3023441059484
-69.39 -42.169147655962
-58.12 -102.743802351613
-47.74 -38.3871476708634
20.88 -9.54583405415636
-86.42 -108.597321870394
-139.4 -215.64325854702
110 105.470138837245
-8.347 -25.1151429274238
77.47 70.2222607793948
19.49 -16.2768666830642
123.4 112.85145104237
-125.7 -159.194747609799
104.6 97.1016135026365
-7.307 -51.0117191787315
-92.55 -77.381425692807
68.96 67.8951828680871
-45.17 -79.4651055465879
-43.07 -39.4684861642197
153.4 212.275404996769
61.02 75.3502940277082
50.27 70.4099594483891
-70.43 -18.7972719052299
11.4 -29.7934143111679
75.11 64.9519659882259
75.38 29.7211990867209
148 163.181126783608
-125.4 -47.0180505654808
78.09 115.166353751548
-147.3 -188.491494484654
18.97 -7.56051182603101
54.04 62.7880457844267
6.506 -35.5188675670959
-132.9 -117.641104449814
77.11 92.6830119740708
5.859 -38.9960827887577
-153 -77.5238909437142
150.5 90.6295327582941
-120.7 -147.739917714342
-66.72 -79.2731014976057
-154.7 -268.422916221409
-101.2 -107.480946814819
4.002 -25.0905220657835
-107.4 -122.206659267406
-134.8 -140.239877244773
-114 -190.165977342333
-23.7 -106.294982605525
-120.3 -104.542013919294
69.39 38.562932055685
-75.06 -125.346324489862
-74.25 -65.2991727966028
147.4 255.29142208479
36.94 35.7934964270696
63.34 41.0406544275386
-76.59 -104.133823596
-159.8 -203.488324075588
131 145.636966510772
-67.99 -84.7472149184629
147.8 155.729537772517
50.08 31.5327105650783
-149.4 -182.364805328189
-27.82 6.07025917564216
10.4 -53.1057769252493
72.35 32.3436229673031
26.1 64.0805302443363
78.68 54.2178197734045
17.37 26.3245949975422
132.8 145.587443905172
-28.29 -14.1335054169879
-47.86 -26.7635530745025
-117.2 -147.258957944286
85.96 206.968880836547
-100 -150.491643793061
34.12 -2.48001821965291
77.43 203.46109744618
-51.59 -74.2665318765133
-84.48 -118.080157173809
-96.77 -147.963273366536
-96.49 -48.737223502431
5.766 30.1953697595137
-97.67 -121.491369338727
-92.72 228.056157168975
135.3 127.438325077208
55.79 28.904139145473
-157.9 -179.452643939401
79.5 114.347716308397
-68.19 -102.381297473036
-108 -146.026196671252
-100.6 -104.902211581074
126.9 220.990680208647
9.386 9.72271045882306
-125.6 -118.974473852735
3.909 17.7781648999826
-74.36 -146.634930845565
-37.61 -54.6558490017584
-105.5 -303.887952381417
77.3 77.8674573283934
-80.41 -47.1066678955602
15.42 52.5757156812878
-115.3 -127.25366976023
155.3 155.24999289337
65.93 113.275147449498
154.9 138.93492877361
42.2 39.3534031568507
101.2 116.725411976037
148.6 122.962505959855
36.56 21.8628898186942
125.3 85.2872502038043
-1.374 -6.69488865627067
-112.7 -113.998288199052
10.84 -45.651641571588
-120 -125.368982163794
-126.7 -248.126697692155
126.1 169.181922573275
-30.97 -60.5605600176694
134.7 183.535359777563
64.78 174.150805897234
-131 -221.27286900555
142 146.801131693493
-100.2 -83.6586627421913
138.5 220.566664682889
-144.8 -140.630659813615
-117.9 -139.728330927254
-76.53 -81.4189038273839
-127 -207.334400793501
-38.71 -7.24355830420637
68.84 61.2926649283315
83.51 46.2761700759188
2.248 35.9181600388408
27.03 59.2845802514129
53.54 65.4751267069533
60.81 75.0053821068442
-97.5 -82.9924549312723
-87.04 -152.284332178844
142.5 144.697908144136
-63.65 -21.9222950119674
106.3 43.7434924307501
30.48 56.4030414046892
131.8 129.884257865122
-106.8 -155.714944071893
-7.919 -28.7985134755292
28.86 62.3670642337607
13.45 -1.30181371960508
-29.32 -13.0209491508527
90.33 106.899525318263
18.16 26.3335095317537
99.82 100.824993987791
-31.36 -43.6081369655297
-33.93 -14.4275861732963
27.08 10.738128754753
-3.794 -22.3257740942998
14.6 89.9851709779296
71.93 83.9102900384505
-63.63 -26.8845754766909
-17.15 -54.4785220106583
19.77 25.7820972011701
-103.1 -80.4599654748836
-133.9 -95.0549455022424
31.41 71.0516848352054
-25.1 10.8711720173233
6.346 -6.29439776396024
15.94 14.4658173935315
1.589 26.8039532330373
51.9 20.0501637396845
-76.95 -28.8226068449846
153.7 167.585120367047
96.01 105.151903090687
-11.96 1.88902080130579
115.3 104.328887968133
-24.55 -34.1451102575504
56.03 76.253141700463
-34.65 -67.8143020178407
-81.13 -135.670032697488
-10.02 -6.71600154007251
143.6 211.4584228085
84.64 117.600805525028
151 23.7788278397296
6.755 -4.29377106206281
-121.8 -94.7294146609831
-33.5 3.29970371292415
-99.75 -203.695689594337
-70.09 -172.241129637316
-82.18 -54.9777484802812
-4.092 -20.2310259190069
-40.01 -53.4155174509937
121.8 183.404694569718
89 124.776938083237
90.96 142.531964471171
-14.07 -33.7946427134892
-71.2 -93.1399526478774
-95.72 -157.521314783723
29.41 -28.2487216657219
-145.7 -70.5425908174506
33.49 -160.15649793808
71.58 94.0159097359649
140.4 125.194378939204
16.31 57.8411986628312
129.8 136.484102631786
-96.51 -84.8364900981524
159.4 60.5840090649951
-12.03 -7.15860203331693
51.73 67.0856256318893
45.34 9.18563486623518
148.9 131.787753389988
-14.65 20.5050809912672
-102.9 -81.4604786292253
150.2 149.114929079335
96.4 -371.678239903717
144.8 100.197917843768
50.48 23.8056597862406
20.52 15.1938113991448
-84.45 -93.0320709213593
-41.96 -89.559313959211
129.6 145.919004158643
27.43 37.6119029339417
-144.7 -178.330064266657
93.58 74.9707821020153
-38.9 -44.46497234976
-123.9 -134.26595629392
79.69 65.5036541747154
13.14 1.9407323448043
24.28 29.066233005381
18.89 54.6709608052157
-3.767 49.272675567703
-126.3 -198.838487742144
107.1 58.5020664459386
157.3 290.273271168676
-156.3 -163.182478355985
-39.58 -54.9751983031877
105.9 -378.888195012956
45.09 45.3238766221485
65.76 103.92978522247
-151.2 -108.136636082422
-123.9 -138.121233616943
-102.5 -212.898253692275
132.7 110.285121698124
-41.65 -15.4352397586268
64.27 114.066474035628
92.59 62.5809399496727
111.6 92.0053494284613
16.76 11.342453940149
-130.1 -101.579235919062
-81.76 -185.023806237062
-54.62 -130.590230808723
12.03 16.9094326680915
-32.83 -64.9708928905225
97.21 74.9637826073078
93.82 121.115148811779
-14.02 -14.9945293107676
59.12 50.5868688710918
116.1 111.289355475018
21.64 38.6382080256259
-55.86 -73.7070286011407
50.66 45.840140555372
61.22 67.8522905003477
94.82 75.3845538745037
51.01 86.6815519150752
-19.46 -82.6809945870636
-144.6 -124.695539957629
138.6 172.472761253218
-98.69 -60.500879818764
93.17 143.436889954183
6.51 4.67033546669537
62.08 56.6876644828385
106.3 96.6900047693133
-111.1 -87.4703091816997
109.5 142.374825295457
74.09 65.7926520226028
103.7 147.184488388686
-19.93 -39.142017822027
-130.5 -203.319973409301
-148.8 -192.183581666787
53.32 50.5154627290207
157.7 170.354000703385
8.258 -52.3234357323631
-72.81 -71.1130598876882
-76.25 -93.9093898210635
53.92 122.547508839696
37.08 58.9835650740863
142 -262.790069059854
144.7 171.056263287463
-51.22 -75.1360530417526
30.79 35.0892622148094
91.17 116.044250567085
130.2 88.2138966502263
-57.38 307.262367489163
-147.4 -236.159861053748
77.24 64.9147414496281
15.14 -5.51913914560222
31.1 54.1207958597801
125.2 153.15613901644
88.06 65.0014130064113
130.8 121.180570190388
85.95 64.4604824403023
-121.3 -180.504201649894
50.32 60.4128525191786
77.53 67.8895660834106
-3.441 -29.7491715187537
138.6 192.447236116426
-53.14 -54.8991485615702
57.43 66.5972904270928
51.61 49.859374987583
-23.34 20.4738592912689
-3.657 -5.66600827847243
150.5 141.935509862489
58.02 -10.0010061648588
145.3 155.975896243764
45.35 85.4559343650319
9.853 3.50536662624885
65.44 93.9636268525215
-35.61 -81.0882613821371
59.79 81.2480635097658
-86.16 -32.7521877131577
-55.92 -5.67849564007216
-85.84 -39.5572512217202
63.9 41.9391450563657
-50.18 -87.9388946486112
-60.97 -52.3064303937809
120.1 196.50906115262
-132.2 -142.41116500986
-88.4 -168.237791814728
75.86 70.5113649754502
57.34 148.462244970064
143.6 108.782242407831
-46.07 -84.7520948917643
117.7 143.525111514519
-24.43 14.8596391801512
31.47 65.3922608113445
-115.3 1338.13340907918
-41.28 -50.3174226801476
131.8 108.746377572158
8.95 -40.3910442921781
112.2 109.053958775891
-79.5 -97.5822607915772
94.7 138.303707416388
133.9 57.3080878651305
149.2 179.325961961114
-154.2 -244.716107658935
85.94 103.990351460491
-142.8 -149.315047213317
-140.9 -221.26039855281
-51.86 -36.3380931789483
-154.3 -136.264286978482
159.5 145.150586301275
154.1 163.773543925677
-18.52 -27.3602757582664
-133.7 -75.3018462339166
-62.13 -77.3191441220003
-37.9 91.8871391988135
49.86 14.1203384784425
-115.4 -82.5281711794303
-48.57 -56.7983145622717
132.5 122.813055549364
-114 -150.574530465582
4.445 56.1124415211289
157.9 159.120233796867
25.82 40.8127527845607
115.9 137.229418432616
77.26 91.2678839543626
131.5 101.202917171024
106.9 106.844586955249
115.2 119.261571773179
-121.4 -92.6353754083702
126.4 93.9126964175384
88.23 78.95718881233
-2.291 -17.9077673753308
-54.08 -92.9311957145308
51.18 28.4843566346805
8.172 37.515006802283
69.94 -234.197455399611
119.5 71.8715799409897
91.87 38.2912359425437
-61.47 -60.4853741451282
70.13 58.2598263971568
-157.9 -130.679699069165
47.71 90.4224810033014
-138.3 -86.6255650944882
27.93 13.8989669456625
62.67 102.099420591626
98.47 246.863412381895
-118.6 -96.0890065183013
107.5 67.077652795598
-16.19 -123.575249542197
-111.7 -132.705433401774
-123 -159.937455918991
-86.43 -166.885812590588
79.06 87.6406743475696
49.19 92.2121176707022
93.37 115.77464938615
-20.52 -26.3985712629423
24.64 26.6401051833652
-37.02 -54.885562155835
-96.19 -117.366877734362
0.4148 3.4313177782418
83.58 73.41692405452
82.09 103.530673470312
8.876 -8.99022917210875
75.03 98.2526342344196
-41.01 -23.4306986414917
5.187 -9.48018087239046
87.41 44.341784966143
102.6 126.895255296706
-17.09 -110.133174971926
86.02 115.403214732461
49.8 96.5121197583102
-19.18 -2.32832634497309
-37.46 -28.5920574835269
-43.16 -114.57170542085
-37 -62.8095682159975
-1.708 -5.03120262931979
-92.81 -84.7198141127414
-79.69 -46.2483731209131
2.992 8.71951477535062
143.1 119.139663155794
126.8 141.47573069102
56.48 38.4348170231233
-42.63 -66.5996641497138
-129.2 -122.721835877406
-89.17 -122.270766188396
78.86 147.343847610627
68.11 31.7104035655517
62.21 72.0916849729626
-93.3 -81.6829893880122
-9.58 -6.62728027379766
119.6 168.879602698471
-110.3 -57.6726578691877
-83.66 -71.7524500033116
-15.94 21.4368993349287
104.1 133.262076217455
-70.8 -112.976852501645
142.3 190.118154090796
147.8 154.248719254724
84.06 150.547322040366
-29.53 -41.9501762117061
49.63 24.2952684808839
-107.6 -180.167928611604
139.5 184.19766914756
152.9 151.05872608233
132.4 96.9974032389969
-141.3 -159.856216580457
87.98 72.235450701662
123.1 -28.890067546433
-127.2 -207.781767420468
149.1 159.785316281894
-56.7 -91.7606835068013
120.7 229.645847225
-154.9 -236.959304359941
-108.7 -144.765314774301
-40.09 -53.2045383287079
19.44 40.9838475069959
31.38 -25.257726987271
-124.9 -103.045501242552
76.96 34.8644647948071
-64.46 -33.0706087694381
9.937 1.11223963647719
52.86 35.9920635333339
55.61 107.257291704927
56.36 45.2291540333747
22.86 3.32912245619182
-11.47 -19.953836882782
74.81 58.4530615927202
88.35 85.8898084880535
-106.9 -116.279320621689
-9.204 -80.5271568197295
143.7 151.444495232679
100.2 105.690186367834
-58.05 -67.1212263965151
159.8 134.567561907729
6.406 16.2080015673116
-9.728 -47.183932375205
70.36 57.6417930942162
106.2 93.776352618786
-52.4 -45.7284531310614
-140.6 -131.767175051063
-43 10.7374153560385
-24.34 -53.2548826718508
-145.7 -130.985329121842
-63.31 -52.130933266305
21.07 -7.7373509266209
87.79 94.0998149556126
23.5 41.3128138492178
13.68 50.839574709106
-137.5 -85.4448934409043
24.01 60.1922883263577
55.34 10.9158894493929
122.9 140.736108403184
28.07 28.8555689842775
-69.19 -56.8643948740653
137.5 235.216022830418
67.06 111.084904707725
-152.8 -193.001502415972
86.9 327.79975016024
42.4 12.0995492053979
25.93 33.2263318102687
-151.6 -217.684486102194
56.1 51.4745369872221
-128.7 -146.357956651783
-92.33 -141.438571988782
-34.96 -77.120812715285
-90.45 -66.4204876006423
-13.66 -40.7733369236889
70.55 -51.3434124566186
160 137.302823929846
-88.78 -67.3842709687823
90.53 70.6928769438533
83.23 124.864998495687
-127.4 -150.841937347322
-75.23 -108.294163803406
-27.4 -17.6476654762976
46.23 8.59741496641968
0.7873 -0.415703928936629
149.4 269.407804512875
-150.2 -134.273141423598
-77.17 -103.283694391372
-83.52 5.71216149949283
158 146.89481869628
36.87 34.2955958378334
-113.6 -112.083796630253
-18.69 -2.47200995191602
-104.1 -133.802343910064
-144.1 -149.415124568762
-70.04 -97.1510849947656
20.07 15.0839424054865
-7.687 -53.9410296972944
54.28 45.5698040537415
-147.8 -150.587382700427
62.54 5.48503281320219
128.7 89.6289003037075
81.59 107.688804618531
142.1 137.162682408832
-74.33 -39.8511925126108
7.795 2.94143871324853
17.77 29.154601921142
14.45 -11.657755549779
106.7 112.330506400658
122.4 107.943431672518
-43.69 -47.8591337749905
94.73 87.8315689270078
60.12 102.398196611716
-12.09 -13.7981859534946
119.1 140.852653991348
-127.1 -137.862437291248
-32.69 -93.4109410913622
148.9 106.440148782014
45.96 89.5182092589482
151.4 227.625014299885
128.2 102.453649920029
35.21 13.4739398762621
-16.47 -50.1058085794659
70 81.7696493981084
106.7 117.437642320042
-11.63 -31.6881666311563
-154.3 -134.684976636955
-1.094 -2.40402189051953
150.9 229.921095219918
-155.6 -130.323603054382
135 136.093795800134
124.4 93.1132841843705
55.05 48.4599459507773
65.56 75.9785920829148
-33.83 -60.9150930131836
48.58 48.8828613351144
-94.07 -99.9567858724218
134.2 186.267167550474
-152.4 -120.365681195151
69.66 44.2230331856332
128.5 58.5611347491441
-12.63 -0.0945481667606143
105.2 98.340445032344
101.7 179.118519725038
128.9 100.34793524958
83.81 59.7091098750256
152.5 157.877865905065
118.9 109.864494147557
-112.4 -66.5749473997388
-9.033 -59.6502670931275
61.09 40.3153816104137
19.19 152.2766981465
58.58 58.4224791667129
-47.61 -88.3915367740812
92.86 66.6720418762368
77.8 73.0639415447288
24.95 25.6627349328574
-45.01 157.48075973129
131.9 144.480705160451
-99.64 -67.6342647571396
20.52 54.6909241914898
-20.45 -26.1791197907324
69.34 70.455908165116
121.5 88.2573703884828
-7.781 -42.2102469659457
99.56 118.140543723274
-35.79 -37.8365857593407
7.154 -12.1461265899164
-97.17 -55.0978077326097
-43.49 -63.8136512336768
23.86 65.4042650379515
-27.41 -14.081258458279
-47.66 -70.8664626548204
-114.1 -183.752016244113
61.56 72.6077915462981
155.3 221.966720441941
-65.02 -83.7175591125583
49.96 63.7844702600429
114.6 189.369610093937
-149.5 -205.00058607382
32.38 28.193860328166
-118.3 -152.015689501898
-138.5 -183.413866720758
75.92 100.994653120585
105.1 90.3991722176682
126.7 134.508944682699
-123.3 -101.890607160631
21.41 28.2154388743036
91.17 90.0994677876083
-94.62 -82.5661311550792
135 158.912570608938
-33.93 42.5983795864238
154.5 218.89361018576
49.69 49.5804370065052
101.5 139.813363911704
153.5 127.893137086029
-61.2 -318.249330939131
-117.7 -185.916375044072
156 233.213370839477
-52.65 -51.8041685446213
-99 -92.2397224525111
72.21 112.494217970592
125.3 131.170151371493
38.03 47.0830705871369
71.68 107.877077256248
-42.04 -87.5408068538841
28.61 -0.694700283075971
139.7 134.768361054746
123.7 142.748273754112
-156 -233.576418797697
-114.3 -38.1067542275983
-155 -151.392428854933
85.66 117.346839299822
35.71 29.6882430945377
136.8 163.24522287962
-26.37 -49.7853715367291
140.9 152.641879255699
157.5 331.681976366462
92.92 112.495592342513
107.5 134.687003379388
86.76 111.312353234745
141.9 165.242930551646
-132.4 -92.6426566658237
-125.5 -126.212253642168
89.14 58.7526679259706
46.24 45.1236799651129
32.95 68.1548538360855
-149 -114.09536992646
60.59 110.595959411936
-86.61 -22.3742530069937
28.19 49.6473518453933
11.12 11.7685394086455
95.82 76.1190284699173
117.3 119.59763701207
-40.49 7.45473177651151
158.3 129.884422316015
62.18 1026.1736246136
-123.2 -133.956689276943
132.1 161.041052105476
-136.1 -184.208061680826
-136.6 -153.708673064538
144.1 95.223200115731
9.308 -22.5716987331132
-121.1 -113.652278641232
39.85 49.0515189035921
-149.3 -186.363780580493
11.56 -16.6860627111999
-86.52 -111.028608583411
114.1 156.954608677807
-52.47 -53.4735998207773
-101.2 -91.1167739032578
-118.6 -189.278989248222
-10.1 32.0624860505656
95.21 168.32045838135
-129.6 -164.64640568376
77.73 62.9648465095059
-127.5 -223.398108090339
58.12 7.42341639503824
41.2 -1398.61089527096
-9.324 -46.9364289542507
28.19 39.5070919946446
25.04 60.5525571649447
74.19 79.3563597823061
-144.7 -134.73856888633
20.53 18.864081404542
114.6 127.496952515761
-43.63 8.09463896911666
31.47 50.7260699316676
-66.13 -104.842059913097
14.94 -26.0701697325921
-11.1 33.8952954078736
-116.5 -126.392180115234
156.1 124.488253795229
152.1 146.097573491112
61.44 91.3116312079092
54.26 58.0688469519491
20.59 10.9358028052013
-110.4 -12.0190655210194
119.8 156.118894022866
86.27 79.085401368985
140.6 174.675487328618
-25.55 -814.391673280222
-58.57 -82.7839130820389
36.43 32.4356602218841
-153.7 -62.9838124009939
4.563 23.4893050203145
145.2 266.286537437126
1.206 27.5146748306852
-11.09 4.80498764484047
-59.9 -98.0590628119448
24.9 9.39356339360551
-40.36 -49.3016129842967
-87.03 -53.7724476057797
-18.89 -174.983202783237
48.39 52.1654972056546
-44.88 -54.1999798782861
-148.5 -129.885623928896
-92.63 -128.462717133213
135.9 212.994420443774
-35.77 -29.8862989459877
131.7 255.372115112283
155 137.375119033311
73.43 48.6309833349937
134 168.18121867555
-99.69 -37.6525189725333
104.1 85.8723679611074
62.74 102.169717614965
-67.42 -96.0363727773707
-116.8 -129.661691961035
34.5 23.7218751034288
-57.9 -54.1375569796724
-84.18 -63.1293134330525
50.08 67.9410606097882
104.8 113.125852341547
29.41 6.0696214342549
145 148.356046446671
-50.4 -25.808462249079
28 152.13228496298
-104.4 -121.480428430996
151.9 154.601197218279
62.78 70.0691562670964
49.94 38.0496199851072
-55.78 -61.4021560947003
134.8 170.943171808496
122.8 112.173766408765
64.28 46.8497345457492
-96.82 -118.473514818646
-62.3 -118.111805809411
62.87 61.3371697190279
-62.14 -83.2928555093564
-25.13 -577.560694252405
52.53 53.1169729247074
-127.3 -180.948343202753
147.1 105.493256240993
85.43 53.502685426915
-115.7 -172.074723230207
63.98 86.8740961054964
-76.29 -153.133745136774
95.31 65.7768268750909
-66.96 16.7041601829888
-128.9 -128.836509726882
69.65 154.291463893008
-149.6 -168.603749142298
57.13 12.1819590326423
-20.64 -52.4241819184421
17.63 -22.9022701357413
-150.6 -161.670599393905
142.1 154.46164566985
46.4 16.9754050867537
-51.17 -54.0866145454484
40.39 97.7122069008954
-38.9 -29.3828572497823
-71.75 -81.3082730244724
22.79 -38.3377749088244
111.2 122.013368001049
110.7 149.105166272474
-58.9 -45.9505811524479
-63.01 -89.1400525390994
130.3 178.999754289764
3.815 44.220473748392
45.52 118.456961429689
-5.337 60.3313269189749
-10.36 21.2381690198876
-88.84 -96.774491821332
-41.83 -56.3593276237017
-95.03 -83.0944978451199
47.33 80.3029957772411
-100.1 -76.656554966958
76.49 27.544278652834
155.1 113.36054943211
22.55 30.4018233432465
-95.6 -92.034257983688
130.1 225.249910809679
27.24 34.0308360803206
-32.59 -79.6775196184138
96.55 37.1977536929834
69.66 87.9405495169531
76.42 90.5891767736089
-155.8 -530.263234314543
-78.63 -98.4893641953241
0.966 -31.5827970164949
152 136.681759698737
81.89 115.014886739702
159.6 115.804994099613
-23.98 -33.5147005567512
-38.76 -26.2963135763372
78.12 117.945997570582
105.5 108.044863307221
152.6 157.585130912383
-2.991 97.4130991499877
-33.54 -21.8148947822197
103.4 -10.8576082895236
23.8 16.6680135934602
125.1 97.6891855288789
134.7 166.845006230087
59.47 113.98913456623
49.63 -1244.32987274862
48.99 5.47793093559127
-135.3 -245.576921292957
95.78 71.5286742120852
-147.8 -160.534083459383
-159.5 -145.476150442353
103.5 91.3191571769865
81.99 135.125583926347
-99.31 -78.5680155435634
100.7 91.7697879144895
106.9 136.001196918003
31.27 50.2112546171933
-139.9 -159.186206607273
-135.7 -96.5400122082513
19.27 28.5794559649768
-141.9 -124.871194893342
110.3 75.9695696617639
86.38 91.4954295304161
-155.4 -239.452870821304
-94.81 -123.428303970334
-100.6 -49.575646666937
-159.1 -216.77451093066
28.88 -3.87447233893184
156.9 209.395944272395
63.56 74.2805438791169
-78.2 -87.3479210385643
-81.24 -68.0477078282703
-12.94 -25.3850997148711
-22.04 -13.8217850402336
27.07 36.6682962814409
-111.8 -130.785962711752
142.3 65.6549471121729
25.83 36.6530965399417
75.85 29.9421616000576
115.7 111.963988950267
-60.81 -48.7252960341536
82.49 127.787064296238
87.12 57.2273730549396
9.697 30.5681115066198
105.2 127.730856427048
-142 -93.1759003285781
-112.9 -186.927855143677
82.04 45.6453705619016
59.99 83.6739560065385
-11.65 -2.3870153972012
-80.45 -118.830501205026
60 -0.570012805140744
151.4 171.476345325954
-6.646 323.70446913418
42.12 47.0791718362107
138.4 170.705366972617
-70.51 -53.3515854112022
-105.8 -75.8583090624758
136.3 71.651567610789
32.72 4.45120220429934
43.25 1.53677513613932
144.5 127.399352635646
39.33 70.2710745567894
53.1 26.2485567639968
32.05 -13.8958504911651
99.76 165.010527001516
-58.62 -15.3060911487699
45.14 87.393805630443
-24.65 -9.83979459884297
84.76 108.881580883312
-49.63 -47.0406707419844
56.64 -29.3695547236375
12.9 23.8642474073726
-48.75 -50.4071787103049
-88.14 -99.1643677690827
42.97 61.2125743268417
150.2 190.283531415883
-89.85 -69.7086593152647
43.27 85.1183278433404
150 114.234330293361
-115.9 -67.9937089197271
118.5 185.346323152607
-60.47 -79.0316727947049
116.1 97.6410365797266
99.14 88.332018267507
97.24 75.8946042772081
-149.9 -203.195876731306
5.027 -11.6066985706354
-14.71 -29.5818155192327
62.76 0.25290584206588
115.3 52.7643733569993
-70.95 -21.6673962823217
119.5 64.1688186065472
-96.98 -165.895802623577
-0.6851 -76.8276498111936
-80.41 -126.880053112722
-155.9 -122.552930505631
17.61 40.0428673354758
-36.14 -36.0260221454867
46.66 45.9125279171023
119.1 131.507168704002
141.9 120.560511483752
148.1 251.012455639452
132.7 185.539862129356
20.4 -4.23638918199959
-53.35 -38.7973157894689
-53.46 -30.882177251079
-87.02 -89.721461024994
34.55 21.3136560954247
-113.6 -187.357235662997
24.6 23.6761830840614
-18.05 -72.1612041207566
59.21 124.523969390533
-151.7 -129.06233203581
88.74 116.773748086826
121.7 165.439985735072
123.1 119.117128956109
-25.46 -88.0634337114098
21.55 84.0024574245057
-11.68 -7.61610937353994
-90.35 -147.452056826874
0.6466 -37.3450660976305
-140.2 -230.848818537697
95.34 120.954455747831
45.38 50.1630412141148
102.2 99.9975854460587
-91.82 -61.7521432568008
19.18 -16.0803419739463
45.73 69.2456928174297
79.48 120.007231417086
-116.2 -48.5163255453825
-146.9 -139.243454454401
-154.2 -210.868601874465
-3.266 -59.6428291199658
-27.63 -62.3097052029139
-28.48 -33.134055322841
37.33 27.4277918477336
107.4 98.8505438486171
130.6 100.310435003963
-143.2 -111.025265807159
-125.8 -90.1233276712725
-18.91 -30.7920992988457
-120 -115.043655446279
-65.77 -120.062542530501
-43.24 -116.608215890761
-93.69 -78.6429358968657
-136.3 -185.137455900477
-51.52 -77.3107270194698
-39.47 -32.2033790574704
-58.89 -33.2381409976703
-25.42 -34.889859775045
119.7 149.451757922775
29.63 34.3780324038857
152.4 148.505336664791
76.4 105.745501104886
38.17 29.5037874666577
-55 -92.6973312098111
-119.3 -107.198311172103
-42.55 -22.8468406093532
-85.49 -86.3163916060794
111.7 114.706426138469
-141.5 -130.692078894467
33.83 55.7022595026326
-88.87 -70.423117454136
95.99 58.5403086383949
147.3 136.892032833863
-145.6 -128.679440002333
101.7 93.9310058254391
-57.03 -2.06064480219505
102.5 79.8475841345317
-70.64 -131.636668602702
24.37 17.5787862214974
101.3 151.423320051777
98.33 165.909015273963
-149.8 -151.326464598996
-78.5 -111.714584335503
116.4 77.7739865835264
-81.26 -122.394126292034
-67.41 -206.408106384791
123.4 59.2208185722961
2.43 6.47231528795723
113.9 59.0990942738844
-127.6 -104.617398222101
67.64 112.451188250952
23.38 14.9184389310127
32.14 33.2740528419744
65.93 31.9619463012578
-34.97 -37.8606955360162
82.04 89.6989221900937
-61.32 -63.2725920392059
-72.2 -75.2127770362245
71.57 72.854273623324
-130 -122.915833699809
-128.7 -138.892471756815
-76.98 -84.65771989137
142.4 176.920476431519
-46.79 -100.809252726384
-26.1 6.66204787752781
134.7 122.493125009876
159.7 158.264426996813
14.98 27.9120162684929
118.8 80.7774608613635
-18.13 -78.6343171373566
144.2 93.1728339184318
-64.09 -43.6002943326962
132.8 255.039288826849
47.44 40.2071584612196
-51.8 -101.456689290062
103.8 -77.1903176440401
-55.13 -830.341088796115
65.13 50.4689450322733
91.72 83.2281620479179
-95.63 -293.93749738743
-91.91 -132.489751190602
-54.37 -52.935711820447
-15.52 -38.9919494385886
-16.87 -14.1396744843443
-31.59 -64.4280312489901
111.2 108.5691271764
-99.15 -141.64342959624
-82.27 -98.0492588355328
67.68 33.9654252868256
-125.4 -164.468264042836
-42.66 -105.37294624206
122.8 104.253938629779
-129.9 -157.56644967625
-52.55 -36.0497508309966
-56.08 -114.491059127901
94.94 -121.018931302296
-115.7 -195.631257146626
121.2 112.257865364043
-32.74 -56.8233696177721
129 168.447971854411
-56.06 -105.523109103672
-27.5 -40.1022188966897
20.26 267.169661493653
86.87 93.2899489770737
30.81 -69.537864869255
29.6 -46.2310424150294
-118.6 -111.424073490546
39.09 32.8611723319448
129.1 219.59749252563
-95.18 -146.095025349875
96.37 92.2941850153595
-105 -101.858814482803
-90.34 -87.2160043932556
-127.4 -108.465602567367
131.3 182.906268407434
-133.4 -121.921742380772
-4.611 175.575099919393
139.9 135.630879857882
134.9 232.932791581854
-5.981 -54.2454452933369
-6.59 9.56552045341568
147.7 324.828737449255
-3.946 -70.9265548970266
114.4 133.287873988667
140.5 207.321718277779
-26.42 -62.1059592015705
86.02 76.4851264203834
86.19 39.8828375729177
-18.36 32.8800896976733
118.1 578.74123653535
-149.3 -121.248762905993
140.2 177.255654533225
102.6 60.6509472022413
152.5 170.914021434186
-56.65 -73.0065514861626
-26.56 -24.2681997144087
-95.19 -76.99653291106
-152.6 -165.50157505955
88.46 123.38634801218
70.57 62.6194804710693
148.4 132.349491480142
-113.5 -88.0811751519576
119.1 202.470422322076
55.83 -0.920860407955527
-96.7 -103.60496035633
-85.48 -59.347924662951
-94.96 -65.6380635487184
85.9 172.437275572325
157.8 -208.355449582287
-39.54 -38.1848092279816
-123.2 -125.972413437069
37.82 18.5002257826365
-154.8 -165.466225147568
158.5 178.210617815566
102.8 122.933489238096
-26.21 -38.6136660309628
-110.7 -112.351983326813
-11.05 -64.5258960211722
-46.55 -89.9320164099956
-49.23 -39.3151278398627
116.4 113.833403539737
38.59 30.8402415328705
115.7 30.1125672702868
112.1 97.0988819761724
-49.83 -8.2978454466594
-104.6 -126.877326037605
-2.839 -9.7409583460033
-121.9 -183.623275263282
120.8 108.31681492403
-41.57 -16.7863510537972
119.8 139.474267683071
-146.1 -123.332340462826
-134.8 -216.348873036668
66.97 119.402423916207
75.01 6.44728209656191
16.62 -21.6788859952802
109.8 157.943553722275
19.41 25.6045760850738
137 5.39029317206385
24.91 2.74064312634684
138.7 131.062765432924
67.06 78.0060884986643
-96.32 -535.604096304468
108.2 147.070124416754
131.2 157.061753878795
101.5 117.620834079601
91.44 91.3006826700117
-26.38 -41.2431661520913
93.3 133.034776315048
-97.71 -112.150980082013
-49.8 -55.3662141336987
39.51 28.3750522603784
-65.97 -101.581772429533
-91.55 -140.79156768508
-135.8 -125.326956026545
3.052 2.49429818030153
112.8 101.950362791893
-38.26 -24.3042358713722
23.64 38.0639620484652
-46.74 -51.3873414187618
-153.2 -110.845175749372
91.73 86.4203874922651
-44.39 -52.5476448442403
7.648 -41.7505210618891
-109.2 -134.115069552593
-27.89 -59.2598348299827
111 43.619589923245
-114 -67.8691209969787
-8.046 -28.1634635207554
-16.24 -6.41521027009536
-60.86 -61.649142764419
-110.6 -211.552573092203
-5.738 -42.6289667166138
110.6 -37.4709408504946
-84 -57.7762570890316
49.95 23.1599589410646
-14.89 -11.961754951202
-104.8 -105.324189582353
-101.1 -87.6110424968655
-135.7 -216.262509247199
13.8 -0.035419481074819
-54.56 -80.9181620347256
-69.84 -105.082342189011
85.64 98.9207468081549
75.83 108.461656713671
106 122.951034605739
-106 -71.4858290350253
124 132.390306926879
31.57 29.4586730577
-76.56 -76.6147191281432
-27.77 -95.7946393353446
117.2 170.299231247859
-152.3 -161.030604968699
-22.22 -67.7670688981255
-87.78 -66.596502090732
145.8 1767.88738127955
101.8 97.6194015644234
-71.97 -71.2963479627081
-99.94 -105.843588312988
-16.74 -9.39801303479098
-88.94 -77.634393695791
18.39 5.07678333865183
-13.47 -10.9829208357177
-31.55 -14.5303473529969
145 134.148332486352
-26.7 -38.3162201445836
-47.18 -103.16514282353
-41.49 -57.3928942640925
16.72 19.1557370789442
107.5 130.497413960116
-21.89 -19.4943493129371
-48.39 -13.2129345779919
137.3 65.0342537788159
82.24 102.724090860163
-36.61 -117.161994786722
-107.1 -43.6680895839978
108.4 83.9360310482635
-130.3 -132.409337209196
-92.34 -108.23389608363
