6.193 20.24321
-28.63 -54.1542005
-12.46 -3.294435
14.82 25.3223505
15.68 26.72235
4.359 25.184025
-19.15 -3.57326800000002
4.872 2.90617275000002
-16.02 -44.823328
26.57 24.02641
14.24 24.81476
-28.91 -36.398875
-10.43 14.863225
16.78 10.074615
5.276 -7.48167599999998
-0.978 45.8345305
-7.257 -18.627155
7.014 -0.996590500000046
-22.64 -23.90123
-15.66 -22.932895
-5.231 2.85704199999995
-29.17 -20.1183835
-22.69 -13.7560649
27.9 27.87755
-3.77 -5.80637499999995
-29.44 -50.44802
-23.63 -15.73681
27.58 64.35618685
-9.767 -38.9497705
-25.91 -33.43544
-12.07 -13.747606
-17.24 -22.087285
13.72 7.39658899999996
1.099 -2.59470499999998
-15.76 -57.244225
13.43 -1.27418999999995
28.78 32.455012
15.3 -27.8146515
28.59 19.988335
16.37 32.3954925
1.012 0.970706499999954
16.2 42.409575
28.33 23.351535
21.45 66.614755
-14.11 20.4953354
-18.69 -42.380725
8.738 12.00153
0.598 20.63506
1.895 44.879303
2.56 -9.04161499999998
-11.58 -15.001428
-22.63 -9.524345
19.79 1.10677000000002
7.242 -4.33870999999998
-2.906 -29.47507
27.69 30.924671
-24.16 -21.9908525
23.65 54.05955
15.45 24.23179
-10.95 3.92686900000005
-1.813 -7.61728280000005
-21.85 20.626365
-10.22 -19.57376
27.88 40.83082
19.9 7.65231100000002
4.41 5.44852999999995
-21.53 -9.44108999999995
0.8339 -0.244730000000023
5.753 1.54046999999995
-8.256 24.181655
-28.43 -50.5302125
-22.77 -1.14985530000002
-7.246 -33.31872
3.157 7.33274500000002
-16.04 -22.162885
-11.15 -9.66708999999996
14.21 3.946999
-0.3883 -1.55424500000004
20.32 -21.0098595
23.15 46.04439434
-1.023 -41.247765
-11.8 11.16603
-21.7 -13.9532445
26.35 35.484925
18.53 34.27141
11.86 15.1564
12.54 -0.369589999999954
-6.567 0.220014999999999
23.34 23.815535
3.351 -21.6979345
15.94 -6.59968649999995
-3.821 -19.3229
21.6 -5.44881999999998
-3.997 -2.50976500000002
20.72 41.8867
-16.12 -8.19029999999998
-29.25 -12.008615
8.962 -0.541275000000023
-21.09 -41.219845
-7.191 -4.25561050000002
20.32 7.17593499999998
1.16 -1.72084
-18.63 -57.190455
8.889 28.894764
-10.58 -18.5174365
-21.86 0.246805199999977
17.97 40.8594
0.1641 -27.7333895
-2.87 -1.365425
15.14 54.781525
6.155 9.45110500000002
-28.27 -19.882647
25.01 10.593557
6.489 2.68582000000002
-8.299 10.8049485
-16.56 1.95131499999998
29.49 35.80298
-27.56 -16.2744924
11.25 28.482957
11.64 15.037803
-16.24 -1.20593700000005
-29.99 -36.8392
-2.778 -8.11459500000005
28.32 42.12381465
19.22 127.4175165
8.835 1.42394000000005
-12.96 -6.01047199999995
-0.4374 -5.63438999999998
26.06 15.28211
9.23 -25.71307
8.027 7.93938999999998
20.85 11.412395
25.09 12.705875
-22.24 -4.398855
-22.02 -11.631715
-26.76 -41.010235
23.49 33.157888
17.12 21.77146
18.65 10.311455
-19.37 -27.5226
-9.757 -8.637385
-18.06 -40.919503
16.18 22.165735
-20.95 -14.742127
-14.12 -36.8804
-24.02 -16.268715
-6.585 -19.69295
9.089 1.46192000000002
25.83 31.0879865
-23.52 -49.057136
-11.48 -6.00398000000002
17.01 6.19250399999998
-18.59 -13.032915
14.02 -11.577555
13.63 9.215225
27.22 66.239007
16.71 0.548269
-1.91 1.86476499999995
15.96 54.6107179
-15.92 -27.0868895
-6.69 -10.587752
-1.92 -24.142705
-23.58 -36.04021532
-11.97 -23.4463425
2.212 -15.31539
-3.228 48.291335
0.3336 -18.1827425
-18.34 -19.58857
23.78 19.482585
26.07 14.28689
-12.86 7.92062999999998
18.07 19.769813
-23.14 -21.1821195
-12.63 -30.002315
26.1 64.708945
23.41 10.864471
7.764 -1.73642
-23.14 -29.21379
0.8707 -16.134055
28.19 8.838084
-25.16 -70.9995825
-2.928 -22.5981665
-1.519 -6.75413900000002
11.08 21.0369831
5.466 17.831875
7.698 15.30846
-6.483 -3.89382000000002
-13.1 -10.024832
29.79 117.034005
-23.49 -1.31882449999995
10.78 3.41445000000002
11.19 11.0189865
16.71 21.833965
17.29 31.225622
14.72 -29.3359645
29.52 28.835471
23.21 30.414205
4.321 -11.912265
-6.204 -55.74839
-10.88 -3.20215000000005
12.03 30.851029
-29.47 -37.08094
1.528 5.72968500000002
-29.57 -5.44137450000002
-13.64 -47.378534
-22.62 -37.036962
15.81 47.093083
16.92 9.61542
24.09 59.4877215
-6.097 10.458015
2.476 -14.96692
-16.25 29.445875
-20.58 -43.456155
15.61 22.910484
21.44 17.843773
17.7 -1.49643999999998
-8.799 -15.5233385
-15.97 -20.758665
20.18 10.7108275
19.31 23.802245
3.114 63.3684095999999
15.43 7.03987
-22.23 -26.13436
5.787 56.178985
16.87 24.705495
-28.98 -18.68280065
-2.905 -16.117375
21.18 15.486242
7.041 -21.25722
2.059 -14.058965
7.635 5.89602000000002
-3.445 -4.13146400000005
28.74 26.8802685
29.72 9.58455449999998
-19.53 -49.344127
22.88 3.53714000000004
-3.548 -18.216969
-21.56 -43.18482
19.77 34.4112900000001
26 16.04109
11.89 30.96301
19.99 -0.891699999999978
9.939 26.771125
-18.08 3.57179999999995
21.5 4.87100500000005
-13.59 -43.07707
1.673 -12.7621865
-12.02 -0.59339
27.28 10.5095313
21.35 77.2076425
-13.18 -16.70704
-22.14 -32.719085
11.57 -1.651565
-17.99 -58.57832
24.45 57.539375
20.89 28.93996
20.13 52.959743
-3.939 10.74019
-9.408 -22.203945
-25.46 -15.92131
0.2953 7.78549999999998
20.33 69.31855
13.65 43.85502545
-0.605 -2.81786849999998
-9.617 2.913805
0.6511 2.60517499999995
28.95 26.32255
-12.52 -3.34970599999998
-6.49 -31.695535
-2.791 -5.39578499999995
-14.51 -13.949125
-4.464 -68.480419
-23.23 -16.085755
-11.8 -47.3181295
-16.95 -6.28285499999996
-7.528 -18.338355
-13.33 -6.06441000000002
4.549 8.39477
26.61 24.473011
24.11 7.79956400000002
-12.61 26.7896625
-7.933 34.2232965
29.83 67.1793958499999
-25.22 12.784945
7.067 14.4552845
8.629 -5.90392799999995
-24.09 -31.287331
10.95 13.764812
12.2 -4.42204550000002
6.111 75.8360565
12.31 32.9353765
25.07 17.3428845
-9.086 -11.68753
-13.95 -17.325106
15.28 -2.7667
19.6 76.543275
-17.33 -32.1899365
-23.06 -19.773545
-3.111 -9.19078799999996
-3.057 -24.1188998
12.34 36.7806
15.79 30.2972
-15.25 26.604745
-9.847 -5.97057500000005
21.6 36.062437
2.702 28.96917
3.913 27.049435365
-29.05 -24.8103
-5.271 -10.614895
-21.18 -36.146586
27.64 38.126695
-23.56 -12.4271
17.39 13.713705
18.85 7.00811158999998
8.586 23.8943395
-11.63 -23.4861875
-4.805 -16.204365
-28.95 -16.28457
13.13 -9.38726500000005
29.82 23.11839
-15.32 -15.80455
-11.95 -18.234914
4.653 1.71455999999995
18.33 69.7448665
-11.25 53.411455
-26.85 -12.504495
-29.84 -16.1638564
-24.84 -33.07827
-10.8 -21.13752
-6.97 -11.110396
9.169 27.5091435
7.736 30.740605
18.25 21.6879188
-1.944 -22.134275
7.481 6.77175
1.843 -4.56636999999998
26.38 -8.88433000000002
-27.57 -7.68219499999998
19.19 37.995455
-18.22 -44.0890415
2.819 2.88779999999998
-11.42 8.71636999999996
12.18 -4.49220000000005
-18.71 -34.9343425
-15.71 -14.3326695
27.54 51.226105
-16.98 2.24369899999998
25.29 43.2766200000001
-4.564 37.112369
-16.86 -11.9732665
11.57 13.186935
12.05 1.70102949999995
4.166 2.68678000000005
16.35 -0.662720000000046
27.98 14.1603755
-26.16 -36.133934
5.372 -3.651115
22.06 13.77947
-2.517 -11.337155
15.48 23.57247
27.39 34.124696
-3.792 27.742125
5.488 22.73395
18.29 16.58299
-22.39 -40.362615
9.738 -8.53169499999995
-29.8 -35.923964
-27.47 -27.153115
-10.38 -11.8728655
-21.29 -1.452705
-4.551 -0.476697
-7.717 -6.47484750000002
-11.6 -20.8834725
0.9895 -8.35277000000005
-12.93 -9.37654000000002
-22.92 -24.290635
29.33 38.132395
21.49 4.06315399999995
22.27 42.7807845
-27.73 -9.09902850000005
-7.16 -44.322474
-27.09 -51.414136
-23.32 -19.536135
-8.044 -10.967224
12.14 50.591405
-26.5 -54.611855
18.78 -15.0623825
18.14 8.62329499999998
-4.083 -1.50230649999998
-2.831 5.52713499999995
-19.52 13.1486695
-19.05 -80.067765
-28.7 -15.265315
-11.48 -22.4720545
7.862 20.52197725
-2.573 -11.350902
24.74 29.45326
27.24 76.48794
19.24 -5.84631999999998
3.979 12.897315
-1.912 -42.42456
-0.6414 8.30839500000002
-15.27 -11.009285
18.9 20.8583239
-26.46 -58.021745
22.7 25.821295
0.2147 3.92260499999995
-13.24 8.11615999999998
2.42 -17.494249
-13.22 -11.7681116
-2.654 7.30472
-26.7 -15.656954
6.502 -7.71671349999998
1.743 0.557013750000023
-23.27 -36.470465
-23.66 -1.390365
-9.801 -4.14511050000002
27.35 13.4275565
-17.36 -20.1752735
0.07824 1.55882599999998
-14.14 8.53333
18.26 22.611275
22.95 2.89376999999998
-2.51 -9.72433149999998
10.2 5.54273999999995
-29.78 -73.431295
28.31 12.915035
-22.93 -19.900945
-9.745 -33.965625
25.63 19.7079815
-4.882 -10.377668
-18.03 -26.6668492
-6.279 19.3708605
29.55 45.3377765
22.82 16.6938535
8.525 -11.426895
-26.93 -18.638375
3.213 -7.88493499999998
25.17 34.0328933
29.56 19.12783
9.631 10.504265
-3.286 -6.61827499999998
-24.02 1.089805
-14.4 -9.01583999999995
-29.04 -8.6238715
-29.4 24.68091248
28.76 57.196209
20.14 3.84990049999998
-12.49 -10.810575
-22.25 -45.079455
2.482 9.763715
16.73 14.7150488
0.8013 14.477195
-9.136 3.36517499999998
9.542 -17.14064
-23.74 -30.7633535
22.34 -6.22732499999998
7.994 -4.24885999999996
18.69 20.084235
23.54 -5.77183
-3.477 -13.87068
-22.84 -50.5965785
14.42 31.501054
-7.951 6.86022999999998
-17.31 -9.22014800000002
-28.92 -27.7242035
-23.18 -26.975095
1.261 4.42565899999998
24.46 8.69531000000002
3.591 1.30141499999998
29.92 39.60571
-28.52 -25.816989
16.14 27.98928
-6.394 -11.602055
-9.427 3.17704499999998
-27.37 -107.627205
-8.391 -47.24351
-28.08 -43.968895
-29.67 -40.519037
-15.49 11.43566
-12.44 4.95695399999998
-22.18 -39.9919785
2.671 -28.3640065
25.18 30.259645
24.65 41.556285
-5.612 -3.08179999999998
-4.712 -5.90823999999995
-2.777 23.720826
-3.208 11.320665
14.54 13.23027
21.56 14.9794095
2.791 13.196675
-9.878 -41.762145
-29.58 -36.72538
-27.1 -43.979241
28.18 49.00237
27.12 22.232905
24.12 16.8486665
25.45 21.017305
-16.64 -30.896485
0.5855 16.3867995
19.7 16.580865
-23.1 -52.63332
18.16 10.919372
-27.1 -53.9875425
3.465 24.36882
6.869 15.6478555
-13.87 -82.2888585
17.43 19.3878595
-27.96 -25.54149
0.9361 5.22176850000005
13.84 7.07732
-26.45 -22.463503
25.34 26.0971185
1.688 -114.562418
-6.935 26.7240355
17.27 0.791674999999977
-14.72 -32.707813
19.4 -1.62291999999998
12.2 -5.09885214999998
9.039 -7.74713999999998
8.533 10.013159
-2.49 -33.17745
-6.282 -6.65104350000002
-15.73 -87.1129
-27.39 -13.73123
-0.5802 -11.0217785
-1.676 3.58452000000002
15.49 30.42325
-2.248 -17.3485635
27.3 64.8357499999999
20.3 24.890465
-17.72 -27.90358
-1.136 3.52048700000005
-28.23 -28.756295
-16.24 -45.491352
3.911 42.749393
25.02 13.073605
0.3246 1.70362849999995
-14.67 -17.39139
8.877 -40.920065
0.8378 -12.762395
13.43 31.696245
-2.688 -10.58118
6.385 16.56602
-19.97 -1.10600500000002
2.481 -14.432685
-3.623 -3.02234150000002
-16.92 -26.321975
-9.231 -20.436939
-20.32 -54.499969
24.48 18.244765
-20.3 -44.050517
-5.684 0.956850999999954
9.146 0.25567
28.27 7.21350000000005
-8.96 -16.91489
-28.96 -109.92948
-8.905 -23.0118325
3.497 -27.872575
-5.086 -18.642191
26.96 39.270115
-19.43 -51.290415
27.28 42.31179
14.53 25.9924475
-5.115 3.93726949999995
24.48 42.7835129999999
7.261 -28.6822875
18.79 3.3076165
-16.56 12.500504
26.76 32.5282105
-12.09 -6.31740499999998
27.35 53.703388
-11.41 -16.1108
-23.68 -22.4715095
11.64 14.434685
17.04 54.1403415
-11.08 19.08551
28.27 35.721005
10.7 14.79209
-16.4 3.49761399999998
-17.24 -30.659385
-6.614 -14.83236
-23.95 -20.700613
-13.12 -35.36476
5.661 6.00166500000005
18.09 40.048731
-4.795 -12.3938
-4.036 12.3893
15.77 4.22137499999998
25.71 9.14681500000002
-3.733 -2.54938499999995
2.579 2.93846
25.3 40.923655
-18.05 -16.698675
-10.78 -10.157435
13.35 12.08514
5.415 6.57379950000002
8.815 43.077009
29.63 2.17109499999998
18.76 54.6355025
23.74 65.5342305
5.855 9.621288
-8.778 -9.684139
-18.54 -27.5805107
6.755 12.4190275
19.44 61.1381155
-14.96 -26.9691065
-4.799 12.358525
9.821 16.577945
10.71 32.182926
16.48 -0.2422855
-24.13 -39.79994
-24.28 -47.95032
-1.755 20.4912312
-14.84 -10.32429
1.822 9.76943500000005
-24.54 -26.7827375
10.33 3.15210500000005
-22.36 -31.7571685
13.87 -16.222715
24.2 31.70568
-22.17 -60.368055
25.96 30.724045
-10.59 -23.366665
-11.35 -33.38328
9.962 38.882349
5.241 42.3654455
25.54 29.05397
16.26 22.30568
-26.6 -49.993445
10.05 15.499065
25.99 -4.29540499999995
2.27 -55.388791
-25.27 1.5036705
-8.764 -33.976085
-29.64 -32.01291
-4.35 -8.19688499999996
24.47 56.690075
-14.23 -15.972275
-9.625 -2.13953999999998
1.177 3.563207
4.11 -14.384085
-19.97 -67.234305
-6.931 -1.05010999999998
-27.87 -50.8778500000001
-13.25 -29.08509
22.61 43.808887
13.67 -5.10166000000002
-17.55 -43.1573745
12.02 11.6627
24.48 31.729803
15.71 -0.783742499999954
14.99 13.975081
18.85 48.355245
-5.878 -15.99041
-2.083 6.53347500000002
-16.79 -64.982065
-16.18 0.597034999999999
13.56 57.363787
-4.713 82.366675
-0.9871 -25.3159305
-3.001 -11.63137
-27.9 -73.47177
23.74 14.106045
-0.7224 18.979298
-11.98 -50.727105
-22.74 -41.371675
29.16 23.9618
-24.84 -18.4619
7.038 16.884535
-28.67 -43.347685
5.573 11.6715965
3.455 -10.95397
9.473 16.1650089
-5.84 -20.1516635
9.204 3.66345500000002
9.672 20.19488
23.98 18.934205
-15.89 5.61870500000005
6.911 -22.028437
-6.758 15.01716185
18.01 10.9426675
2.791 -7.08107999999998
5.451 30.3232685
10.78 12.62046
-13.36 -13.972995
0.9302 8.64014500000005
-13.48 -36.240659
-0.7353 -1.00589500000002
-4.028 -0.00894799999999996
1.204 34.4205995000001
-16.89 -23.574316
-19.05 -25.616675
3.052 17.706125
-4.711 -42.582875
-1.027 -23.0156395
-16.75 -27.97473
26.42 2.21623999999998
23.33 34.3649745
5.468 21.028642
13.82 23.73106985
5.982 23.7007175
18.48 28.971055
3.867 26.426435
4.733 31.99326
19.9 53.6239675
18.18 50.1806025
-7.612 -20.91604
-7.195 7.78989500000004
20.74 15.36605
-18.16 -39.3104650000001
-23.42 -23.200205
-21 -2.68187
-15.38 -25.45243
8.678 46.658895
-3.396 -30.956045
-14.56 -36.40911
22.79 31.816334
28.16 15.744462
26.2 38.57102
-11.36 -23.912377
-14.96 -18.7308345
25.01 48.831815
14.06 15.675875
5.729 18.7659215
-1.851 -30.3589235
-16.27 -15.486915
-16.85 -55.1185277
20.75 25.59538
-19.09 -29.185985
7.378 16.151295
-2.103 -30.822275
1.2 6.0466795
-10.39 0.0545500000000452
26.84 106.062807
7.587 -1.49487400000002
-17.09 -16.0830695
-27.7 -17.2326095
14.99 -4.91890500000005
16.81 12.9872062
-12.75 -0.587190000000023
-5.873 -5.42844000000002
-16.37 -38.09689
-17.94 3.55874649999995
-0.222 101.192972
-27.78 -41.27036
-12.37 -13.433515
10.52 1.07958500000005
-27.79 -24.069396
-4.009 -6.71930499999998
16.1 21.569105
23.64 28.00464
28.73 43.932
8.976 43.017725
-19.54 -20.945135
-9.36 -4.92032600000005
-10.09 -16.992565
-7.296 -36.33241
21.75 7.26814310000005
19.57 2.64913700000005
20.18 0.448359999999977
-25.36 -12.660711
-28.19 -0.692864999999977
-23 -33.6468155
-14.21 -76.62167
-26.18 -35.310995
22.85 37.039885
-20.4 -41.424405
6.621 3.34177499999995
-7.652 -24.17254
-24.34 8.36413150000005
-10.84 -3.78555049999995
3.715 7.76992449999995
-7.891 10.9322645
10.54 7.12037000000002
16.48 -15.0008725
24.25 6.64454000000005
2.678 -13.9283192
-8.32 -31.976055
18.05 18.63099
-13.17 1.99839999999998
8.067 34.638634
11.08 51.885335
12.9 4.33255250000005
10.4 23.9563835
-25.43 -50.4899965
27.5 19.126835
-20.13 -89.20033
6.7 -14.1722075
17.54 31.656595
17.99 75.4290025
11.47 15.900475
23.15 -5.757825
21.72 54.281105
3.327 -8.86415599999998
4.702 31.3220955
-4.265 -16.13498
2.4 101.96002024
-5.216 -3.90656499999998
-13.55 -21.214145
-1.147 -49.404295
10.48 4.84254665
-20.99 -30.91035
-25.36 -64.438715
9.338 -21.130799
17 58.3033945
16.08 11.405565
22.01 31.970175
-29.6 -31.95993
-2.102 0.7028937
7.934 -16.379905
24.87 34.85835
-0.2477 0.381335000000023
-21.4 -33.62225
0.8267 15.6206715
-7.252 20.10521
-0.3122 7.86721499999998
-4.368 4.90993
25.82 9.85911000000002
-26.99 -31.97539
17.25 -9.80914539999995
25.05 -26.45303
5.015 -2.39412000000002
-8.372 -10.883925
0.8633 -16.903526
8.402 7.09043000000002
19.05 24.5031257
-3.51 -40.44752
21.12 -21.83797
-23.74 -38.260155
16.01 13.414415
-24.86 -26.33256
-15.39 -60.6172415
-12.4 -3.351305
0.5579 -2.96579000000005
15.64 29.704445
-5.497 1.8738985
-22.99 -24.89119
-13.3 -7.71438135000002
4.877 6.47678000000005
2.994 -3.68656500000002
11.33 30.493355
1.067 11.9095715
3.728 8.24638149999995
-21.15 -2.48821000000005
-9.639 -34.24096
16.91 23.136265
25.28 44.47212
19.72 -8.63365999999998
-5.306 -8.50247999999998
-12.04 -21.6699
13.22 24.43591
-24.92 -48.90818
-2.693 -38.3470705
28.94 41.9735395
-22.96 -3.27267500000005
-23.59 -28.5232616
27.06 25.082025
-4.602 -5.605335
8.01 -16.23871
0.7577 -1.45938539999998
4.83 3.71843500000005
3.556 7.97780499999995
-1.52 -44.88665
25.25 49.304073
17.28 24.16457
5.046 6.51116000000005
-23.79 -34.48756
-1.951 -10.502585
0.594 8.09444100000004
-14.1 -14.20604
-20.82 -17.962805
28.94 60.7649
-21.12 -32.874975
8.497 49.15629
29.61 -47.02655305
5.188 -2.902525
-2.254 29.1087148
10.75 0.225449999999977
-19.8 0.940029999999954
-14.54 -30.855383
1.069 48.709033
2.272 -21.17084
0.3488 -17.150255
8.195 27.801802
5.202 21.50437125
2.902 21.058875
25.88 -22.28835
-6.823 -1.28629500000002
-7.978 -11.5050315
-25.47 71.97409917535
-19.3 -23.45613
-11.95 -4.961865
17.01 0.678955000000022
0.3504 -15.605355
0.05889 -11.92278
21.82 44.47706
-27.79 -28.50533
3.353 -27.513465
-15.95 -32.51297
8.623 5.054708
29.96 29.368845
13.89 -7.26898000000002
-29.06 -38.28185
-26.56 -22.284315
17.18 28.8353445
-29.24 -57.3005535
11.79 53.3706445
10.79 30.644525
-4.405 27.7936205
-10.7 -7.86678999999996
-15.37 -1.11585999999995
10.33 36.673075
-18.73 18.0989
21.32 -10.994715
-16.11 -31.27055
-1.304 -4.803155
-10.63 -11.196385
-2.388 1.57780299999998
6.552 2.2341195
2.742 9.451151
22.96 40.1027275
13.21 7.63131000000005
-7.896 -23.218887
0.02607 -4.41696799999998
2.918 8.19561499999998
12.32 19.544985
28.31 13.525065
25.7 -3.20667499999995
27.41 23.925435
8.178 13.264475
-18.51 -46.545162
-22.33 -30.703793
-17.23 -33.359866
4.311 -0.190493999999977
12.61 2.97989199999998
-12.27 -22.943138
27.94 90.8979525
-26.23 -42.878585
-21.89 -55.0493255
-11.7 -13.780515
6.241 31.3138285
18.99 -41.6996845
27.87 18.590255
2.368 1.53764999999998
-18.55 -29.273055
15.61 19.38657
9.559 20.7735447
26.89 38.16002
21.2 8.05121999999998
7.422 22.0057
-20.93 -18.669169
3.633 -3.65052
-13.95 -26.0990255
8.009 -9.5823565
-2.453 -9.502535
-9.21 -12.15487
-22.23 -18.466035
-26.23 -45.792231
24.88 1.34761999999995
16.7 14.9296965
6.974 15.44223
9.55 11.365228
2.23 4.89145049999996
5.751 9.738617
25.06 30.2283945
-21.86 -11.622535
-23.08 -42.803115
-8.154 -11.665265
-27.28 -58.5437244
18.3 50.88111575
1.312 0.555795
21.49 42.08424
-9.598 -8.5338505
18.39 0.891085
5.732 -51.326305
-19.09 -53.763349
4.562 -20.54408
14.14 47.34361
14.7 12.4072327
24.44 50.0105005
-7.216 -0.876518400000046
-17.81 -36.09462
-27.69 -20.323135
26.44 33.11802
-26.89 -31.77848
18.08 -5.15883499999998
-1.807 -60.53593
2.186 7.63039
23.19 44.2320125
4.831 1.51487000000002
26.86 37.816814
27.4 39.409059
-11.75 2.33224000000002
-6.577 -18.95865
-14.76 -9.47304400000002
20.59 11.17281
-4.251 19.1859145
25.29 31.02113
-12.86 -21.027575
11.43 24.65766785
23.52 24.11044
-24.06 0.533920000000045
25.58 18.932805
29.62 3.60845000000002
-23.76 -39.91006
-4.776 -26.49297
5.16 9.12983050000005
3.112 27.463097
-10.46 -35.888807
23.57 56.178345
-24.14 11.320135
14.3 23.155672
22.54 25.650035
18.02 76.22445
19.04 41.5834085
-6.001 -10.981155
-11.5 -19.971585
3.418 3.39330000000005
-12.55 23.006578
22.59 -38.5727
22.19 73.35479
25.36 47.8346289999999
-24.31 -14.191934
-20.6 -45.142406
-0.06893 -2.32807000000005
8.017 2.86434050000005
-21.25 -27.38121
12.96 20.08717
8.889 -17.92491
2.445 12.101706
-12.37 -5.06867249999995
-22.5 -43.545872
-18.15 -20.204645
0.3962 13.871885
28.51 5.48733000000002
-24.15 -19.0395565
-9.781 -27.72614
-19.06 -31.552685
28.63 26.675155
-9.395 -1.90095500000005
-13.73 3.25878500000005
-20.71 -51.365615
25.38 25.5756185
28.19 -4.89826
15.88 3.67461499999995
1.87 0.397970000000023
0.4996 -3.29362000000002
-24.79 -12.4064
21.54 66.412187
-3.923 -33.483505
6.896 1.7812
18.3 -12.7063015
23.34 4.29793350000002
25.13 10.57246
-9.05 2.98055499999995
-7.044 -17.5509305
0.8249 -19.447625
6.386 -6.32279300000002
7.634 -4.43149999999996
8.012 -10.048205
20.66 12.9278885
3.268 -0.255754999999977
17.53 37.669125
29.08 17.06489
1.328 17.80904
-8.161 -13.004218
-12.17 5.96388999999995
19.76 10.4710685
8.937 5.21893500000002
-23.9 -10.776415
-8.77 -26.22857
17.75 17.57264
-17.12 -9.93565500000005
-1.8 -16.5445565
-20.66 -35.6810145
-1.947 -15.069225
-21.54 -33.5358335
-27.79 10.813865
4.616 3.16183850000002
-6.719 -11.8797
2.199 19.779384
-8.073 -11.937165
-9.472 -27.0210125
-6.63 -21.300865
28.11 35.1974
-2.126 -3.12904949999998
-22.72 -25.80188
-29.34 -16.40922
-27.13 -8.23711850000005
-13.78 -20.930875
7.141 -10.525727
-10.16 -30.01754
1.763 5.44542699999995
-8.697 -18.202016175
-28.05 -4.75267150000005
13.34 -0.476360000000046
-13.52 -44.1736343
17.86 39.659337
9.656 -2.78780300000005
12.31 10.9594225
-15.36 -12.5397185
14.41 -8.50886700000004
10.21 16.8549165
9.903 -8.16417500000002
-23.59 -24.27677
-8.225 -40.45961
10.57 -3.15329499999998
12.52 7.87872489999996
6.608 16.5744
-10.61 -9.07740999999995
-4.3 -4.38236500000005
26.27 7.15499899999995
-24.84 -25.08612
-23.74 -38.15401
6.759 7.29614
11.45 17.620729
3.366 -0.75424
4.213 0.216936999999978
16.45 32.135685
3.809 16.09253
4.919 -2.79966500000005
-14.43 -41.197895
5.19 -2.06983999999998
24.12 17.499225
-26.15 -15.257776
9.701 -7.919901
-17.51 -49.7459775
23.53 0.245924999999977
-27.84 31.07523
11.49 18.5073791
-6.029 -15.553835
-23.03 13.278155
2.362 -7.06761900000004
-17.18 -20.218065
1.308 8.960355
-5.603 -36.664375
-27.56 -35.575885
11.37 46.384937
12.18 33.040375
-17.77 -23.2112
-9.628 -2.69159999999995
19.05 -2.57338
6.965 0.241133600000023
17.49 23.48321
11.41 -1.52027900000005
24.06 64.266265
23.77 61.3908175
8.35 20.842575
-1.802 -11.283425
-14.47 -48.26078
28.65 46.528085
-19.82 -2.56781000000005
-27.04 -22.383715
10.26 42.75838
-21.04 -46.0247305
-2.308 -0.553525000000046
-10.33 -20.040438
-13.41 4.57379000000002
-3.36 -66.751125
-15.2 -19.4826925
23.85 -10.903915
20.9 46.508333
10.77 -5.58352649999996
24.89 2.62994499999995
17.15 16.12747
-14.27 -3.516105
-9.585 -7.85697249999998
-8.564 -26.68873
-0.4806 2.94383500000002
-19 10.643019
16.03 31.1467175
26.31 54.5949
14.73 13.202545
-27.31 -51.347095
-24.8 -17.707365
24.25 53.7499525
-12.81 -27.115893
25.17 10.7350085
2.283 -16.45204
11.65 5.68667400000002
19.98 25.0710935
12.07 17.32668
20.57 10.092708
19.63 18.2526973
18.09 12.32703565
1.664 14.7779145
2.968 -3.25529950000002
-10.47 -38.89937
25.34 43.368746
-14.81 -25.527805
-20.82 -34.045605
-4.709 -26.43012
-3.765 -12.6397685
20.43 22.770006
22.28 15.333995
12.14 36.32090145
-1.431 -12.81719
-15.34 -45.522751
3.174 19.115389
4.5 13.3668
17.79 58.365625
24.6 23.982892
4.718 -56.93595
24.82 28.549665
3.629 -8.67580499999998
5.668 24.7724
24.47 50.62102
-10.32 7.40149199999995
29.92 41.6042500000001
14.96 9.09261000000002
-25.55 -37.3900050000001
-15.16 -56.12653
-4.431 41.429105
1.742 0.148907
-8.115 9.45212000000002
-26.43 35.107435
-19.57 -11.223995
-12.93 -38.61181
-7.02 -26.84261
-2.493 -14.98283
7.402 -4.91499750000005
-5.061 5.352334
9.097 29.78946695
14.83 11.526585
-25.07 -42.56282
15.01 10.1382135
1.017 11.373985
21.84 47.214215
6.29 -5.52694099999995
6.341 9.17856999999995
-11.56 -3.87930999999995
-14.66 0.617435000000023
22.12 22.381285
-25.57 -45.30808
-17.21 -14.836465
1.927 35.78237
-1.173 -20.3735305
-6.997 -19.975389
-9.899 -34.560594
23.33 1.21034500000002
5.976 -19.411445
-13.37 -16.317845
-5.395 -9.751115
15.51 17.64315
-28.45 -29.893085
18.4 37.59299
24.27 20.71914
-14.49 -44.76864
12.52 7.471855
-17.18 -22.10473
-4.642 -26.632175
-10.81 -28.33908
29.61 26.427365
-19.39 -32.663375
3.936 4.92132999999995
-12.61 -8.86226
19.94 60.63689
-9.375 10.498135
1.634 -22.195408
18.07 35.5380228
21.97 35.496485
-5.675 -12.16029
-3.748 18.45077425
28.22 26.995815
15.51 35.50665
0.5158 18.5772845
5.849 -6.125975
5.067 8.49724
8.18 6.76224549999995
-3.602 -14.073385
7.455 6.74448500000002
28.03 24.5348
4.977 47.95632
-15.93 -25.086515
-26.17 -36.760835
-22.66 -33.148606
-6.952 -42.06432
28.85 19.52767
6.79 8.55311499999998
-24.48 -38.6854315
8.629 17.51138
16.88 25.490235
-16.07 -35.05671
-15.62 -73.0469825
23.85 16.551665
20 27.575185
14.72 22.72588
-29.01 -35.018418
7.531 8.08967399999995
-28.38 -34.129475
-1.585 8.65579499999995
13.47 54.15762
-7.668 -22.26108
24.6 55.8516848
-28.41 5.375665
7.545 6.24291
-24.39 -44.785265
-3.3 19.095095
0.9885 -23.1327165
19.22 9.45944825000002
22.86 19.00157
-11.31 -12.2727505
24.74 8.24742999999995
28.98 71.21024
-15.35 -30.7892575
21.33 65.8071655
29.06 45.853066
24.49 12.600545
-27.37 -10.938651
-0.5009 -5.46802000000005
13.12 34.591305
9.042 -16.370825
22.96 -10.2038165
22.85 -9.98376
-25.83 -27.09295
-7.776 -3.62059499999995
-18.79 -32.887935
-5.96 -22.23388
-11.76 6.67949499999995
4.923 17.82341
0.6349 2.54732499999995
9.018 15.25204
-5.468 10.646819
0.6448 -14.997526
5.319 -14.83031
23.43 31.912305
6.252 -14.993585
26.89 20.7464095
-10.89 6.87464499999998
-18.69 -7.30128000000002
23.42 45.799698
-15.45 -27.15463
21.4 49.8495725
24.28 34.87899
4.294 0.765845
-27.17 -65.7494755
2.563 -12.2101805
-15.74 -39.1180635
-28.16 6.88083
8.623 38.282365
21.65 58.76107
-20.47 -26.0864655
12.14 22.257915
20.66 11.885005
21.74 71.847245
-17.64 -55.0745085
2.749 22.631401
9.198 37.983645
14.4 19.34656
15.32 46.572048
-25.47 -54.273655
2.521 32.55057815
-23.46 -25.79938
0.1049 6.68095749999998
27.84 66.576725
-10.35 -21.1268975
12.16 16.24039
22.73 -0.858379999999955
-6.56 1.19206349999998
-11.62 -38.951205
23.86 22.765934
-15.39 -14.566112
-13.23 2.17693650000005
8.742 -7.86525375000002
12.61 29.75081
4.146 -39.884585
-0.7352 6.25856999999998
-15.17 -6.43126999999995
17.42 -1.96147999999998
28.25 46.055915
-4.391 -21.611785
-25.56 4.89811
-14.98 11.2614265
-25.76 -17.83154
-11.74 15.6844605
22.89 24.8104057
25.96 42.8743
22.3 32.144145
20.88 72.5828876
24.73 72.44927
-5.135 3.01697500000005
4.746 -9.01526999999998
6.298 0.516119999999977
-16.63 -8.57420350000002
14.42 5.59135850000005
-22.41 -6.89144650000002
7.892 23.4186355
-18.93 -49.866035
-13.29 -48.9791945
-27.96 -26.407555
18.63 52.6249125
9.618 5.982385
4.242 -2.41690000000005
10.19 -9.722124
19.33 34.950333
12.37 31.7870895
-3.79 -20.884525
-3.915 -7.19067499999998
-16.05 -42.098258
19.86 28.6143
3.007 -5.49935999999995
-16.11 -16.71263
14.88 23.526797
-6.6 -22.052536
-14.07 91.05901
-9.076 -24.045275
-4.946 1.48827800000005
27.67 44.0459895
-7.086 -7.57009650000002
5.124 5.57140000000005
-28.58 -28.07909
12.04 13.819798
23.37 31.29481
-14.28 4.761645
-22.92 -14.903797
-19.77 -18.40042
28.91 67.8771199999999
-29.16 -19.27714
5.551 15.4574895
6.956 -36.234093
-1.032 6.45607999999995
-6.362 -1.21823499999998
-15.99 -4.81032850000005
19.69 51.6441985
18.95 5.05777000000002
4.408 -19.384065
13.76 34.662455
15.51 24.5521445
23.11 -2.08004000000005
29.75 34.138265
-13.19 -8.71844000000002
-19.06 -20.467705
5.882 -3.57847500000005
16.85 40.081621
12.87 -4.36246549999998
0.2343 -10.995889
21.53 75.6509085
-26.41 -65.777915
4.247 2.80158999999995
-5.221 -6.017495
28.56 50.6201645
-8.074 -55.3802925
-14.26 -6.25979500000004
-28.91 -55.16409275
25.25 14.505852
-27.52 -53.17755
25.24 57.8444725
14.01 -24.5475556
-25.06 -37.08922
12.93 16.11907
23.51 26.15695
-5.688 -10.787999
29.3 54.8085831
27.29 57.41363
28.52 42.7523285
23.85 24.030581
22.12 54.5539003
-10.72 2.12806550000002
3.851 -19.2262575
-5.169 6.80824000000002
-24.16 -34.75334
6.961 11.06182
25.1 50.639895
-12.86 58.4829
11.03 4.22345150000002
8.153 142.72925
-19.62 7.01060449999998
-8.348 -33.1930595
21.89 21.770365
-2.686 -46.306375
17.67 57.8364855
27.43 68.3753699999999
25.46 33.425515
19.46 15.291025
17.11 -7.32548700000005
13.04 4.59687850000002
-20.35 -17.132475
14.94 32.7159475
-0.06 -29.0316
-6.627 21.17634
1.698 7.741235
21.28 51.566185
-14.33 -20.194093
20.91 15.066235
-16.17 3.03417300000005
23.94 19.89592
-13.7 17.078685
6.714 -8.07828500000005
22.74 49.778245
21.02 74.624615
0.195 -11.0319
-10.72 -23.73646
0.9166 -1.77383199999998
-10.33 -90.52368
-16.15 -15.07837
18.85 82.7082525
-23.1 -20.33411
30 30.66686
8.225 -1.446905
-3.134 -24.7100515
18.63 25.925335
-11.36 -3.5016
3.241 -3.84373000000002
14.98 69.7357605
-0.1375 9.94895000000005
22.66 62.2960055
6.711 17.0933335
25.82 11.799835
-16.53 -58.7914
-9.285 -29.40814
26.85 18.9822285
6.661 54.966559
-21.75 -21.365055
-25.91 -39.498115
28.92 22.927005
0.6304 -3.28774
-23.3 -35.394775
2.371 -5.29882999999998
17.05 17.964255
-29.48 -28.630655
-23.22 -12.39293
1.188 206.82012
4.471 8.40819999999995
23.05 29.971115
9.411 4.93205000000002
21.6 -2.16338
-0.1386 -21.859218
11.54 2.62959000000002
-11.7 7.75050499999998
19.58 5.08703300000002
-11.43 -68.6861005
20.34 40.3496635
25.46 -23.605864
26.29 33.8601565
-26.58 -31.819689
18.65 17.721415
10.36 46.2888525
-4.893 -10.333184
1.39 1.80875500000002
-10.78 -5.03984500000005
22.83 56.60582
-29.96 0.456795000000023
-24.87 -44.069755
0.7374 -26.3877135
17.77 -4.75940950000002
9.406 10.60353
-28.33 -16.64497
28.34 75.01928
20.48 21.542275
-2.168 3.61711500000005
-4.79 1.77125349999995
12.17 22.53361
-21.94 -39.60159
28.28 19.00129
1.277 -0.969776999999977
-23.06 -23.98543
-18.44 -10.5455535
6.553 -1.83143099999998
-8.597 -10.7621805
11.34 46.8628215000001
-12.41 -20.902775
17.64 23.6435765
1.524 18.5877475
-4.78 -0.198229149999977
-13.8 2.85631999999995
-26.6 -40.84711585
12.15 31.928065
26.39 46.892313
15.93 -74.84229645
21.46 -5.41356000000002
6.024 9.03817000000002
15.97 8.54332999999995
-4.284 46.522325
-28.17 -56.41232
2.365 19.94039
-4.788 14.20707
11.91 -2.019915
18.67 37.1766599999999
-7.902 -59.26553
-11.73 -22.5328225
4.795 -51.4348095
17.28 32.105505
11.57 -16.039525
14.13 46.3767059
23.62 73.6950586
22.52 24.853405
21.83 28.864677
-7.304 3.88913000000005
13.68 5.27955
6.053 7.58346000000002
7.409 -6.87696000000005
7.583 -9.36367999999996
-0.4907 16.270275
3.333 4.38185499999995
-6.525 64.382285
-7.379 -8.4944385
4.929 9.31141499999998
3.625 19.98543
11.38 -12.6733455
-6.839 -22.3307445
28.11 1.55946999999995
-15.62 -39.540695
-27.41 -61.439655
-28.28 65.2927099999999
2.284 10.812086
-5.287 3.428925
-25.4 -43.25059525
-18.54 -44.6899639
5.153 46.52851
-18.91 -31.482415
11.77 53.10969
-10.16 13.1838125
-14.69 15.581445
-25.81 -9.98584650000005
-16.45 -31.48574
-11.05 -24.26682415
2.004 16.4505842
-21.48 -120.113749
-8.629 0.921709999999955
-3.92 46.0511255
17.23 9.86474000000004
-8.006 -22.68511
-15.02 -28.162585
-17.21 24.858645
20.12 9.0295505
-16.59 -23.6941042
12.84 8.76623800000002
13.94 56.5254899999999
-8.546 -24.7219675
25.74 39.518895
-23.43 -46.532885
7.402 -5.88420500000002
4.78 -1.137575
-22.76 2.25390509500005
-9.34 9.03623700000002
-16.13 -49.223655
13.46 16.887615
25.55 43.70037
-25.81 -16.5497506
1.087 14.6769
-29.47 -44.703035
7.117 -13.968065
-16.29 -8.37099235
27.75 35.02056
21.31 59.4914625
-28.85 8.25201500000004
-20.85 -18.40598505
10.77 34.13854
-18.94 -6.27664100000002
-4.087 3.84484754999998
17.39 37.26296
-21.48 -34.261705
-25.86 -70.225495
-20.7 -21.919345
10.93 22.853463
7.992 40.423755
24.04 41.806555
-14.38 -43.73377
-25.55 -35.34087
-21.4 -45.6910065
10.1 -3.21917999999995
-10.58 23.85077
-11.19 -18.162625
5.889 25.2559635
10.02 7.42863999999995
-21.26 -43.7649255
29.54 41.13624
-16.62 -26.563125
10.07 -30.54258536
-6.054 12.890525
4.305 13.2947245
0.01805 8.89921499999996
-18.46 -32.1087
-16.6 -25.010535
-2.565 -2.37219049999998
-12.69 -0.526719999999999
5.763 27.44623
-25.09 42.2060425
-12 1.175775
26.58 15.120112
8.788 28.06888
17.06 51.29377
-16.1 -4.21448499999998
-11.78 5.57947499999995
2.284 -1.41837000000005
25.19 9.47258600000005
5.342 14.01761
-18.55 -21.122095
-24.3 4.955865
11.89 4.20960499999998
-23.26 -19.3012
27.05 47.0441365
-8.283 -24.396205
10.86 51.127805
0.03729 -0.567432000000045
4.132 6.41633499999995
-21.13 -23.438165
-14.21 -28.916655
21.74 53.4151575
-29.96 -20.693717
20.85 9.58384499999995
-5.35 17.4106315
-16.39 -20.43208
26.16 54.4743405
14.98 -28.276330656
-10.53 14.651385
12.99 35.5987618
15 -3.07351499999998
14.73 14.633345
4.477 -8.88613599999998
-4.383 -6.82217499999998
-12.12 -34.828882
22.21 30.833964
19.3 -26.99904
-5.348 -8.234415
-19.42 3.18517000000005
-23.36 -22.84194
4.562 14.934935
10.59 7.69697
-10.54 -32.571275
28.85 7.63003500000005
19.63 27.445885
8.64 9.78934499999998
-12.62 -34.977625
-19.9 -44.29745
-29.08 -44.969505
-8.81 -50.3760875
-25.33 -9.97761500000002
12.88 83.7775275
-25.62 -36.560846
-26.19 131.334895
24.67 26.974317
-0.8441 -11.845475
22.54 25.035469
27.13 50.989322
9.709 3.33794799999998
18.26 25.013675
28.32 23.127439
2.216 -1.225445
-11.47 -36.02946
5.824 34.3321
26.97 465.21492
-9.196 -15.268681505
-1.743 9.19203949999998
-4.622 -29.590037
10.61 3.88918000000002
4.772 5.49399500000004
6.39 17.05496
2.303 -53.375065
4.619 -12.20763
7.391 22.661972
-29.12 -16.09628
11.99 27.886615
-11.32 -59.2227
27.62 38.411805
-2.995 -13.094515
-15.5 -39.07908
-13.09 -2.65332224000002
-26.42 -40.06422
24.02 14.482015
-28.98 -39.787515
19.15 41.0280575
27.44 31.797569
-18.8 -6.240279
-18.71 -12.4638805
-21.05 -56.608924
-25.54 -26.21892
-13.13 -27.20267
11.52 -25.82687
-19 -57.4936
17.33 51.686605
15.93 30.6281415
8.706 -23.0762
-16.49 -56.43406
10.41 61.19954
14.63 27.020305
8.307 -3.24345999999998
26.45 5.75545499999998
-28.22 -32.70513
26.78 9.43707000000002
-28.29 -61.3645979
-0.2092 -13.961784
10.19 -25.74945
-21.07 -18.7652075
-19.97 -44.134735
10.76 8.53371
6.266 60.334495
-5.265 -46.193745
13.27 76.37449
-29.96 4.49676499999998
21.96 13.767662
-12.15 16.150738
8.858 -3.86444300000002
-10.08 -19.6399805
-3.664 -12.8685705
3.321 5.78921800000004
3.276 10.42854
26.43 53.7815
1.843 -10.095167
-23.01 -63.2985930000001
-13.21 -23.9984725
-29.98 -2.2291855
-9.689 -25.956345
-12.77 -18.76852
5.866 -12.5549
-8.046 -9.5419875
-23.24 -21.502115
-7.589 -21.5278465
27.7 22.555715
-19.17 -33.8825375
8.73 -36.5886285
2.269 -15.914765
-20.87 5.60841499999995
-3.283 6.37412300000005
-22.12 -13.57661
-6.009 39.48293
16.92 -3.74463000000002
22.96 31.86595
4.099 -27.609755
28.38 25.5018392
-17.27 -43.66123
-28.2 -47.204755
-6.774 -27.850505
-19.87 -55.67383
15.58 17.196293
-23.3 -4.55620000000002
-7.56 21.07441
-26.96 -8.93977499999998
16.63 14.01020685
25.78 58.788455
-3.063 -13.732136
22.43 19.853226
-2.641 0.676770000000046
14.01 11.87342475
7.764 17.132115
-10.4 -3.71636009999998
-26.16 -31.130215
25.94 46.213595
-5.601 -2.14301499999995
-28.38 -15.063335
-8.293 8.65969724999998
21.24 15.1335334
-10.11 -66.065175
0.6723 31.66563
8.052 4.90356999999998
-0.7173 -13.08965
9.385 8.60688499999995
-7.092 -26.286985
17.7 -4.75830300000002
-5.869 -2.19917999999995
10.93 10.63758
12 45.5866299999999
8.056 23.68597
-28.01 -44.34308225
-20.87 -31.635095
17.59 28.293215
26.61 15.3047385
-12 -97.9340986
-5.169 -2.67933999999998
-29.4 -60.07512
8.519 31.9027235
1.538 -7.338845
-6.358 5.66918469999996
-23.23 -39.219405
-20.11 -26.396678
-2.292 9.18526000000002
-16.9 -33.206665
-0.807 -10.7262835
10.66 57.982295
-17.21 14.99148
-6.774 22.6603
-8.026 8.04824
-26.74 -21.887525
-3.656 18.390615
14.18 12.556375
-11.55 -0.300345000000024
-21.04 -51.688715
-6.734 30.0710075
22.99 13.4061025
16.85 -6.05108500000002
13.3 10.4038005
-1.726 -19.57753
-18.54 -37.5533025
26.72 33.3832085
4.36 25.3473885
-20.75 -65.23799
6.221 -60.033801
28.75 -63.170505
-10.62 -4.37752509999998
-23.58 -8.5055025
-2.266 -7.33378949999995
-29.28 -24.5055625
-24.78 10.047345
27.08 35.234475
-21.66 -9.78663000000005
22.36 -16.8234
0.1107 -44.34894
-6.884 -19.23619
29.6 14.90196
1.353 -3.302265
-27.38 -24.822845
17.45 0.196363999999954
7.979 11.91442
-9.664 3.90257999999998
11.75 1.0390088
-5.173 21.391915
7.54 24.20662
9.964 25.4856
24.29 30.4395125
27.54 72.76576
-16.31 -26.924945
11.84 21.1582823
-21.76 -35.915205
18.03 13.13538
4.205 -34.4037145
13.36 71.026974
-14.37 -32.689374
-29.68 -3.77414000000004
-17.48 0.988309000000046
-2.819 7.94861000000002
6.292 12.14228
-23.44 -25.80023
-19.97 -6.233825
28.25 30.756005
-28.31 -44.358915
25.12 14.005305
-27.87 -15.2970255
-8.999 -18.456175
-8.949 -21.49372
20.94 35.207755
-8.988 11.281305
22.85 29.94346
7.08 2.04785999999998
-8.505 15.0187905
27.97 20.82365
22.43 -62.108435
4.785 23.859475
-5.149 -11.77064
2.325 15.609269
29.39 47.089765
8.642 10.39588
-23.63 -37.095475
-0.6823 18.316187
-2.93 -10.8688012
-29.84 -59.938015
-5.736 0.193229999999954
9.959 -31.64694
-0.4289 -9.70702999999996
18.8 -13.894395
27.57 16.040655
23.61 0.601349999999999
-13.58 -23.233505
10.05 0.969315
8.996 20.1615495
-12.08 -31.88563
-8.672 -18.314445
5.191 -2.04049999999995
-13.68 -28.757465
-17.56 -21.3214295
-22 -35.30689
-23.93 -14.6987
-21.98 -49.002285
28.79 8.492164
4.263 -0.286234
-21.26 -27.97884
-0.2285 -15.215451
1.558 27.0788555
3.049 -0.296151414999955
-21.81 -43.7768965
2.472 8.75130800000002
25.6 31.500089
-11.91 -19.78766725
-8.58 -8.65239499999996
-5.482 19.4139335
-26.39 -37.074995
1.006 -19.43082
-21.79 -87.469663
18.15 1.36493099999998
22.27 69.083897
-29.73 -61.9398743
-0.7288 33.390119
-22.05 -28.6569455
24.38 14.993575
19.44 17.647995
3.573 19.363445
22.9 -6.57105300000005
-19.96 -47.46661
-24.91 -34.7520395
24.05 11.1892465
9.852 -7.16983000000004
5 -7.37882249999998
-6.48 -4.58927500000005
-7.578 -0.690040000000001
-27.04 -24.1495
25.06 34.5049
-2.042 -20.973333
6.089 17.870085
-23.93 -20.65163
7.976 22.79909
8.161 6.29607200000005
22.24 38.00173
-23.52 -45.0941
-26.91 -33.3538065
20.4 23.66136
1.301 56.4832165
-27.61 -17.367985
6.926 1.70570299999998
-24.82 -13.17599
3.775 -29.2674239
-24.78 -17.1680535
28.86 25.196795
16.66 43.83185558
-7.974 -11.29363
-5.689 44.382735
-7.162 -10.21749
-27.47 -38.8853585
8.195 -10.9345
3.005 -2.29330999999995
4.771 28.9322635
28.37 40.17013055
-27.34 -53.28556
-21.38 -12.942465
-6.938 -8.14676719999995
9.333 21.463565
-7.739 -9.5242235
-26.8 50.4959875
13.97 37.586003
-23.35 -34.318395
-13.59 -23.65064
22.51 40.081297
-20.74 -40.721895
-10.26 2.276665
21.3 -19.82997
-0.6002 -45.4575909
-23.41 -3.988845
20.49 35.779798
-24.33 -36.94519
-15.04 -5.08233735000005
-7.212 52.01889
20.24 9.01008899999995
-16.41 -85.0905595
28 61.6821885
17.83 36.835535
-26.16 -4.39403959999995
25.46 26.35971
-11.32 -5.83410999999998
-0.8469 0.635539999999955
-1.805 16.8967285
-19.76 -2.072355
-16.27 -40.7497815
5.372 11.10237
22.23 33.87889
13.35 15.523572
7.34 23.90136195
15.38 25.824905
-1.747 4.67307349999998
0.5928 -12.943735
-24.39 -43.189028
-9.766 -53.9028868
14.34 12.80847
12.24 14.071135
12.5 -11.071722
19.09 27.998145
7.338 -15.83115
13.44 -9.37459499999998
-11.18 4.962429
17.03 45.560725
-13.65 -18.0216955
14.68 6.688585
5.374 60.063975
22.38 59.34037
-1.028 5.19948499999998
-5.292 23.703075
23.02 7.98802000000005
24.2 20.5378005
21.31 13.463555
20.56 20.73985
-26.23 -54.8806765
-20.83 -33.851125
18.85 11.7441635
3.669 19.13525
2.906 7.28132750000002
16.49 55.98065
-18.77 -25.8270025
-10.93 -42.440535
-16.32 21.04883485
27.17 -12.234355
26.03 55.3898255
-10.36 7.62135599999998
11.74 35.94565
-15.7 -0.762191000000023
26.96 -2.50958000000002
-15.39 -79.0176565
16.48 41.67494
-28.78 -33.6661375
11.18 18.5598285
13.73 4.07838750000002
-5.833 -2.12612000000002
-19.49 -12.880935
26.1 28.388065
15.31 66.347471
24.05 38.9930176
13.43 15.48249
2.076 -3.62562499999995
16.22 39.285765
-11.96 -33.11232
-3.633 1.09950749999998
14.98 5.06574499999998
12.44 -11.9905785
25.78 68.14203
18.2 23.74851
-17.77 -38.581005
11.93 0.311155000000022
12.63 -19.0323015
4.22 9.26043900000002
7.003 7.38315850000005
-28.74 -12.810265
2.532 -11.077535
19.65 6.62633399999995
8.446 15.27815
-19.09 -59.514318
20.7 12.7079185
-27.69 -36.4846695
-14.24 -38.113535
-23.92 -56.260301
-8.77 0.558138500000022
22.68 24.994715
-11.49 19.062003
3.667 -29.280975
-4.185 -10.21863
-3.488 -1.15326500000002
-3.463 38.1193
20.49 21.236105
-26.64 153.131148
-19.42 -48.4059065
8.317 34.7784
-15.92 -0.157671999999977
-22.97 -30.213575
-3.235 -20.07976
-25.63 -19.738773
26.46 35.8749145
-25.36 -56.87855
5.104 24.6121445
-8.56 -46.227304
3.606 7.76825950000005
-18.51 -10.778984
23.23 -4.48012000000002
-6.183 -2.739610485
6.776 3.07722099999998
-26.32 -37.872315
-7.132 -21.68443
-13.54 -24.05917
-1.054 54.589849
-27.5 -26.362379
27.9 -4.30570500000002
6.102 22.3084165
12.61 -3.63688000000002
5.168 -3.625772
-15.59 126.377225
25.26 17.4474434
18.17 37.2963945
25.62 -0.309414999999977
-14.05 -7.81566999999998
3.841 -10.8371185
0.0198 28.2496445
24.67 28.05755
-23.9 -7.96449700000005
21.81 53.19857
-0.1669 -22.3846515
13.55 3.89905199999995
17.11 48.584825
-12.8 -1.69083999999995
-29.32 -58.5673795
18.15 39.1560288185
20.93 -21.51903
22.77 60.2842649
0.69 3.17239500000005
21.32 39.2623375
18.52 58.560475
9.411 -40.38744
-20.22 -7.26047
18.27 -12.80327
10.26 15.384705
12.41 -1.40941099999995
-19.59 -24.83095
-4.803 -0.358744999999955
2.408 -2.070015
2.985 12.2374405
24.51 27.541982
3.418 -2.92502500000002
-8.121 -8.9257945
-0.6841 -32.421685
-24.57 -107.325215
-27.35 -50.303605
22.76 31.2858325
24.75 79.0274715
-17.36 -18.51387
-12.59 -40.761893
22.27 34.5620724999999
-5.563 4.333925
-28.52 -22.187165
23.2 199.311503
26.68 26.635995
-15.37 12.3953095
-11.98 -40.6916385
13.8 -16.74776
-0.9534 -8.62697200000002
10.69 0.215215000000045
-9.301 -23.333315
3.124 42.958455
-27.94 -90.203435
-6.873 -6.59839499999995
-25.57 -41.42565
21.27 33.359265
14.05 11.892605
21.16 1.80486000000002
13.41 -46.679325
17.19 -8.2011852
7.718 9.02965
-12.32 12.3343987
24.64 0.277999999999953
-8.938 -4.93941500000005
-9.132 -3.44587249999998
-1.343 -25.890516
-24.33 -0.727505
28.96 51.86727
-9.667 17.306315
5.045 9.30914999999998
-23.65 -54.14306
-2.286 -12.837895
25.81 45.0505215
-18.29 -32.591735
16.13 22.86012
21.56 25.7930565
-20.77 -38.09409
4.918 26.535965
-10.6 -1.57011150000005
-20.03 -33.9821835
24.74 33.142985
16.88 -15.50774
1.778 9.40495449999995
16.99 11.08173
15.33 29.006698
8.065 -0.0287649999999773
-11.95 -24.78775
-23.28 -44.27029
-4.101 -12.513905
-26.29 -2.58930000000005
-4.15 -4.85415499999998
20.57 75.47602
14.05 7.59218174999998
19.57 60.1282395
-28.84 1.06830949999995
21.75 9.49908499999995
17.3 17.8001445
19.57 19.06749
29.48 28.101095
-6.218 -72.64555
28.58 25.139415
-18.07 -4.70287999999998
-15.7 -33.11688
-21.3 -53.768606
5.296 0.754884999999954
-9.56 -19.0323835
-24.24 13.2127845
-8.556 0.563086000000023
5.388 -0.308186500000045
-0.3569 10.97205
5.246 25.9306625
-21.81 -27.411795
-3.435 -6.17265500000005
-9.703 -17.92318
-5.373 34.2196905
-4.651 4.29637999999995
-22.9 -20.88119
-14.66 -11.12348
3.924 5.13438000000004
14 -13.922635
9.06 18.65112
9.688 17.78346
4.06 63.5302785
17.54 4.50496450000005
16.61 1.91671999999998
-11.24 -25.00372
-16.94 -56.267665
-20.08 -7.47793999999998
25.95 22.515266
5.952 13.846265
-4.181 -1.27267
-17.42 -7.19736580000002
-4.476 -22.400695
19.33 -8.25383499999995
27.73 6.17323999999996
8.025 9.40141499999998
17.38 22.40357
-8.736 11.150465
-10.19 -19.472805
-11.06 -35.106015
-3.595 -30.4621265
-3.869 -4.44201950000005
29.46 60.501407
-7.29 -49.6822325
-23.15 -35.5652
-0.7365 -35.7708585
-1.75 9.42519150000002
8.999 37.588832
7.281 -8.05870854999996
0.938 -26.217189
25.76 39.233175
17.41 7.88807159999995
-24.14 -16.98545
26.66 21.725115
-13.92 -44.54867
5.192 35.425375
-28.88 -26.319631
5.824 21.18429
11.42 35.5779285
0.4342 -13.4035805
29.2 62.8198845
29.03 48.71441
1.231 -35.961359
-22.93 -45.2362895
-16.01 -18.944855
-27.74 -25.497023
-6.683 -32.700625
28.63 60.67452
-22.67 -32.093445
28.25 37.83218
-16.27 -12.3149335
23.59 13.32351
-0.649 -0.974114999999999
-21.94 -35.38088
16.04 44.871695
18.23 11.381545
4.831 4.34418500000005
-7.027 19.8988
-14.43 40.4581955
-22.12 -24.725505
-16.23 -56.803181
29.64 34.99831
6.999 41.3170135
-6.204 -27.118305
-3.222 -23.813708
-3.966 -9.56846150000002
-13.71 -9.41810999999998
12.32 25.314123
5.831 -16.233893
-11.48 -18.322209
5.504 -0.828957999999977
-9.06 -16.63583
-27.02 -15.40587
-16.92 -55.651574
21.69 53.96591
-12.4 -26.201637
22.64 59.982065
5.975 27.228165
21.5 28.45051
-5.124 3.16465999999995
12.12 29.76499
24.72 59.952925
27.75 43.8540744
-23.08 -27.379897
-25.22 -3.650865
4.118 -2.58956025000002
-11.59 -24.217015
-16.82 -19.793755
-1.675 -25.2184317
27.52 19.82714
21.97 28.65005
-17.47 -52.057085
16.83 -7.82093499999998
-8.023 -19.954165
-15.26 -23.79947
25.84 29.297578085
9.551 23.230895
-24.34 -18.49359
-6.326 -19.836855
-16.38 -15.4303448
26.37 -6.17212949999995
15.27 79.227525
-5.69 -5.50599500000005
28.14 20.63382
1.712 12.30852
1.526 -9.0521465
-13.83 14.7182615
-10.22 -26.12997635
2.989 -2.82266199999995
-16.08 -32.683447
3.041 -12.255431
-3.005 -37.513165
-13.16 -38.323815
-23.95 -21.6480475
14.95 3.31009050000005
18.64 34.753739
9.97 25.24298
-15.77 -1.7092465
-26.39 0.998564999999999
-11.99 -22.2341765
-12.72 2.77454000000005
-13.44 -30.510095
7.553 28.2064
-19.3 -16.69956
29.66 -75.55791685
-10.23 -54.417745
11.5 56.633897
-14.23 -19.83509
-15.57 -7.803285
12.26 4.36308
-28.2 -56.791995
14.18 39.856695
17.31 50.35307
-7.183 -34.6468781
-2.546 1.01764150000002
12.3 35.0352393
21.35 13.045465
-16.5 -17.17027
-1.933 -38.9354525
-11.57 -53.46493
-2.304 10.4671355
-18.06 -21.887151
-5.589 25.663805
11.54 0.987295000000022
18.13 18.006985
-24.63 -27.27796145
6.826 9.2047265
-21.13 -7.06201999999998
-6.506 -21.26584
22.6 23.87707
-5.688 -9.61153000000002
16.92 27.71618675
14.96 15.43886
-3.19 -2.18743500000002
29.02 57.09942
18.47 -2.22004949999995
-23.33 -60.154414
23.79 57.123075
21.24 38.872473
-7.361 -25.993745
-5.316 8.51618499999995
8.667 58.79478
0.4498 3.46312999999995
5.58 3.11331500000002
6.125 15.310645
-11.06 -26.710775
-9.756 -6.4784
1.75 -10.584898
-15.73 -51.2956845
28.74 39.276655
-15.21 -8.78992
-11.01 -19.233825
14.77 56.793685
2.552 7.26652500000002
18.79 20.044935
9.371 -2.86022999999995
-22.06 -17.485973
0.2112 1.20316000000002
-24.89 -14.17144
11.87 0.71208
23.33 48.95365
-20.59 -23.224075
5.274 -13.297195
6.582 17.121785
20.35 48.37771
-4.892 -8.55822499999995
2.22 10.855665
-14.38 -15.675985
20 -0.214838499999999
-21.17 -58.8918865
-21.24 -4.48215
23.64 52.7514365
24.99 62.979055
-26.66 -35.9788575
29.95 -9.28428999999998
18.73 33.86189
8.023 12.47017
-28.23 -5.18070800000005
-0.9802 -114.234338
10.11 14.79258
10.24 0.433542999999977
-11.68 -37.402533
20.33 28.858765
7.633 13.9270735
7.573 -4.96195499999998
5.255 -4.81665999999995
20.11 49.983875
19.15 33.669495
-25.15 -19.97882
1.562 29.996245
-25.27 -24.18342
22.96 22.655345
-15.24 -1.68300000000005
29.51 74.4191685
21.1 75.6581685
-21.83 0.950920000000023
9.311 2.90718049999998
7.619 9.28622500000004
2.598 -13.837415
14.69 4.3075
-18.91 -25.529365
11.72 19.148728
23.23 3.33210000000002
26.7 3.79488499999995
-28.51 -29.4749348
-20.72 -43.1868615
17.38 -0.891994999999954
-3.653 8.27977499999995
-17.81 29.71314
-0.7909 0.922489999999978
-13.12 -20.68006
13.56 69.339465
10.67 0.7864595
26.24 53.99173
-3.961 -45.3186006
-2.898 -10.6339342
-22.09 -27.190125
-16.54 -19.259065
7.938 6.15007999999995
-23.48 -34.4866
8.838 -10.267405
-11.43 18.8773355
-27.94 -50.651695
9.088 35.88947
20.4 -13.1327285
16.51 -14.172775
18.63 13.788475
6.54 14.19192
-24.36 29.870945
-11.02 -28.6544025
-29.43 -38.300525
-14.89 -24.371875
15.46 21.144333
22.06 19.96458
2.22 12.780015
3.933 -10.542965
21.56 47.632995
22 22.235966
20.37 5.93921000000002
3.687 10.545
10.08 22.919451
-26.56 -49.17611
-25.83 -38.823585
7.31 -10.6245475
-13.21 -21.619142
-0.8994 -8.24426500000002
-8.111 5.54407
-1.27 -6.8554945
11.85 9.370365
-5.179 3.03669150000005
-2.281 -19.567265
-29.74 -5.36372399999996
-9.944 -24.260835
26.42 73.3789748
14.99 17.483005
4.922 -6.28972500000002
-24.82 -36.4047
22.61 -8.81178100000002
-21.69 -43.301255
-6.913 13.174079
22.96 40.534895
-4.451 -11.963245
-6.914 -18.30329
24.16 30.111861
6.341 16.189435
0.006278 -8.98423499999996
-2.872 24.394775
4.858 -7.402216
-16.04 -10.700355
4.564 -2.20740649999998
-15.02 -8.27905499999996
27.26 18.968695
20.4 5.04369499999998
-2.754 1.25421499999998
-5.71 5.63582150000002
27.4 72.661166
-28.15 -40.979505
18.54 37.2542995
-25.42 16.56267
12.09 -4.61094999999998
18.2 40.084149
-10.14 -10.33776
-19.11 -35.20987
-6.051 4.39902000000005
-22.08 -44.51538
-4.561 22.61986715
13.39 -13.0975465
-20.87 -20.990295
13.58 32.8593955
1.529 5.24036199999998
19.29 37.3736689999999
-5.344 2.00714249999998
6.003 36.319995
29.93 32.82670796
1.179 5.38896499999998
7.025 11.680308
-11.71 -84.105895
-7.811 0.7288
-2.932 -7.40901199999998
-26.5 -65.5800615
13.06 29.88755
19.9 25.985975
-20.59 -11.14712
-11.54 -7.36398999999998
9.648 -6.67059499999998
-5.785 -38.595978
-21.85 -20.6289452
-14.11 -18.59469
5.847 17.065915
-9.879 18.683825
11.68 1.21944500000005
4.736 29.670354
14.12 31.7196242
-2.442 7.84585500000005
13.12 8.11171999999995
26.84 23.22435
1.375 7.83231500000005
-1.393 1.30798999999995
-1.796 1.28379700000002
-11.01 -33.013905
16.43 25.051478
26.65 42.57796
19.78 -0.25828
8.032 -16.70522
10.09 69.129109
15.55 12.246249
-23.65 -23.4937
-6.926 -20.8307205
29.97 56.568415
13.47 -8.18887399999995
6.598 25.622465
5.402 10.860523
-5.769 2.75348999999998
8.517 25.013895
15.77 27.07573725
-0.2061 -2.76018
4.148 17.17106
-18.9 -51.078805
-10.73 -10.310105
28.05 22.286875
29.65 8.53327000000004
21.35 57.825298
-17.2 -47.7498
-22.75 -35.491205
-8.622 -41.82225
-27.18 -25.052905
1.128 -4.79634549999998
-10.07 -12.979427
7.95 -3.08218500000002
28.95 104.704054
-6.692 -30.8865385
-19.89 -2.77061450000002
-16.25 -49.0565135
-21.31 -20.08084
-18.6 -91.4684700000001
29.36 24.412535
-15.12 -11.267865
12.12 12.0868
16.4 70.96444
-22.16 -47.0245375
-10.6 -24.4584055
9 -7.8871
18.35 26.874037
-8.224 23.32486
-7.02 -14.53088
-23.92 -47.455155
-1.712 1.23783399999995
-29.1 -39.789701
22.01 30.06344
24.88 65.235045
-8.272 7.51162000000004
-23.36 -27.0099005
-8.087 -31.4669905
25.61 -12.36627
-4.661 -15.397565
-27.27 -13.46685
16.69 55.915929
28.86 10.873818
10.76 -7.85614999999998
21.4 36.693335
-29.08 -40.5162324
-9.365 -9.842012
-15.98 8.78001549999995
2.483 -11.742285
-17.61 -4.64504499999998
-0.4431 -5.54818500000005
-19.68 -33.048939
-23.26 -45.821749
-19.55 -4.46286299999998
5.452 44.259148
-23.99 -28.1566
-19.28 -47.384465
9.63 21.673423
1.679 36.265084
-9.354 -5.55158099999998
-2.029 -11.040335
-10.64 -39.52403785
25.73 53.850895
-5.879 -11.445622
-16.44 -43.225368
-23.97 -26.46056
20.93 45.475013
25.51 52.289915
-28.47 5.06890800000002
4.484 3.10145500000002
-12.6 11.067985
-23.39 -61.5413535
22.08 -11.399977
-0.9975 -2.02960000000002
27.38 75.5556350000001
14.34 4.6371525
0.8081 -2.29557000000005
-24.27 -6.34068500000002
-11.67 -15.2356125
-18.85 -8.3170315
-7.96 -65.7294325
-11.92 -9.927876
24.41 44.131955
-17.66 -8.44768000000005
-26.95 -40.372525
-24.44 -50.703377
-3.306 23.041965
-26.19 -98.6151985
6.76 25.161016
11.97 2.2060445
-16.73 -38.77124
14.37 -23.5737
27 35.663575
22.1 15.799936
17.01 25.516971
-19.26 -33.8586275
19.26 -1.28732499999998
28.03 24.100534
4.132 -22.030652
0.4538 1.03876649999998
28.95 33.63877
-17.87 -45.6699695
-11.84 -52.0325715
-20.38 -28.44774
-11.43 -7.73730499999995
11.26 -2.01744499999998
13.37 -20.2988535
15.83 10.3255
-2.688 -17.176155
23.72 18.469355
22.95 16.350275
-6.465 -18.268765
-26.51 -51.666145
-11.86 -26.501485
-5.431 -9.92065500000002
-13.43 -35.080377
-5.2 -6.72760549999995
-11.8 -24.31786
-19.08 -16.88612
23.03 -8.240155
-12.22 -0.324855000000045
-15.32 -14.6443385
28.36 11.40396
-18.72 -35.7856385
14.59 1.71473000000005
15.38 -10.018665
8.36 21.3484845
4.211 3.84205149999995
20.25 11.15193
-13.04 -37.347714
26.54 51.477944
17.98 -22.2309
-11.67 -19.9011495
-13.79 15.8923849
1.679 -8.44161299999998
9.151 3.749245
-0.1261 14.302185
-11.06 -10.8211865
-5.443 7.52941200000002
0.9209 -35.46218515
12.37 13.210581
-2.575 -24.397194
5.407 2.565578
25.45 2.817941
28.14 67.34363
7.076 -6.26114900000002
10.47 71.2598745
15.12 -2.34630500000005
-25.39 -5.05119900000002
5.264 16.71791335
-28.15 -26.7034225
2.145 11.5881525
-8.551 -17.03183
25.06 24.473435
-0.06403 -11.4483095
0.3062 -11.8515365
-9.534 -21.24663
-20.27 -25.92289
-19.62 -44.442895
5.348 14.0218
2.425 4.58776500000002
-1.603 -0.0643600000000237
13.72 7.43797000000005
6.877 -39.96013
-28.5 -25.61708
-22.35 -24.42097
-19.55 -34.39589
-22.74 -31.16575
-21.58 -48.432075
22.76 -5.31151500000002
-1.137 -0.128540000000023
6.075 -15.263987
14.7 17.153209
6.073 -3.501568
-11.82 8.07643944999995
28.18 28.117905
19.85 56.6515405
-1.664 -21.215425
-15.27 -28.62446
3.175 9.25402250000005
-26.47 132.03105
20.26 23.3277155
26.18 28.26316
-14.17 -14.79901
25.66 3.48417849999998
22.76 43.243665
-17.27 18.930372
12.42 8.779518
-16.44 -22.4963285
-12.35 -17.255225
14.11 30.307805
11.58 30.74186
-27.69 -4.80798479000005
0.4881 12.7738445
12.81 3.73881399999995
-0.4477 -2.85440999999995
-11.24 -12.165625
24.55 4.81292099999998
21.26 -4.7078485
-5.997 -3.64966500000002
-5.732 -1.53791499999995
22.93 27.185285
9.099 24.7665495
6.31 0.559065999999955
-9.123 -17.3291485
-8.697 -26.38495
-15.72 -63.5372380000001
-12.1 7.89517000000005
-9.176 19.766413
-27.45 -48.07331
21.55 21.868253
-24.83 -52.68443
13.29 15.10186
16.01 -52.77721
5.057 1.88242999999995
-28.17 -26.45586
15.29 -8.810005
3.68 18.115813
29.77 52.5477455
-17.28 -28.424235
-17.16 -22.44745
24.8 -1.69239649999995
16.38 12.428089
-11.42 9.12010000000002
9.083 7.07788
-15.01 -26.6636905
-11.33 -41.8267745
-25.98 -28.508575
26.95 43.95257
-25.6 -33.52956
-13.43 -19.266405
16.37 62.217245
25.78 23.72903
-25.39 2.30238799999995
-18.84 -9.48499000000005
-21.81 -17.053545
-17.45 -19.785987
23.82 30.83243
-5.313 -0.275405000000023
26.52 63.2222775
-12.5 44.933485
-18.18 -12.473935
21.07 2.37158000000005
29.43 62.031927
-19.08 -29.203105
-21.67 -30.580635
-14.53 -61.73767235
21.18 13.931411
21.07 -13.45842
26.52 49.303595
-22.84 -45.368355
-6.442 17.01786
29.16 24.90525
-29.9 -52.99384
7.334 32.562601
14.01 -26.530335
-14.5 -19.219175
5.021 34.4132
10.97 2.25210999999998
12.86 -13.468075
20.02 20.989475
18.29 -0.0646294999999775
-14.17 -3.45408000000002
-8.96 -13.5094
13.32 -9.777623
-4.671 -27.44435
10.17 7.67122000000002
29.22 9.45202000000002
5.581 22.370575
-6.526 -41.219081
21.49 -7.62032499999998
27.02 27.7446875
-27.95 -56.996314
-20.17 -6.794615
-27.99 -52.2769125
-14.61 -3.23024500000002
-4.434 -11.41755
4.473 -21.061925
10.17 8.16793500000002
1.578 4.37495050000005
23.29 78.5413619999999
-26.91 -9.31552249999998
13.18 15.790595
-11.66 210.9041625
12.22 30.8732415
27.43 36.95509
-16.97 -20.937323
10.07 11.14074
-20.95 -13.71913135
-21.79 -34.6914
-12.51 7.34776800000005
-24.94 -17.4617445
20.93 25.01783
3.529 -4.23701000000002
1.973 -9.19463300000005
5.383 25.730695
4.217 -18.193035
4.882 -8.77960899999998
-18.96 -5.71474000000005
-13.69 -32.4913225
-6.941 -15.149255
23.83 36.24413
-5.926 2.50629949999998
4.598 53.44322
-1.057 0.0727254999999773
7.804 19.222475
-18.65 -26.226875
7.362 -8.89339499999998
26.59 34.915559
-28.43 -26.491831
19.63 11.70777
-14.28 -8.96149499999995
7.84 -36.9861745
-27.9 -50.645085
-24.06 -30.107265
19.28 2.269165
7.372 6.42410500000005
15.83 32.685086
-14.51 5.50373549999995
6.234 -17.496414
17.84 -0.299294999999955
-5.756 -14.49519685
-6.14 -22.254885
-15.05 -31.658605
9.294 12.171054
21.42 32.58447
14.9 57.4928285000001
-27.05 -50.14668
28.2 27.7751505
12.05 6.60335500000002
6.811 -12.77226
20.33 87.9285885
-5.947 -23.504125
8.079 1.63063365
-8.789 -6.32395
11.19 34.817225
3.067 -4.36800740000002
28.43 58.739355
15.86 16.763215
19.09 26.003695
21.89 -19.691925
-5.172 -0.662319999999955
2.898 2.73731999999998
-7.83 7.29423400000002
-12.8 2.91366500000002
-3.335 -9.27169499999995
-11.75 -1.31378999999998
17.52 -14.90645
1.848 -32.01847
-10.11 1.04772750000005
3.692 7.421835
27.69 9.47672999999995
19.47 31.11222
-5.193 1.69344499999995
7.917 27.711752
-5.22 -29.664739
28.45 34.382655
-9.983 -23.087324
-4.63 -64.50644045
7.412 30.12536
23.7 -5.53967599999998
16.56 45.129135
24.95 52.4285
-13.75 -24.901785
-26.34 -28.852975
11.2 -7.01615000000005
4.221 -3.30531499999998
-27.37 -38.3966745
-18.28 -35.4637855
-8.277 -16.343315
13.81 -23.797955
-16.88 5.04917450000005
7.471 20.2164365
25.66 40.441666
12.43 59.724738
5.963 6.84013649999998
15.95 24.0788325
19.6 8.93945999999995
9.954 56.849445
12.87 43.4197755
23.17 61.58161
-18.16 1.06551999999998
9.72 -14.45161
-18.58 2.11398000000005
17.7 14.0624095
20.34 21.0899124
-13.65 -18.530312
-16.69 -27.3985645
-18.03 -18.040895
-5.768 -50.260935
14.84 -3.34764500000002
-7.506 -14.618425
-15.72 -5.86189999999995
-29.13 -78.1204049999999
-3.864 0.704717000000022
-26.2 -67.89027
14.15 -7.10491000000005
29 17.2504022
-12.41 -5.46027499999998
-8.383 1.84445999999995
-22.06 -59.736556
29.42 13.319105
29.87 33.485995
-11.39 -3.4511095
13.01 23.8426815
-0.2966 17.47643
-9.482 -10.14818
-21.4 -43.83939
-17.72 30.5684205
-29.78 -17.273893
-19.56 -15.54908
-4.73 -24.518122
5.058 -1.35147000000002
14.08 2.51238499999995
21.61 46.264325
3.843 2.12684499999998
16.66 2.15754499999995
-24.39 -12.19678
21.81 12.508492
23.43 61.24307
-3.937 -37.47231
-12.6 -20.55297
25.82 19.031585
-21.08 -27.332319
-9.863 -53.2718955
-25.14 -52.1438225
-16.89 -13.056327
16.7 11.054755
-23.86 -37.6733135
27.42 12.289735
-20.77 -12.200265
-11.51 -2.07318500000002
-15.55 -4.863925
-7.561 3.92210999999996
17 31.23347
6.056 46.00235
2.565 56.4354
3.767 15.27216
-10.32 -7.67042839999998
-9.032 -5.11665499999996
3.734 2.3027215
-4.015 5.14159499999995
29.22 26.454102
-15.41 1.4191235
-26.69 -28.3698788
-25.45 -20.047925
-3.734 3.43217500000002
17.1 16.8908105
25.71 65.105425
-0.146 11.061785
16.14 0.286725999999977
5.422 30.74776
28.05 11.6319055
23.14 -144.923795
-29.83 -14.479205
-15.95 -5.80458499999998
-12.05 -36.899875
26.66 25.1516205
14.73 7.97370499999995
-13.71 3.70069850000004
-28.5 -51.519595
10.79 29.970156
25.17 62.697395
-21.38 -30.5646
16.05 12.00371
25.12 29.104686
4.485 -7.13142279999995
-5.183 -3.03549000000005
6.727 41.97732
21.65 11.233553
6.144 36.586719
-14.04 -45.6897
28.23 0.278543100000023
13.62 21.42822
-15.12 3.66647
28.85 18.7769315
-9.845 -40.366075
19.73 12.3127135
18.95 47.921024
-29.23 3.997804
-9.039 -5.71830499999995
-7.5 0.678784999999955
-28.19 -50.923125
-29.86 -34.2599
-27.57 -67.769158
24.61 33.0238435
-1.099 -0.134844999999978
20.22 45.9935815
-26.78 -29.52485
-7.065 -11.444581
-27.88 -18.7400915
24.6 9.91725850000002
-29.82 14.178525
11.79 0.8253455
0.6024 6.760941
21.24 15.45668
4.217 19.42815
-15.42 -9.11505499999998
-13.13 1.78960005
3.864 2.28741500000005
-11.07 11.8038955
-19.96 -39.86864
-3.899 17.14595636
-11.89 0.819647000000023
-9.475 -3.91030650000002
-2.528 -4.00814100000002
25.19 -17.708765
11.38 1.67136500000002
10.34 41.669555
-21.99 -21.620405
26.96 41.45766
-15.99 -17.555165
-11.66 -4.63640750000002
11.22 2.98168
16.55 9.10045500000005
-3.108 -66.3303905
-24.13 -13.25846
17.96 15.0421735
-15.23 -19.5406435
13.15 -8.83319499999998
28.87 44.81469
-24.66 -14.676345
-23.42 -55.012618
16.47 6.61037999999995
0.06059 -14.84759
-6.406 3.26253149999998
-3.622 3.174385
4.535 2.59587489999998
9.104 26.3538305
-23.52 10.547525
-6.657 -51.21428
28.34 26.562161
17.82 67.195905
-2.915 10.459665
11.27 21.357121
2.667 0.00549750000004547
3.553 28.637419
6.621 10.089361
27.08 32.24867
-22.67 -12.53058
3.092 -15.1367385
11 38.393565
22.36 53.60513
-15.54 8.50571
-29.66 -20.954425
-22.72 -9.76405000000002
7.367 26.00669295
28.71 56.627795
-8.924 -18.861392
-29.36 -36.711975
0.7417 28.0306325
7.124 1.67288999999998
-6.703 -32.8099945
-12.69 -44.9659375
-19.63 -11.6772495
12.52 18.52801
-16.45 -25.82184
3.009 -20.988135
-11.37 4.46583300000005
-19.84 -30.0604505
19.32 20.429022
4.009 22.619525
-18.85 -34.438515
-29.59 -43.817795
-18.61 -21.341636
-15.02 -34.6139745
-16.79 -31.87516
22.47 52.108129
18.56 -8.48999000000002
22.47 13.119711
-11.17 -22.8954815
19.06 0.884421499999977
-12.67 4.51957500000004
-5.603 24.791965
20.65 18.8330147
28.29 22.3482115
17.05 25.53122
24.72 52.01601
24.94 34.2957
-11.52 -55.72246
-27.13 -67.6645
-29.41 -20.141035
9.517 23.683695
-2.609 -5.38268000000005
21.86 10.968497
10.13 9.49378000000002
-15.96 -0.965320000000023
-7.994 -9.518275
28.83 35.674768
16.72 0.245434999999955
9.45 -20.7939465
29.83 57.628545
22.66 45.391563
27.32 37.328316
18.51 24.12262
-8.782 -4.36703850000005
-15.08 -7.535335
-25.88 -12.284085
-24.11 -31.37535
14.25 12.066617
-8.64 22.907335
15.2 -4.47339849999995
-16.85 -12.833005
-24.28 -39.420995
-21.81 -29.29105
22.4 -9.51312999999995
-16.02 -13.735445
-17.2 -12.38335
-28.25 -39.784445
17.77 1.39700075000005
-16.3 -8.40595850000002
23.12 8.43082
-18.42 -8.67799999999998
-22.18 -53.593885
8.505 6.364425
-16.51 -61.033005
-21.16 -19.58387
-12.89 2.50314500000002
6.081 50.670235
1.925 -0.651544999999954
-14.59 -40.791305
-24.48 -60.650915
-17.98 -5.81472
-24.74 -63.02533
11.61 27.757385
-15.53 -23.19718
-22.41 -4.40858549999995
-21.66 -0.54874
5.673 29.98212
15.39 3.39111299999995
-17.13 15.79896
26.87 18.914265
-15.84 -12.388041
-22.75 -33.878575
0.4498 25.2978625
16.31 -9.8962875
14.03 23.818136
29.6 67.4861650000001
23.22 61.4969195
7.723 0.676099999999977
-29.04 -19.94446
-7.025 -1.78336999999996
18.41 10.244768
-6.208 9.86961095000004
3.591 47.3245198
10.46 -4.38224000000002
17.4 33.282755
-24.11 -11.98582
24.39 29.4329705
-16.12 -16.3207145
20.98 44.43706
0.3126 11.1534245
1.074 23.505335
1.22 -4.41354
9.093 65.90739975
-19.59 -28.528885
-1.761 10.7247745
19.59 26.8066765
-11.26 -16.676325
-19.47 -23.371958
-20.23 -42.355435
7.241 8.45202499999995
-22.48 -17.428467
22.82 44.5654745
-7.45 -0.828150000000022
-11.03 -5.99235999999996
24.28 52.07575
-22.63 -53.5422875
4.451 -11.076765
3.393 11.459452
25.42 42.7504805
-24.67 -17.99018005
29.64 28.7651615
3.736 -25.776
-15.12 -18.9009
-29.99 -53.27231
-14.64 -6.79449849999998
-25.17 -10.704247
15.76 21.72797
22.79 69.8677685
14.42 28.50997
-17.33 0.0137210000000225
20.14 16.0582035
-12.16 -8.90386499999998
0.8973 6.3578045
14.53 65.70998
-9.877 3.068835
0.6323 -2.37132999999998
-10.03 -8.42539999999995
4.376 -1.67045500000005
-14.77 -14.137198
-14.62 0.434744999999999
-15.63 -43.58144
6.444 -1.64948500000005
-11.5 -8.35288500000002
-25.02 -45.231645
-2.377 -2.89613079999995
-27.75 -40.05815
15.94 38.3288345
-0.9433 171.9816
-18.95 -48.45454855
27.97 28.8777695
12.51 13.5083595
24.72 15.441615
-4.664 -17.01794
27.11 31.383285
22.33 43.586675
17.77 -0.562469999999978
-7.286 64.600725
-24.24 -1.84101100000005
-16 -11.797079025
-2.497 -8.55505500000005
20.67 85.176996
13.88 43.429855
0.7861 10.5123655
-6.276 -4.93110500000005
26.5 17.16346
5.215 2.90602500000002
2.959 18.310985
6.337 7.10191999999995
-21.94 -38.856129
-15.01 -24.358555
7.54 9.58156999999997
28.71 -6.30721999999995
19.84 19.357875
16.23 30.0105
-8.773 6.234115
-28.07 -52.116105
-0.7728 -16.21349
3.871 1.20443
9.134 11.41464
-0.2273 7.50774499999998
20.16 19.1213407
-22.07 -13.357395
-3.019 -1.68701
21.26 55.6678368
14.3 -17.908321
28.39 46.958695
25.66 48.04843
-4.11 -3.25691
2.592 -13.73837
6.4 15.772765
6.133 46.74241
-21.46 -11.0667545
-24.95 -96.697875
12.27 37.574865
27.6 5.2966675
29.43 40.140065
-10.52 0.267056399999955
-1.734 4.59441750000004
24.19 19.569455
19.37 33.659909
-20.4 6.25463800000002
-20.78 -3.29745500000005
-22.43 -51.1178985
20.23 47.549755
21.53 23.7297075
-27.63 -7.28389500000005
4.954 -4.60484950000005
-15.45 -46.10231205
-27.62 -52.265537
-26.26 -16.698415
7.724 17.78641
22.71 45.9037625
17.22 39.3130075
-20.86 -34.46649
7.826 46.632985
-5.744 12.841445
19.04 -7.19746130000002
-11.99 -28.07318
-11.67 -12.5187165
5.753 -30.420045
-12.95 -0.908025
-13.81 -16.86819
-14.11 -56.66285
-9.858 38.34094
27.13 53.996965
-5.44 -41.365175
4.808 35.937105
-5.511 -9.14029549999995
11.51 13.15804
-20.62 -21.194425
-28.21 -31.710735
-1.472 8.71717295000005
25.86 42.8224985
-9.732 -26.19202
-19.82 6.71699400000004
-8.973 -18.399135
18.57 26.77494
10.45 -18.6801
14.08 -155.49681
-26.61 -62.4046235
-5.385 -23.93309
25.79 15.72142
5.312 -31.6615285
27.79 23.26609
-7.99 60.48195
-4.571 8.12431000000005
-29.97 -7.78872699999995
-11.9 -61.9414625
17.91 18.910075
19.3 1.89078999999998
16.98 35.1750415
-25.86 -62.30363059
27.56 32.590445
-11.37 -17.185465
-29.97 -26.34524
-14.46 -15.112797
-17.65 -69.58816276
-18.2 -53.51088
11.3 15.6899585
7.803 -3.88514500000005
17.72 13.8640549
23.68 21.022745
-7.438 -26.61969
-0.000173 -12.486735
14.42 18.205001
1.667 58.11432
-11.16 -2.21273
24.21 28.5819455
-2.393 -0.656425000000023
6.35 -16.49216
13.94 1.71589449999995
28.92 16.8877998
22.56 -4.07644100000005
-23.53 -33.47137
-8.159 -26.07828
-1.231 7.98353099999998
-22.98 -134.986508
-23.36 -26.450555
-16.08 -34.9132
-14.3 -11.0378925
1.704 -24.7786035
-29.49 4.37606499999995
4.046 0.417235000000023
10.45 29.803475
-28.45 -18.10223
13.24 16.33424
-14 -25.1659268
14.21 -14.384749
-12.56 -15.31386
6.079 -22.365164
-1.61 9.15327000000005
-17.01 -38.7249515
23.15 13.66769
-0.8653 27.563261
-14.65 -28.720345
-28.34 -1.80727999999995
-21.41 -46.6538485
-2.776 -24.42473
1.101 9.47858549999998
7.736 14.6453095
24.54 11.815975
26.41 60.3175
28.22 9.41270000000005
24.6 68.10417916
1.608 5.679825
15.97 19.8221
27.75 35.1924715
-5.78 -25.003865
25.79 0.342205000000022
-6.874 -21.83655
-21.22 -36.29443
14.77 2.43635500000005
-21.57 -43.6689735
-16.65 -34.7570395
19.11 3.55651999999998
13.05 12.42708675
-27.77 -44.937423
29.59 71.8088865
-11.14 -34.0043205
-11.47 -42.977895
20.64 9.19148999999995
-16.24 -11.89299
17.27 44.707715
