-146.6 842.85740645289
134.9 179.552341804362
-28.55 -35.6089529262622
12.11 22.4455106798187
120.7 -69.7320204750598
95.26 139.790423144393
-4.114 -13.6590379174751
-18.85 13.2919803934392
-78.02 216.075575943654
92.52 57.8934614067346
32.66 28.0535827270403
-2.941 -39.60733268433
-101.3 -49.7771364472664
34.75 44.1749458421391
-56.2 -62.1949085575814
-91.33 -53.0798802473911
111.5 160.427044670201
-150.8 -174.683865671298
-112.8 -104.601569951466
78.64 43.5819551826172
30.75 39.9891411840252
-42.03 -44.356690679015
23.78 -15.1487143989043
62.2 59.0358993509093
11.16 -2.11330863824469
-128.7 -121.026244953344
-80.15 -64.8036463070522
18.46 39.3942190421856
-4.223 -49.8201872814548
26.9 16.1330794590826
55.39 42.4129590915298
46.6 52.1429204984989
139.6 139.054745555571
59.13 42.3248169018912
104.1 145.849071730228
-150.6 -246.140429270729
105.7 74.4989218817283
-152.1 -181.977464741889
53.34 -31.4492473831038
-37.04 -78.6751631491825
-53.06 -37.0910095014493
-32.22 -26.8349259565477
57.27 93.9108646168568
-83.85 -91.8674358248751
149.5 116.158036497306
-98.03 -147.554759689156
-137.1 -159.242681768999
84.7 86.0714769970817
-30.04 -49.4641358144912
149.5 125.584944679652
84.77 100.153073914352
-41.71 -100.91532482
65.13 62.2123115106832
2.142 26.6233577532193
33.47 -39.313681123405
128.8 186.971389560065
-109.7 -102.619650946623
-3.039 -9.63743781168322
-151.4 -160.106806569126
-27.74 -61.4231041959729
-57.74 -82.3136973097168
-19.79 -6.67486789561895
52.84 4.56651250348692
124.1 109.496545125423
121 124.045071699175
33.28 -184.142807156496
19.04 30.665128464571
28.88 7.09589927028138
21.18 -25.4661530904188
71.57 69.113736326916
129.9 175.740877485145
117.5 142.541334215879
0.9301 -24.528494388946
102.9 64.7631995680742
35.1 -6.67650287531396
22.78 102.134748045957
-2.102 5.76543946157617
-49.13 -112.130325514663
-81.6 -67.5335778164593
-88.46 -124.696373744319
-32.76 -9.29738618423851
-20.84 -39.0166574372984
-66.39 -112.851433360515
-115.2 -109.409052537715
20.31 36.9816043085341
50.09 43.5957810106035
25.82 44.3265672504777
-35.54 -33.2041456062114
99 95.687303721514
-74.49 -49.3559037306341
111.6 87.1546513415779
144.3 236.240053459735
109 147.744965692263
12.25 -25.7674502397727
63.26 104.030042588666
-106.9 -73.4222103839145
-22.91 49.2206130250647
30.66 88.6573581823243
-114.3 -147.433058139514
-7.076 77.5782186457575
23.03 -31.2389054294367
64.6 57.622047134601
137.8 103.810450599204
152.1 171.610917256333
-27.68 -27.9182111436491
90.88 142.05412119814
47.98 59.7373650767993
14.96 6.90915009737338
68.01 145.922810992432
47.38 58.3107170632099
-137.8 -177.625760068647
-4.944 -0.840651100632495
-26.95 -52.4014114010994
-19.06 -24.6260911177468
-85.22 -97.7125884794622
-143.8 -131.206133380141
128.5 124.133930190493
-24.86 -13.261388638491
-22.83 1.87314444303249
-57.53 -43.0675540416517
95.54 80.5935002934012
121.7 144.728631731813
53.17 52.5667082270812
18.75 -6.67678601793334
19.9 -30.5683394446031
135 124.301776708682
-141.1 -176.827215797043
84.91 90.9088979895506
10.45 26.6286222311423
-58.72 -201.365851342267
116.9 114.913960423918
-57.59 -88.8742494736528
126.9 127.465087348466
74.35 64.7064381358386
94.47 155.429619647985
47.97 78.3743537378282
52.29 1102.50855586736
-157.4 -138.835450667224
-102.1 -107.183160089156
-144.2 -149.709905212734
95.93 169.802431747741
-22.84 -37.8817865548596
-4.335 -33.922037209294
146.1 -18.3923394905441
39.58 19.9619302599715
63.52 105.744795512242
59.19 26.1738870150167
-77.83 -98.3901544169032
109.4 84.1279732615385
-99.79 -94.0181923757645
4.43 107.613937691119
-107.7 1.37576126345707
51.49 112.523524170108
5.727 27.7992796071495
-91.6 -71.4808290813598
143 149.701309449126
15.59 -3.88888132143683
-79.16 -68.8700989224622
-103.1 -33.7489596596519
-36.78 -79.3579421773801
-6.453 -41.1735797105411
47.12 18.8528514975879
9.401 28.3027761240907
52.05 82.2024767912398
-136.9 -91.0295518630605
-86.21 -95.4662689405124
130.2 93.1273191285668
-141.6 -148.197550708081
-158.1 -115.879031462882
-62.57 -23.9250725970575
-84.04 -74.9853321045429
-69.29 -104.781666563935
88.24 75.1065622385117
0.1257 11.0018204478533
-22.74 -1.77453291874127
81.55 43.9317954943779
21.28 1.298690380788
80.82 71.7183950033593
79.75 308.554058199114
140.3 142.524734956047
-21.69 -6.13902921319071
15.26 12.6794688997451
-136.1 -119.17623992756
-138.1 -184.323765999347
96.37 21.4470222112776
119.8 149.873147830393
51.66 91.0592545803858
39.52 -99.7736990098091
-9.546 26.7834426418573
102.3 137.617561750173
150.5 144.771334533273
-115.5 -99.0983702566971
-14.65 -58.1054792547589
127.5 111.067606431019
22.82 41.2823421925525
-112.8 -100.529679291233
-64.41 -53.059173743977
80.23 1017.90960540139
35.76 36.1337868294898
-107.6 -89.3827012450501
-21.47 -15.9456086237529
66.75 35.9900681231757
-85.78 -66.8303477918808
27.52 35.8277924050424
-0.405 -50.5477499408002
100.1 141.523828404713
-99.11 -122.013445152489
110.7 113.385287275104
145.7 121.569817637363
-116.6 -191.994462129644
-81.76 -77.4996306824528
41.32 -25.8817080125085
11.14 -46.4720378674435
59.8 142.631542700474
97.38 134.974590554719
91.03 197.650715153066
105.1 111.180803781711
8.647 13.2333725969391
146.7 224.428481655253
-88.98 -105.737968096505
-4.173 28.7370493566967
-46.38 -83.6275725538131
-119.7 -111.876191766227
78.08 428.125572293581
-64.22 -113.107875280605
-28.91 -91.4101654252454
37.79 15.2236004304003
110.4 283.9834815878
-57.33 -98.9179712184165
103.8 102.116377039425
-54.02 -49.4874840888802
86.97 69.2268136779791
-111.4 -94.2113219050804
-49.38 -66.1716488666228
110.8 67.5987462809217
-42.29 -91.0512852085678
-4.924 6.93262075631649
-136.2 -84.8175036511722
-16.11 -39.6907663015729
-35.15 -16.8427455748122
-104.2 75.555899759963
-84.17 -55.4760648525954
-32.53 -68.9646727951275
96.05 244.885593162586
-2.804 62.668510422676
-49.12 26.7379233798709
-5.493 -11.7312741675954
-53.04 -61.8903891235193
1.487 17.3465707588147
-15.64 -55.7853706786914
-140.4 -155.074188258055
128.8 355.133875853003
-134 -155.982829723099
-65.79 -167.839642951793
121.6 129.781619960625
152.7 131.154753665139
-108.3 -184.268172636844
-58.79 -96.4547387329541
32.29 -23.9811065769754
70.7 33.560629910065
-97.04 -83.0625649956595
-4.798 -122.622373822689
65.82 49.5892723629908
60.76 76.9851956960241
133.9 132.723024979291
-48.49 0.248016847048435
-109.3 -120.553498630474
-24.54 -10.6854727490995
110.3 103.705153140192
-67.56 -56.8854833175185
-149.1 -129.733328287193
-37.64 -77.2572011447522
-36.13 -13.0143077619453
-101.4 -89.8616341985758
103.7 194.015925912709
-28.06 -68.9198158014394
-16.91 240.162462864992
90.19 51.2651624762808
-145.9 -271.917951249374
0.7782 22.2596894396548
78.75 81.9956058610601
-98.29 -156.328407554093
-83.05 -145.597826881215
5.19 23.1361519208182
87.34 85.1154851783335
-91.71 -144.29674915309
59.77 49.4207759818845
123.8 68.4438110143236
-35.75 831.273966227798
136.1 104.856030416795
-107.5 -145.317108775809
-131.5 -56.9244716695529
-63.57 -60.6900944511995
26.1 27.7257937572921
19.92 5.02442441050811
11.46 -22.8926114631298
88.47 81.5634331895491
-28.06 -31.6842518281132
-139 -69.0072335510673
-107.6 -142.379751372749
111.2 60.0712306806373
154.6 152.177681245581
-7.704 44.9099120380901
3.172 -4.36296273802378
153.5 198.593444436129
47.82 36.8043688333077
-141.6 -88.2248039622815
80.1 109.708097930629
-31.36 -19.8255940852683
72.17 134.918241408218
-17.23 -19.503510811998
85.4 40.393798675119
27.15 15.8803586134873
41.63 -3.96817779593983
-4.893 3.4371463022406
43.2 8.75677691625836
23.06 -16.5092500444731
-68.25 -50.4462884594349
-16.98 -24.8039011505167
9.181 -16.0055648323557
131.2 165.322796375733
-83.84 -110.559220940481
74.95 74.0468875131603
-22.79 -17.932560097455
22.01 5.17655662539776
64.46 77.1235906626299
35.98 27.6726842221076
64.47 81.3717856009639
152.7 110.353193358913
-28.21 -57.0618935870767
84.26 67.8967914304737
0.2972 -36.6764704259026
-106.5 -118.304709069955
-66.82 -64.087869046444
44.47 40.1873284331679
17.15 64.3629689846426
157.1 192.229547751963
50.74 18.4089200927955
145.5 215.707867701004
-40.79 -62.1777965537155
16.01 -73.4397251980144
-62.78 -103.174880139538
-59.36 -78.0788421391817
109.6 155.935160710961
-129.5 -109.681674805384
-99.68 -77.9676623274683
-35.84 -37.3937680657511
90.64 141.550199191813
-32.12 -79.5888882536851
-119 -142.139480816331
-95.07 -39.4712501541535
-117 -106.583961320534
-33.36 -15.695446315203
47.22 28.9657446731036
117.9 190.47004251497
-15.95 -49.8540766365102
9.755 1.96961653043808
-115.2 -87.2709902121396
32.26 8.02213945301632
114.3 81.5692534046022
-4.37 -14.5650588402301
-72.65 -123.649671880444
60.02 92.2993177845867
-150.7 -109.099024540122
8.623 34.558974623966
143.7 107.904338152827
76.53 83.8945058061652
-46.89 -94.0479679542553
5.35 41.8001402329751
-79.12 -192.634447884519
127.4 124.412287754291
-79.93 -65.3202069982241
19.65 42.4375074808215
117 134.606509075381
137.4 222.255268225192
140.8 151.963892989617
146.6 168.302164986644
36.83 23.1093555181042
92.84 126.620361999531
-144.4 -102.671697523559
-26.11 -36.5709944169956
3.765 1.37512948514905
112.6 139.702158351621
-10.99 -23.0987041494423
138.6 147.599089405177
-107 -82.0881166517221
94.45 81.3946024766724
40.22 -57.4113785760204
140.4 189.657258366287
-39.88 -36.0887830245614
2.2 -54.2270064131423
67.93 14.5384514441653
20.31 -30.0233772734374
53.2 195.747223631667
-10.17 -151.49482258587
-36.86 -133.201605872586
-138.1 -199.60875857889
-32.33 -83.4953531223682
-71.72 -68.0468905710504
125.9 175.386307058607
-120.1 -258.055307280194
-129.8 -105.601878633483
23.79 6.73022533822524
-138.6 -223.33601066227
-120.6 -149.492121000066
81.27 114.205508156218
51.8 -0.138793466242397
-117.9 -91.447461960338
137.4 141.615776831622
12.19 16.6609075670892
141.6 157.971229110758
157.1 296.035848936472
-41.95 -43.5896625674545
-135.3 -107.247848607536
154.7 222.639035831748
-70.54 -109.932136608799
-80.92 -44.5785290129784
-129.4 -132.728484297111
56.09 66.1228619396994
150.7 136.429762373016
113 81.6303025853297
98.38 77.9990736619965
19.57 14.5780776218672
0.267 16.8871585262825
-20.65 -67.297726687213
-138.9 -174.567530350183
-67.7 -92.6791743785013
45.97 38.2944927325329
-74.26 -91.9793698421887
-77.02 -68.5398820483545
-79.66 85.9859563273528
-129.1 -144.896923522776
-117.9 -80.1072896074218
4.509 -48.9385524094445
-148.1 -151.369987374187
-46.24 -81.5352762145289
155.7 178.878778462783
-34.33 -30.6545424149555
-37.41 -58.251161264477
148.9 113.384154607598
-44.93 -169.795573585637
67.72 38.752783300391
-27.22 -28.8078742484888
90.03 268.081202622425
52.72 41.4462855574675
-15.47 -229.040430908636
-34.52 -22.6285629120038
-76.16 -127.403145891309
-87.15 -115.035441483846
-69.02 -105.022114759662
71.65 99.1488361257284
41.64 9.81331543067582
-48.77 -62.482120218181
-82.66 -81.5785626606934
115.3 116.507614873084
136.7 208.307881525699
90.64 274.735399446789
42.04 -694.09042011776
-53.74 -5.20419983960569
-116.9 -201.78810029554
25.87 11.59020365438
-130.5 -124.381277847829
-156 -165.778929377532
-125.9 -81.8816889040406
-65.88 -66.3217000134045
-97.97 -105.822765371139
-97.1 -76.9771153582364
83.06 130.011725398019
-120.8 -197.125934040109
-108.2 -113.004780347394
52.46 141.021296573535
-12.83 -4.66708492876588
-103.3 -94.2442505525277
145.7 120.617897158297
27.07 17.3259252366157
-99.67 -131.135576171077
136.2 171.870864143869
-72.65 -90.7046727188061
40.4 21.5403457080507
-86.73 -150.154823693038
-44.33 -22.3646174134371
113.1 162.371679355148
155 124.87738944721
82.92 53.8992593432887
55.88 79.9784684611176
127.2 126.964444866918
-6.384 -21.9283776180608
-15.8 92.7919524199702
14.67 -15.8907645367356
-124.4 -117.846246153774
-84.16 -80.8165327772968
30.23 15.1080166356593
-94.33 -179.065473573922
-83.01 -174.656198872569
25.19 28.1400046289608
38.86 27.1475212598136
20.67 24.4694563988381
-116.7 -107.306585391493
-59.43 -51.138913667281
47.47 117.369256572672
45.8 -27.5685482875519
6.372 21.172196899943
90.61 93.6395659945396
104.8 87.8902312650794
-32.61 -29.8987675677391
97.81 48.7080933075381
-93.81 -124.794461374124
-95.26 -119.501070089454
-89.02 -140.111120835555
-89.13 -48.6329930199521
-4.983 -22.3707427512437
-22.26 -5.90460118320616
119.4 -1.31368843930977
153.5 233.257950742396
-133.5 -196.915110377078
77.57 81.1280091120236
29.37 98.5827765429684
117.2 156.077958819816
-109.2 -104.31227290249
-153.8 -133.056045011307
-44.95 -72.8830052632696
2.036 -5.93402064556366
-109.7 -100.083014100268
-126 -181.563245372678
111.3 68.5201025301177
18.03 -44.2540733067313
-24.27 -61.1082818737782
-70.34 -87.3344753689085
-103 -114.036318157022
25.97 33.5286677675615
-5.845 -90.5940723250584
12.95 60.7344104373718
91.79 134.625925762188
-77.49 -84.9124003207004
-130.9 -130.831025530833
123.5 206.11842427948
-107.3 -85.1597082732072
-147.8 -181.222131919155
-89.96 -98.529631211881
110.7 104.564111640159
103.6 102.088220668245
159.3 118.925286620129
-146.1 -203.349267881925
95.73 104.533068175424
-63.16 -53.2670798816119
-17.55 -68.1553561201847
-155.2 -217.37047287339
-26.38 -35.4531589298211
-136.8 -123.364584458598
126.7 104.217571017104
-20.84 -47.7246248311488
3.554 27.5025381653428
100.5 104.653940858439
138.8 286.781411323895
-140.8 -166.475131937819
50.08 115.158844710696
87.52 43.8854799380493
56.87 64.9277848339483
-147.3 -87.9727091350384
-28.01 -54.6111520691719
135 143.631182247413
102.7 107.742183864384
144.3 216.047430546564
47.43 63.6455096899061
-45.26 -39.3942278126925
-8.757 -25.2308492315375
157.8 256.885273180407
-20.19 -47.6878411273877
112.6 125.267028054084
90.73 89.5342204685807
26.85 4.06920852960399
148.5 161.375858291574
135.4 110.069768560376
-18.87 -90.3402945276941
-54.03 -35.3807573005088
2.927 -9.00257460215048
54.34 75.1409743946184
27.64 52.2713469375564
-91.5 -109.060466352353
-102 -246.699258599629
-77.26 -80.8318531279314
4.638 55.2674243706419
-58.39 -54.9741615189107
-8.44 7.80711973252293
-74.86 -94.1013851089476
-0.3352 58.4648513715911
-97.17 -130.899309825438
37.21 40.1571576209896
-34.01 -44.5173669087739
-93.29 -196.505310747925
85.53 123.131189603794
-156.1 -158.068075608361
-86.57 -42.4498600682412
121.5 137.29534749907
72.44 131.358075464211
83.24 134.129516565393
-82.58 -93.7547215686072
-9.687 21.8644820343348
0.4032 15.3998268775566
157.5 148.772182122551
33.1 65.6764680107565
18.08 -24.2888329245069
-93.54 -123.085457691641
-134.6 -148.775211151064
61.52 76.5414496965856
-21.37 8.45608897831861
43.32 98.8666909122191
-112.5 -103.525834582322
59.64 88.8844231839509
-142.1 -169.814434971721
-60.38 -61.0315908047104
-91.34 -96.0658116922121
-26.7 -57.2008960684989
124.4 127.844088845893
64.71 110.543979811047
8.174 -17.3984607197544
-93.18 -184.735186599525
-157.8 -141.176012087547
-108 -78.063226868113
-76.89 -107.608365312823
-131.4 -143.605676592157
102.7 111.963950624463
-152.9 -235.882530298764
55.17 79.1649185030567
149.2 114.206827286561
-120.8 -134.679655295684
92.86 76.129110902503
26.99 52.3298529197717
52.33 91.0257434532687
-8.503 -13.1002052352064
-96.21 -102.977496745691
-65.11 -125.234610208259
-102.7 -125.188202623469
-153.8 -129.618442900464
37.44 41.3349955432701
-135.9 -157.505299757923
87.54 123.331459295898
-69.89 -75.0554775709993
132.8 246.89114532753
-58.31 -29.5062069459917
42.66 60.7292101177979
100.7 90.4663004606029
-120.1 -97.5643483711587
-32.26 -80.4538114843821
109 81.3985137529774
107 123.877165790694
22.93 30.7634122928745
-69.68 -1722.78253334182
-67.97 -53.255148614191
-20.16 20.486128496166
-54.44 -45.551511193283
-148.8 -129.100823767931
-140.6 -62.6172890453451
155.4 319.59875833046
78.54 82.8628450524968
-18.11 -13.9487036702874
47.1 5.87741171936956
41.24 78.9007252057736
-50.7 -106.562351637808
130.9 181.790086250726
-1.697 50.5119958557019
85.71 47.1671891084483
-1.091 91.5782770066185
-123.3 -94.9297883267905
-105 -43.0025557217966
99 107.590312708569
103.7 70.2774706493421
74.54 22.5603247561866
133.1 126.443746768353
-27.12 -31.379492762963
-86.57 -46.7785584173474
118.2 189.18936416445
63.72 80.7360713362827
56.08 27.7818335470777
-77.67 -75.0524958399625
-9.457 -39.551024579355
-18.98 7.03636010906457
86.89 82.0218135532823
-60.52 -67.9641858615023
-74.78 -68.7585191606599
12.51 -7.21544933092963
154.4 184.755551505465
37.79 -8.42025931493268
134.1 125.079367106729
-101.7 -128.779885009057
-122.2 -108.619501866921
-9.8 -37.1372349457649
135.9 149.928007775298
117.4 164.928846731929
-6.391 -53.1774787877304
17.81 99.3900213729515
24.06 1.07622060716392
-61.45 -82.585509530175
-34.68 -45.2313800081378
-27.44 -58.3484256434126
-75.12 -49.8603261944386
-107.2 -128.766573383631
-42.15 -74.5397005992785
32.78 32.7537827719662
33.3 17.5981164359631
72.62 -12.2634929589835
39.49 38.16533385875
-50.59 -48.8149554585345
8.937 62.8974422208149
143.8 268.059153043587
-157.8 -205.547825699012
2.276 -20.5277086801602
-67.24 -89.9525275748173
105 66.1949804199324
-69.54 -79.1150600933509
25.17 45.662298074172
1.041 38.1192167634021
-79.95 -55.6748952066759
119.7 178.58336232192
-74.52 -61.2094617698558
-87.59 -68.0509855923153
-124.6 -101.887686198648
155.1 166.008644912452
131.2 156.719824865246
-119.8 -91.6748854466102
-26.88 -71.1044271412454
50.56 64.0249692015645
-7.368 -3.92145083050268
75.56 98.50073050585
-109.7 -130.807188408332
40.11 -115.630153653416
23.24 67.5462461250501
41.5 75.1404438939132
-97.51 -169.872452515061
64.81 92.3684067423722
-69.39 -71.5887397978179
-5.991 -7.14474206941311
-69.61 -31.7945305751879
143.5 139.774138613033
-47.62 -70.7031627154296
75.3 47.1783806913229
73.83 44.0866642936712
28.02 37.066872616832
-12.65 -38.8555181113297
-115.4 -187.465285689722
-39.41 14.665361679461
45.75 45.8374655510802
-107.1 -161.687034621073
113 147.976464264922
-16.19 -0.365922881241175
140.5 196.401089312813
40.98 -16.6333876189717
1.735 -81.4002733498469
-83.05 -116.39605928365
90.63 56.2896135398632
-49.17 -78.3967791609318
-50.59 -94.9110180557698
-2.846 -88.0533829320238
-149.4 -102.206982398018
72.87 47.0470291847054
127.8 172.414295487125
-35.92 -20.2404493104749
57.27 66.5479420225195
111.1 120.082738304757
135.1 209.151668830968
87.8 50.1288713891971
-30.23 24.6709885235368
-2.834 -16.0486316918388
44.88 61.3648968546961
105 141.28540959552
-38.5 -90.2623309151594
-8.853 -33.9397860567108
49.9 86.8215028708404
-128.1 -106.405452804237
-26.73 -20.7025482812448
157.1 294.734129807038
141.8 140.744665272999
40.6 91.2267534910214
1.732 -16.029789645595
-98.14 -142.242652853975
-39.26 -82.2893474578414
60 37.0034221979398
-151.3 -144.780047412674
-26.24 -91.3505631027668
152.7 204.494313247387
-67.29 -77.154984021471
-12.94 -22.5562268640063
26.63 29.8369684682598
-157 -159.39008968945
-62.05 -111.011773018841
4.454 31.7195688274969
148.4 88.3018456830987
75.49 85.5434016055548
-80.15 -116.642123124398
73.55 93.4043311603352
19.68 39.5777284806324
134.4 71.9022691654995
-88.51 -130.265463896532
-56.52 -47.1571948982459
41.35 57.0076011136952
-0.5684 3.08261079404021
125.4 102.631554850461
17.22 37.1644011472068
-32.23 -4.99615504493239
-17.87 -59.7195290848168
118.3 33.8806102526355
4.521 -8.1793632190327
-115.3 -187.174807514138
0.6648 275.34838352274
-27.59 -49.6586548109626
102.2 184.986837231825
17.07 30.6862284199924
-73.56 -74.0332028803099
137.6 195.462756284105
155.6 152.941933688262
114.6 113.326060311848
155.9 160.817922549163
-156.6 -150.973789379992
-84.18 -79.4235429765195
52.68 30.5920381046116
3.381 42.5343267521556
-29.09 -76.3025543819763
-84.34 -167.257238546667
-137 -149.440589082298
10.12 -19.194400039835
120.7 226.910521651746
-104.2 -11.9456259394829
-109.1 -105.667156928595
46.91 26.7122873841981
38.18 -13.3357413580132
-124.9 -186.114960990178
-133.3 -218.431801440488
129.3 145.187707855031
104.1 160.122748930258
-1.741 -0.998002358158216
-72.93 -89.3075509285813
152.8 134.509848158687
21.22 27.2738134656239
-152.1 -146.619045046177
-62.97 -53.2579675903159
-26.15 -23.3649328437474
98.46 86.373108253199
-63.25 -19.1289338188492
115.7 96.8855872948609
146.3 190.673561577128
88.51 153.859807637297
-113 -68.8873393538452
44.74 -17.6230175002204
25.75 34.2961096765565
-101.7 -80.9201104991188
86.99 43.5007004955048
84.53 90.6224997336995
-142.5 -185.900715179871
19.76 -38.3540805953773
-122.2 -104.776501077269
149.3 175.232249605128
-54.16 -33.2126346362603
-8.548 -15.4902750674349
-35.32 -71.5165643271577
-110 -193.977691322764
-70.45 -49.611412694051
65.57 46.4961519359379
49.98 37.9445936041881
17.76 -1.64187087219573
-143.2 -136.729712930336
-12.58 -41.5230496255485
102.7 143.690488225014
-153.7 -154.713447659645
11.9 14.2387953283272
152.2 54.4638508546395
-153.8 -220.248453671233
66.64 143.096139323543
46.94 62.4200989928846
-87.1 -58.5304892436341
-5.763 -44.7777361504907
-32.15 76.9800703296576
57.27 86.8780494452051
-82.29 -99.6121786407218
-35.94 -44.512384661067
-51.92 -53.1127045620839
67.06 61.3717485015431
89.81 102.305324785256
-92.34 -73.1153006116845
134.8 85.1731764093291
158.6 170.494876857521
97.26 65.8585697955307
-15.33 -26.9197978416432
-140.2 -186.879609678988
33.97 23.9347520806715
69.38 41.7122770458715
-124 -170.099352740686
-40.34 35.0406674737523
129.7 169.403543324125
9.908 0.718977671899439
-26.68 -0.725937932424594
12.34 -5.74195303166509
-142.9 -155.10167645401
90.34 141.593714326299
106.2 78.0982358860559
147.3 190.138222912587
25.37 45.048916740831
-24.88 -41.2187535044361
-134.6 -121.670358461714
-67.21 -95.145264315798
-26.72 -44.9442032721905
-37.98 -61.1193963328271
42.97 40.4699823926524
12.7 -12.8861723197016
0.5703 -23.3602630628959
-16.04 -40.0613238267629
27.79 3.85497705740424
26.49 26.3977519233512
-105.5 -124.983964354254
45.92 38.9601881939163
-99.91 -183.596363865847
63.66 66.0150528760309
10.31 -4.65040174792649
37.37 22.5414137519857
-80.13 -114.769180246346
-35.39 -14.0856384235533
126.1 68.6823669125496
140.2 329.525499637628
-51.11 -29.6409843294528
32.02 53.6447203676717
152.6 161.101056114075
98.85 791.555221341274
-62.74 -144.615806074444
59.58 112.538016342348
127 146.080752200991
158.9 172.569896188342
15.78 -44.2313599686591
59.65 61.307137058221
-56.69 -104.973062683388
134.6 93.5129135498604
21.41 9.50052474075819
50.92 28.7649070489165
110.3 116.558598412531
-107.9 -200.972383937173
38.41 5.95259655385031
-8.191 -33.4118595800774
127 160.955229303317
27.4 37.5320353099318
68.48 48.0515605366723
105.6 83.8185236784514
-88.73 -80.5600064731157
3.474 -20.9107257361641
4.826 -12.7688073713515
91.78 46.7052126952556
64.71 60.1436867179512
-37.43 -20.9173965092141
-51.39 -51.654640682577
22.82 12.105605022847
-116.9 -209.063117363384
89.86 117.089660103788
-150.8 -165.113902296693
-148.6 -135.273674984712
-89.67 -71.8762213490807
35.68 58.2324586209465
116.5 135.245510152716
-15.42 -16.1033908527585
-37.33 -71.116702562557
156.2 164.538595138061
-101.7 -49.1264204485324
5.979 -9.44042173313283
-112.7 535.929609622439
65.23 133.940979297238
-83.13 -94.4871572176036
139.7 125.494934155752
-42.26 -88.6144252614749
34.59 136.228307733601
22.4 12.4239669561374
81.1 33.927698616872
69.76 60.1135111414336
65.1 115.292254504263
59.03 47.9456383450629
12.36 -9.53592385579209
-130.1 -159.548289974917
33.81 50.0587970354668
80.13 112.720920291245
152.3 144.254124094187
-38.8 -48.5152201660227
-148.2 -159.144968425194
-17.13 -20.723513938831
-33.21 -15.5370569723013
64.01 109.198240502102
-40.65 -23.6156616493469
27.98 14.3810903484891
32.61 23.2746990996465
-118.9 -204.200732644745
-150.4 -109.631117238078
-34.61 -67.7649233471107
135.8 269.390114399514
-67.37 -85.6359812448967
50.28 81.5534672003538
142.1 248.871072177727
80.63 61.8916933941651
-85.89 -29.2379242428678
143.8 149.532889653125
-150.8 11.279432875247
-83.35 -108.524359567777
122.3 250.04749746747
4.199 -9.13840514243081
83.62 72.1007740897645
-144.4 -160.238263916529
66.49 53.7745567789944
-63.11 -56.160673830304
74.36 105.904923030974
-125.3 -153.218979672297
-154.3 -114.101090066457
-77.71 -59.8470323573565
-129.3 -140.411074994967
-33.85 -49.0916636150653
-103.7 -213.552696983673
-35.95 -14.1857977323713
135.5 286.831687209966
-99.1 -105.710797561606
-66.27 -101.490463189691
28.72 57.2691582615776
103.8 264.772907474241
-159 -161.035718661835
-129.9 -149.254218254274
-129.7 -191.995254215141
49.68 61.4945751800202
95.92 101.957137071273
68.31 82.3498492781401
-19.64 4.99274326269087
-66.42 -18.0210414244005
44.15 44.1215678134531
119.3 173.908711482367
-143.4 -123.628419017954
24.36 55.6095539688817
108.6 52.1904556961424
-101.4 -105.92787100345
-46.68 -126.483886553769
111.3 60.6201287012157
-16.09 -15.1088892561257
50.73 83.4049025858583
147.4 143.296877621367
4.272 -6.66433757164977
158.4 217.722652074355
158.1 145.228471771697
-141.2 -266.684174532993
20.09 57.5023315351928
16.37 -11.4527056415885
-18.53 -40.5912980335789
5.224 -41.6082526931986
53.24 0.118096190071782
-134.9 -154.066083962003
56.71 43.7239839250991
-56.94 152.413774409072
46.47 57.7725070263622
-50.77 -16.0113832311313
-42.85 -70.3217156709828
-149.8 -152.595484596601
-45 -88.5444414553155
-37.36 -6.37545103805748
133.7 146.298241176103
-10.31 18.9090630682443
-15.91 -44.8330271612145
-19.99 -41.6110966938149
-156.7 -135.343586396063
-153.3 -153.476420874062
-10.64 -11.943184837173
-119.9 -110.406860959354
-125.6 -188.245626392346
-101.3 -63.7859884382429
-137.8 -107.672881746083
102.2 79.1880819973964
-131.1 -227.075573860215
-99.13 -79.2883317733154
-10.68 5.95318249923211
102.2 95.2547468928561
121.9 129.572262727644
66.87 108.460300080789
-67.28 -138.925939226119
71.75 62.0323741733495
-32.91 -16.3359389762825
15.31 -5.54769439772062
103.9 34.0915695226713
-120.1 -102.605143681794
114.3 120.170644939763
142.8 143.70558043443
-144.5 -84.6859170059189
136.3 135.278635309858
-100.8 -77.3169048283305
-63.92 -68.2216543371341
65.96 64.3843110780519
-23.92 -47.2776625632239
61.31 38.5736709725173
38.36 50.3998785425718
150.9 131.06184781189
147.7 206.040390237702
-2.409 -51.3811869022051
149.4 128.288593939227
-7.716 4.2051209168055
133.1 74.5496956902101
-158.4 -194.054602506381
22.82 15.4622033191523
-12.84 4.67433622041423
-25.78 -43.0167812059841
-84.5 -183.212090853284
-80.12 -62.8094182000762
-54.03 -40.9086787615693
73.17 80.3680998381429
-23.52 30.1595037780666
-6.655 -48.3784877100796
-154.1 -183.524123524296
-62.36 -33.6757481943742
20.09 30.7996306995411
68.16 51.4745523326399
127 135.959157659141
30.07 32.3916958278075
-136.4 -121.55181328402
157.5 274.593373078453
109 77.658466588502
118.8 129.572423669378
-90.72 -118.796009553948
62.09 59.360248938237
12.75 48.6978413993321
-107.6 -84.9367154527744
22.07 12.4618369984269
146.6 126.982084367791
-4.238 -5.73346887761299
47.56 68.3621266727671
63.53 -1.7865986543529
15.67 21.2234818627475
93.19 75.614102721319
123.4 118.725276893863
105.2 70.8070579314254
66.81 65.4345546308517
-0.5597 -20.9676006348297
79.63 66.5434624912514
84.53 131.689673004923
14.47 36.9906573289671
114 102.838365841567
-14.24 -69.2897042518175
94.93 163.536996171993
24.39 27.3980547018475
119.1 164.719674302158
36.03 104.803116462624
21.85 127.164125423982
-107.4 -34.7751840315918
21.98 44.3433225943052
-99.4 -67.6229515772949
92.58 107.51750890702
-13.07 -43.3106324201722
-21.73 -41.0685248527372
-26.6 6.14580479097444
-2.784 -47.0111805773849
-6.565 -6.89923257570359
-23.98 -29.8579581315387
84.49 9.26635461525677
150.8 199.879409336532
79.07 127.680292625557
-115.6 -163.826037349655
143 177.114956068743
-108 -104.546924718408
-113.6 -95.2905274753064
-150.7 -180.757974725315
-58.33 -76.9462116818976
155.9 140.751908457429
155.6 108.531379389022
-116.2 -113.368108694191
24.16 23.4287057812472
93.39 57.2718469832699
78.35 136.57751344339
-146.4 -136.686583665881
106 90.4638555794557
134.5 107.542764468047
75.45 94.5511040685864
-32.98 30.1533231028892
-28.73 12.0183314657707
135.5 104.245545272715
-155.5 -190.843114875663
156.8 186.181499234564
-146.4 -178.57240964188
155.2 238.561527104702
137.5 96.3126428234716
130.2 58.013060871519
117.3 145.747730587958
-138.8 -89.6541772206495
-93.53 -146.223727003989
67.12 69.6518040400037
159.4 124.570301410166
-101.3 -69.9827253464187
-64.83 29.3485828856843
-89.84 -102.236050172928
-85.39 -106.030521593217
122.2 160.810180762264
-42.9 -1.257977187816
45.64 -11.1920463717679
-10.79 9.3057068149927
44.6 96.3109016011214
-123.4 -119.699837089753
44.63 108.568903244059
59.48 20.9701438356878
34.56 178.369469634998
-26.82 -71.206709925348
-39.57 -53.7610354093252
8.458 6.85817685285801
89.6 57.8118454861342
114.6 146.096593837194
-134.3 -176.240726159743
60.27 17.7820124636482
-70.98 -102.268418487081
139.9 161.666265709274
-33.51 -18.3370398283835
98.84 96.6353954615814
54.78 50.3856488333302
150 120.111834970192
-56.49 -55.5479549337142
-70.5 -35.0366515919918
-147.4 -140.561082148052
-106.7 -104.411421440438
0.5291 59.0735717899776
15.88 3.74347807853951
-20.35 -42.7532264497854
-56.01 -89.9849806041198
-16.15 -34.0212736621524
-4.759 3.23081246517681
78.41 156.758851982044
-29.96 -89.4129598078174
-67.65 -60.5781467529745
-21.8 -3.41163014488463
12.66 21.2643165041171
132.3 151.535804227855
-77.15 -75.8308973642608
-83.19 -98.7287900840036
29.93 24.8286263070565
115.3 86.8091400984106
101.3 122.584700094308
31.94 -25.5248535390638
86.3 106.118696388702
119.2 115.774321952312
63.46 50.5600533760783
-93.75 -88.5163028976586
130.2 28.5251729212276
-66.7 -54.5534323965481
123.6 122.07345361152
110.2 161.60889715032
34.54 23.4114855845551
-45.62 -51.9818342774639
-60.03 -95.5742089504871
122.2 164.849991542397
-24.06 -35.1679866024901
22.72 11.6636688126678
119 9.6371448710485
52.88 42.4840350729462
-32.87 -72.0563322223414
-19.52 -60.2373691762717
-38.21 -75.2700118039578
14.76 -150.052482496185
123.5 127.546410018718
-96.37 -51.4442084870399
-142.9 -155.105392630646
-153.3 -175.078960495229
-144.2 -220.245413782579
127.5 126.621222626238
148.5 192.179932391987
-138.4 -119.851874314098
145.2 207.95952262423
-126.2 -99.8612361178157
136.7 144.083302348324
97.62 133.473529328441
-102.8 -132.277289358029
-136.8 -158.000371287198
28.24 -17.0076785545488
117.1 115.108856451702
147 135.962271592954
26.47 19.7604479739511
90.66 136.539239434358
-112.5 -118.353714777181
-14.68 -61.9117927559418
63.99 34.5676619970251
155.4 142.633094916163
-92.03 -154.848471183988
85.26 52.6931169054141
-10.49 -20.5130859401004
150.9 171.871894948364
-47.26 99.2318728765452
-43.6 -43.1770487722958
-10.2 -13.1993248928062
64.93 100.659925794431
-40.46 -43.0210989361622
-87.95 -83.4032341295925
-48.81 -29.0971084564332
37.78 55.1318464479555
-126.5 -114.291403045976
-8.366 -32.8902213301742
-114.7 -142.292960478441
-90.34 -68.1586109924967
-124.7 -101.388977973025
-139.7 -109.151788317262
54.76 39.5676044568443
-2.81 -69.929281088667
-24.13 -3.97961340453561
-92.48 -118.195216160257
-50.61 -71.0010802664132
-36.86 -79.2481781277295
-146.5 -156.032343437836
-22.18 -38.8638658946018
17.61 -1.40764279652469
-10.36 -19.8707297019559
-124.3 -117.683227148974
28.98 19.9817215446874
-3.656 -49.6935958269537
30.11 54.5189877490926
118.9 99.0170423312921
-25.17 -110.887019322464
-112.3 -162.683970508979
-121.8 -272.359938982543
61.38 22.1545926862761
129 102.75177984737
-124.9 -113.631493860249
125.8 130.609671430044
-46.93 -10.7204282306517
-50.82 -65.1463439382328
158.8 179.837318398725
62.12 97.5991992072577
-136.7 -126.093282821038
-40.03 -21.0890420415414
69.33 75.3898500549243
-94.32 -103.334021365737
50.15 44.0029092949864
-35.98 -64.685098743079
-83.58 -100.632686643379
-61.94 -64.5451694847029
11.99 -13.9695031549341
91.1 36.6580547766148
136.5 108.242141631054
-43.67 -14.8449810425877
105.2 110.641160001671
-115.4 -172.466141384976
118.8 185.918344600658
-41.67 -67.4080571670773
159.6 239.150747320437
96 71.9161085252133
36.76 17.7787230875177
132.7 129.230064401009
110.3 116.164410201975
158.1 105.525061686271
-68.09 -134.667092657478
-75.03 -81.9630826383604
2.37 -37.966157716907
24.61 56.0931763343693
-119.5 -126.828134051214
-121.2 -221.36794410936
-105.4 -147.85333264905
-47.91 -65.6080149518322
-53.09 -37.6586855070181
60.53 26.2250376538687
30.79 33.3136494179001
-60.93 14.8142337341106
72.08 120.069618195961
53.93 36.3704597830155
100.3 100.769867023438
-128.6 -139.436818836125
87.75 65.4440013844068
-1.042 26.3850393873274
100.4 96.3190977527038
-42.05 -36.477838904499
-64.46 -37.6053048517563
-159.6 -120.182756964331
-5.95 -0.135810185265724
110 93.785540501716
107.9 116.749829798688
-77.45 -84.4644587068817
44.58 -44.6156785986959
127.3 168.316285936328
-72.13 -65.9515115432567
-106.2 -151.155758216177
131.9 59.6482122784738
-90.11 -90.1968559314264
132.2 109.88748411376
7.157 -0.36762778150052
-127.2 -66.9502474536199
66.83 208.383433649148
46.69 78.607404713282
23.33 40.2002634603203
-85.54 -109.725690519391
-88.42 -141.125572003644
-13.26 -56.6946748463349
-133.8 -130.912099134932
21.33 30.1743055479808
143.3 36.9441990727395
112.6 173.416279923356
125.7 129.299066640877
-39.35 -20.9657935723591
-108.9 -226.60721754997
-110.5 -130.385139083602
-113.4 -139.204819039143
73.86 122.074776211976
-125.7 -114.004385049249
-152.9 -117.984595860241
-104.1 265.466612124017
-15.91 34.7322679752601
-9.738 -83.7880357285086
138.8 179.530419034218
-114 -98.9455433644425
38.82 20.3575504943508
11.75 4.03827546671606
-50.77 -72.9881525760426
108.5 175.354456855372
102.7 100.099368629744
-36.36 -80.4188618070999
-97.38 -66.951324759565
-140.9 -189.851596288972
-118 -110.596023820048
54.8 130.600956049945
141.2 151.833532951945
53.21 100.053801686015
67.6 100.828001129929
-145 -84.7282618594918
-153.2 -110.607350103587
-27.58 -46.6712606507059
-103.3 -202.03958817599
113.5 138.472044299074
-82.36 -64.4767450380024
-74.14 -50.7497050209523
154.1 194.70582284305
-3.625 -74.9658006415824
-59.1 -81.3848072706537
-76.38 -90.7625363933203
-154.8 -127.021358193222
18.26 14.3726973039344
96.44 40.555160594239
82.04 84.2600675566455
-130.5 -132.1624225479
-12.87 6.62106230505044
34.47 -14.4295731132665
83.58 67.3293324180696
-92.77 -142.571500708468
-119.2 -152.846691628299
-43.52 10.7550421764587
25.44 23.3660256207097
-35.74 -30.0619147413412
-43.97 -16.1434607144293
-43.42 -51.6210303725642
-16.45 -88.1673429628629
-69.35 -91.9538780439572
59.16 115.781340622044
-120.2 -174.166410247929
-151.8 -154.365167790254
-37.41 -71.2149664301107
-131.4 -175.822262656179
85.46 127.743431512244
104.2 69.2876155528088
107.9 101.28379453313
63.18 95.7762623334727
-130.5 -47.6458093191577
18.06 18.6359130392628
132.9 204.294964390035
52.05 -51.9440144150125
-114.9 -128.013828898802
-5.339 5.29094658437509
104.3 111.367219986254
66.42 41.5557236175791
-43.34 -75.2202068363393
60.16 117.877853522787
57.58 53.9864503541645
99.33 94.6605458559084
127.7 124.965477918723
-17.34 -26.549465434853
24.06 2.39849084097435
129.7 139.617862112347
123 292.269689998494
-91.31 -67.1749439522202
136.5 168.194251873285
-128.9 -116.414889337317
-112.2 -89.3935891981723
-52.51 -129.747678017273
135.4 116.166903804141
-89.3 -26.5288060501208
115.1 108.579810358213
88.32 135.119963850285
-49.84 -94.2527179805285
-44.82 -101.006278160487
103 115.099803250739
50.24 38.8595553655846
-27.26 -24.9612821215285
-1.969 17.1501975434237
28.05 -14.3317964933058
140.2 113.17161146486
131.9 144.818549694892
-109.3 -120.108744108647
159.6 159.844988978737
37.67 12.1391567686555
44.58 21.4209559107008
158.8 191.62468907003
-73.79 -102.477859349914
-77.93 -55.5696153466826
65.95 27.5700207008869
3.212 -33.9175565869811
136.3 90.8565515231739
45.17 68.8102962735787
-9.587 -1.73320163498893
-100.5 -101.913363753283
60.01 82.618205935722
30.84 9.70808257061944
122.3 99.508614663911
19.39 -35.1299898452714
134.6 105.288051507593
-151.8 -78.1967954292681
63.1 101.682880728568
-139.4 -120.881608500753
115.2 158.490091010059
-11.09 -24.9596104435338
-135.7 -176.546248065227
-147.4 -103.259749277791
84.46 57.0677021469429
55.77 51.3532758264324
138.9 95.9331056283253
29.02 120.419153148397
-80.46 -145.403642136346
68.79 132.655305667998
-111.4 -40.8675176214241
121.6 176.889740291425
-60.94 -82.0346919064022
-96.31 -79.2885795411739
-20.4 -53.425925164067
128.5 -213.675292770369
140.6 319.443677584472
7.448 -37.8514478690722
3.581 -3.09422318395924
30.6 34.6301848679873
28.61 65.130525400945
-52.37 -85.3479136619984
96.94 92.8814892391604
-99.92 -97.5129355248187
-151.7 -138.504611821535
-106.9 -101.287545459547
33.51 80.3685493267458
86.97 79.9620300011439
134.2 184.165600011295
-43.66 -65.1990639465258
-133.2 -113.024596519177
16.37 9.83378299696263
-26.6 -54.9471655728038
64.11 66.7462741723934
-103 -177.096400623284
124.6 119.166669316818
98.6 155.242722516758
-155.1 -118.413061795738
42.73 69.558740387002
-17.94 -34.6441301133465
-146.5 -180.332857932998
137.6 116.362715714795
35.35 -10.0751142389137
109.1 77.7130281305555
99.93 110.261474948863
107.9 115.403880158957
34.67 30.4706943135646
146.9 124.786461021773
148.2 149.22380116012
60.53 78.6975330942295
-27.28 -86.6581649800303
-35.93 -50.2400683868305
85.72 77.6178874234053
133.4 101.195810508303
146.8 260.827722353002
133.5 105.743025095767
81.54 90.2529262896753
-73.36 -34.5016260883465
104.3 98.3937316121263
-156.5 -177.635938626849
101.2 33.9027683453226
-24.2 -57.2996672204507
-129 -147.573776787204
2.892 562.390885816051
55.24 64.3391465746773
-120.2 -83.6813525418825
35.87 34.8847160627244
19.97 29.0817163658731
-69.64 -72.2157540731338
55.48 29.2238731139032
-59.04 -61.1615638907842
28.23 -20.4256073783884
-147.2 -155.089583068784
-57.74 -91.7671595704126
-41.8 -37.1023581638033
86.86 168.785306622714
129.2 100.682515261656
91.52 141.912470881811
-107.9 -143.606513408419
-65.02 -50.7653414886314
-56.83 -26.4798175501155
-13.03 -61.0666245729481
-60.51 -17.7964742129482
-79 -116.365067727757
-140.2 -201.61162995793
-20.23 -6.36306138733862
80.46 112.397921285635
95.86 86.0077691514831
106.7 177.463025639258
-135.1 -123.916431499774
17.56 24.4193785283804
133.8 175.617810829781
116.8 174.384363025414
-80.03 -133.435995042987
18 -55.6700660192157
-42.03 -81.9970426005688
-115.9 -99.5428961347186
131 159.016122729986
-153.9 -113.598447367585
-159.3 -135.480118746167
142.1 -33.0878804083326
53.6 31.5170550320678
-66.31 -35.6458836539463
37.47 74.0248202021946
-79.05 -83.3768109875082
-148.9 -97.9469670356562
-11.82 -22.4872811534758
-36.01 -63.6841479053268
-31.9 -26.9738308879895
85.61 48.1752121155374
28.48 43.3465842133789
-16.22 -26.5540215306073
156 131.788826575225
-22.44 -166.017514002501
-64.36 -76.7994142779748
89.33 81.2120704280976
-114 -70.0756391185986
58.82 40.6048442908768
4.319 -7.50216853443731
110.6 113.283148654193
-49.87 -55.107652726482
-128.4 -148.560318718189
-0.0896 -36.4880099190932
119.6 148.436457256944
122.9 16.4829312102835
-121.1 -132.494293880421
158.5 222.710795935557
49.68 12.5808245860284
12.07 -0.604992568456175
-14.2 -30.8925971463176
-159.8 -77.3592245883221
70.01 216.17232091836
-93.92 -66.5719235390636
-57.3 -94.3078854518103
-52.49 -58.851068789639
75.89 112.126703867246
67.86 74.9482527225778
123.1 122.728129545411
-141.7 -102.469772272626
25.41 37.6422825616765
-128.3 -90.5427125356275
89.31 11.8336625993348
72.92 84.6515121662299
76.8 97.0089396590087
-87.78 -114.530746200677
-109.3 -117.916075478503
76.23 107.284020205349
135.2 116.821398849122
-55.28 -87.5692059117811
120.9 197.265260420878
158.2 120.043337020146
-112.7 -90.3869374296277
5.504 2.54308991992516
75.88 69.5948057811496
121.6 161.508296355919
-143.8 -178.14622207906
105.4 126.631474778634
132.2 90.5659804351223
29.23 45.5353843476995
-67.87 -76.111448230171
-81.36 -52.5662307572717
-111.1 -139.054878717925
121.2 99.7878057979312
-141.4 -162.876429531615
72.47 84.282233535467
-122.7 -147.00357368192
90.23 121.149209569675
143.5 132.94655251777
104.5 178.475008150423
-118.3 -147.854929048745
-154.1 -137.634482380224
80.27 198.430734277416
-48.6 -85.7612474481226
90.44 174.227616399542
98.62 79.3058353892705
16.99 38.5280880147969
29.21 63.2685367413027
-105 -144.347406075509
52.55 91.3295713257198
11.4 85.2637403530811
-7.764 -20.6433279147267
-138.1 -150.632171931735
-128.9 -111.147050942373
1.532 -3.00275948159022
-156 -180.6149193571
-18.42 148.95871246946
-74.09 -77.4721114129033
141.2 177.417976090729
107.6 69.3385206110115
-86.7 -55.2152651508368
-141 -221.115157376926
2.524 -1.90394932206527
128.4 239.971163789839
53 50.582301940866
154 241.721777070317
33 18.2267135845643
-20.13 32.4082060480835
-23.03 -25.0009387480255
124.8 138.315121025094
-110.9 -112.513098388576
2.906 -20.0903236009851
-6.783 -47.5893568834657
-109.9 -120.495319371479
-116.1 -133.205453340571
143.9 74.0259098670075
47.3 71.5247267616223
-71.29 -104.841841515099
118.4 137.39918838508
-36.25 -73.4248728657375
-67.09 -28.571829624464
-3.927 -23.8493468272243
-33.07 -44.5346709272376
-144 -135.88828963405
1.977 0.851094461334934
139.3 137.82003093483
59.09 42.4097176518608
-19.03 -7.37669846724923
-111.5 -122.127700827936
-78.3 -16.3128016563733
-76.78 -64.1362158976008
51.31 88.6184514750384
66.87 71.7418156981797
-10.1 -53.0625407950781
-20.09 -50.1887454617557
106 124.648702362294
-147.9 -93.4133255295338
-28.27 6.13482979285312
-153 -184.676874814178
149.6 233.901708628176
76.42 126.426336966932
9.098 36.1150081270654
97.25 92.99642665672
20.25 31.0762421990718
92.62 162.468150796573
-74.39 -95.8694318614182
-44.91 -47.2816211229633
116.2 123.828513890346
156.7 226.482986844922
-66.74 -54.4546798681929
131.2 165.613984919961
126.2 112.903085039021
151.7 250.352780935456
145.4 223.192304826644
39.59 37.0817939514696
-29.01 -101.973017861727
-39.87 -67.2245982619832
-158.5 -108.69568036298
-144.9 -111.996346412931
-133.4 1054.59584764341
122.9 120.022503054759
-142.1 -157.764001723246
-2.076 8.98376158560443
10.95 -80.5083880211262
-38.12 -35.8858904353034
-132.7 -168.117966310044
-124.9 -125.09560936573
-93.34 -114.415283727305
-105.3 33.0945750070585
102.2 83.8404359608068
96.55 73.0413958769971
122.4 114.321885988586
66.86 69.5120760394602
-119.1 -168.065824379325
51.57 60.3135811058837
-30.02 -2.72563984306027
28.11 19.4436029124961
41.04 85.7462587553751
147.3 132.30652184315
-109.3 -196.067962692712
25.88 103.743869158355
107.8 96.3470298753883
-93.62 -52.9354128066087
53.06 78.6936797658025
29.45 -19.5082941008663
-102 -144.258423666547
122.8 206.327144212746
101.7 128.976764140518
64.24 1205.72769700367
86.25 101.494534192657
-5.086 -5.4083406959748
-41.97 -70.9272379920398
-20.41 -1664.44381184149
-92.27 -194.491140181986
71.51 -39.021429432116
149.9 91.428381209462
-17.99 -72.852215365703
73.5 72.3491621448661
-11.4 -1.73550439794786
-54.97 -57.3509646975685
-39.34 -97.8940491462914
61.57 61.2962579476421
19.35 16.8712755878813
-89.62 -114.586143701133
105.9 80.5389255969427
86.22 41.1391701783523
-9.648 -36.8383136188838
-115.5 -133.85908654937
-40.94 -83.1589118590769
147.8 190.718238285102
-95.35 -94.1345279372738
25.38 12.5265792960256
28.28 2.67218290021827
76.4 88.756562856306
-53.25 -138.195148309325
55.4 4.0731903071415
-50.54 -75.5093957787962
18.98 -9.68701338456451
92.18 88.130257390058
143.8 97.3172093999955
-66.56 -122.252537006068
-115.5 -80.8411511447159
46.45 58.8249876209892
-30.21 -39.4795291994019
-14.3 5.07731782934127
-21.66 1.46727617574995
94.39 207.247481542746
90.04 46.6137896227098
6.242 0.0343733284189738
-86.29 -61.4603232826447
25.48 -5.98641066178438
-17.83 -32.7761491972827
-60.14 -73.9152437046071
74.02 66.6771212712175
-45.21 -28.1701506281142
36.42 53.5163259652118
135.4 132.28239270578
0.4926 -6.14957325970752
99.41 128.477710398954
-138.2 -108.387626120204
81.22 83.5936287227896
79.14 135.016837356485
75.11 86.5757260185377
-16.43 -4.83521522465778
11.93 -19.122468507187
7.583 -13.1178834900417
55.12 99.5402136925149
77.22 98.8293331861007
-1.509 -0.652631011534362
82.01 142.553796889119
-15.86 -29.738738887729
33.43 -5.02963374474891
127.8 104.660504824696
-37.59 -79.0469659289325
105.4 101.710902529949
158.2 82.0020820703272
-117.4 -110.973287236742
80.81 46.043964607948
-3.298 24.1452528751921
40.76 49.2113652760069
31.6 63.9402410510438
116.8 131.750898202122
119.8 71.9070118112969
-97.35 -133.499931769998
-4.082 -7.52138792256369
151.3 152.769938523811
30.54 51.205126463062
-36.79 -52.8857222037217
146.9 120.21510908261
-79.81 26.3380098794729
142.5 210.222045962067
82.48 70.729242743004
-26.84 -42.1362993475726
-31.89 -98.1160308822055
-88.4 -85.7566404855408
130.1 79.8989676367345
-10.85 57.6641348768574
112.1 101.636253012846
-119.1 -120.589195698271
66.99 199.16155985898
-46.35 -56.8009713548486
117.5 114.463146936721
-88.08 -114.628363997221
-54.28 -95.925779892397
38.24 -33.8823227603677
12.87 -1.19497502090066
16.58 -34.2126302782877
102 110.710128500902
115.9 114.769072464945
-93.34 -109.632182865194
-119.2 -84.5383857564637
116.5 176.734315553743
110.4 119.055746598277
28.72 55.7524244313696
-45.97 -49.7122352379831
-8.266 25.9816223295557
-151.4 -195.018566721051
109.1 134.178692741428
-147.9 -213.658838538019
149.8 162.86233234653
5.991 18.5722056207194
132.1 145.826822876605
-101.3 -81.9630230044757
59.66 79.590826361026
-109.1 -149.184606188227
-45.57 -43.3437655152655
65.56 54.5561092451969
-44.59 -45.23017111568
11.98 57.7909079112212
11.62 42.5512511545352
-65.49 -83.390933966406
-60.62 -22.9980194049232
2.384 71.5599989604624
47.3 35.5820042718989
152.3 107.306142067446
144.6 241.17188247968
-137.4 -237.266455249912
132.6 182.786943125407
-16.36 1.43442010391895
135.4 92.5346098390171
11.86 14.014944817226
-38.08 -584.798743233167
-88.35 -83.3760759104245
47.16 18.8804660873484
-134.3 -208.724332455706
75.19 66.2605254290557
-76.22 -93.1049105337518
61.55 -0.744188509119251
39.96 42.4489515884515
-16.37 1.95154697099439
83.85 128.878458574116
24.44 52.1152945423551
27.35 -4.86700970752954
-17.67 -21.8264438607967
-109.2 -104.149058679401
-21.45 47.637592748043
-14.38 -15.6272592335435
-79.63 -2.93337746787739
-73.25 -70.7175452644164
1.936 3.81256416712906
37.87 34.2270195046377
-19.03 7.55748316984712
6.32 13.2631483799789
23.61 160.033226234015
-15.24 -43.1372532979609
85.11 84.8125252808884
-73.73 -128.715896914227
-59.13 -48.0733657586085
-76.7 -72.0515244938583
-144.3 -135.19653129758
-74.06 -161.134329366767
80.18 74.739905673148
13.37 56.4818642907727
-111.7 -140.31480488818
5.545 49.1533224222489
-116.9 -193.794608313761
-15.66 -0.714877280224008
149.2 117.657092608691
94.96 80.541454609129
-29.39 -42.1768943419576
-83.38 -44.0528611382647
72.86 66.3445514105162
122.4 135.772667246488
-5.056 19.8916708822244
151 145.425503214495
-42.33 -36.7974210392828
-157.2 -175.416046048995
154.1 116.881273064528
-93.69 -85.7043872344248
-13.35 -62.8264255225469
27.59 3.25977422265962
-135.1 -139.050572829418
115.3 129.285212142518
-70.01 -154.08933934521
-89.81 -11.2315266574097
-72.81 -99.7050365945693
-107 -102.119213192257
-83.48 -101.248740902894
-151 -246.438082327611
-64.88 -70.9165574554198
118.8 199.033730556753
-148.7 -161.101318772547
-154.7 -129.691635727068
121.1 131.617027949015
114.5 116.242884050587
-118 -100.24179822082
115.8 75.6994431314502
24.83 52.3717116388572
17.83 4.27901409235552
-27.36 -39.0706945026711
47.03 42.5760435270216
26.27 74.8975193493005
155.4 104.875349373256
65.21 64.280664040903
-94.88 -109.000233808493
-9.953 -9.88028228563577
-101.4 -75.8115702315652
25.49 51.4048688758086
32.32 12.6723835788498
20.83 0.128889756026394
33.19 47.7701192386479
136.3 143.285310652017
9.675 23.3916038060732
151.9 129.881277252858
125.1 141.083221348451
99.62 117.035890912116
-75.32 -46.5592265532621
-79.8 -99.9860341846361
40.53 62.531235967429
44.07 13.8847006600961
-145 -190.872466579919
2.817 -15.9373257366726
-35.51 -74.3812860383775
8.827 11.1573746695667
28.96 -4.56424965111321
89.46 86.8412729492757
-28.68 -1.72401697583995
98.25 151.77784699321
-83.99 -92.291222168481
-19.08 -55.4202247563953
147 211.385442394293
145.6 130.427238500679
-4.156 -51.6670688247124
75.76 85.3565000976661
-44.14 -79.6549549182993
-25.06 -54.5912045286401
-134.9 -94.6068782892316
95.9 165.874138153609
-95.65 -96.9605928927699
-53.01 -64.2446808678531
37.72 72.1040461232375
-1.715 -53.0293540048173
-23.51 -25.3810495139287
-57.34 -129.341511616077
99.99 97.7966477923784
25.54 36.5427765743834
19.09 -1.728291682614
130.3 116.854827943799
-130.9 -168.610322505448
128.8 109.821927139494
-66.74 -94.1180715679309
-3.271 -24.1427982878497
15.75 52.1910553108114
53.26 141.108000634489
63.75 80.7948780560747
107.9 49.4968782137995
85.44 7.26019806561444
-153.4 -132.305882489488
36.52 52.0173057344976
139.6 146.70274368595
30.07 25.6693877287065
54.41 60.188546366971
-2.165 -8.5354495488633
-45.94 -58.277359666562
-133.6 -196.556850657165
157.4 243.070437176577
114.6 62.3299875273656
113.9 55.0887959165011
32.53 -20.427052731504
-124.9 -152.44793929285
-49.91 -115.760919775371
-66.09 -97.8817055009084
3.167 51.9354111194927
-48.47 -21.5087189136109
31.87 -45.3689660661024
-155.4 -130.762740886467
4.68 15.4366937600999
-103.4 -160.322758664082
52.58 54.0053870711551
-28.24 -26.6189036653714
21.41 28.4512067573989
-44.33 -32.1507360576964
-31.52 -45.3546705468821
-126.4 -110.228463667181
7.042 59.3700475852084
108.3 81.3484020948148
-140.5 -154.656561180481
53.35 8.06159752025229
82.68 65.9364913484452
129.6 195.489586969563
50.55 40.307136957323
50.59 19.6417737229065
-44.61 0.403481122236826
156.6 120.335479577938
90.37 107.314094727403
100.2 127.370357958177
-3.68 35.2324558124989
-7.512 -25.853376652981
82.62 124.096616921733
-27.67 6.10350678474105
-4.961 -4.64368670604024
-137.5 -146.795741790213
130.4 177.841725111922
-6.296 -19.6872893484183
128.6 132.395620398465
-68.29 -161.681263012027
96.13 73.5486432967922
93.69 68.4649126335328
-120.5 -147.885848217861
147.3 160.702329208354
23.01 41.7513849374752
86.31 103.14359831361
78.22 33.8663996583722
-20.2 -47.6147426233505
116.3 137.267975722146
82.14 -228.173528935034
41.52 15.7527157603564
-112.4 -60.2729318748678
-6.639 -16.4292977986725
-32.21 12.8688712773881
144.2 116.905222913349
134.3 174.568537187998
105.4 111.225181654213
-77.72 -63.7140664210421
14.57 45.1574177567725
85.62 112.496594313941
-132.7 -122.492557342335
-131.6 -138.101030723704
-98.86 -110.281004711096
-74.11 -68.1984913557262
66.66 84.7191572168018
46.71 71.3054886807113
87.86 40.9711715868267
11.17 15.6677117386054
-88.23 -99.2933723847482
-66.79 -92.7150053645414
118.6 104.820900972853
86.07 91.9259044631962
-38.69 -71.5505532823395
144.1 145.492060616143
-28 14.6740141396392
-91.59 -138.131219680372
37.6 137.269543073448
0.8295 -30.2979895873627
-152 -247.956828615047
127.7 267.729852542746
150.2 169.663112664921
-40.82 24.799477445003
109.2 216.308539940932
-23.11 39.0447012861594
23.08 13.0114308063669
89.02 80.2632469036256
52.44 22.4999764519158
85.27 39.2552564559046
-99.98 -112.478198252759
-56.05 -24.8168144484619
130.5 98.9520787892977
137.9 130.447647883432
8.725 66.2742063996533
33.25 -3.25718091972204
128.9 154.397364831172
132.8 144.40853587611
-116.6 -125.421971131603
-149.6 -184.810274142967
-123.3 -183.949188083384
-15.59 5.2255826925265
118.5 73.6814713942486
36.03 12.8440316565585
-132.7 -184.343040461523
0.7664 -0.976832591489785
58.74 22.4439040448961
159.7 189.506317279968
-147.5 -10.5907926231463
-17.79 83.2064766918757
94.14 73.7731838240701
10.15 -19.7279260094493
63.35 107.457868273725
137 189.338330301925
-8.058 22.7720547716821
-101.6 -73.7533120880344
149.7 179.907005564829
-54.98 -156.391352121956
79.06 87.5855754644509
79.22 56.4823152421083
-0.2058 5.4179583202569
60.98 21.7051845939836
136.6 119.292605371082
-33.5 -16.1210332532067
125.8 263.474401011612
72.65 49.8946821038613
-24.6 1.07484505740442
-21.32 485.788909916319
-51.05 -92.5347467167546
-77.67 -88.195090491606
77.07 -76.7584690381432
-71.73 -75.4903008684638
102 47.4979341775226
20.79 8.36320815707228
-23.26 -32.0080724817569
137.8 110.80901317831
137.2 -476.352718172769
-146.3 -234.861138379439
55.4 17.3351616226246
89.12 69.7676586220057
92.58 103.119210367385
105.1 92.6102902615199
-23.93 -37.3469550021936
-69.54 -86.8751587529634
-63.79 -110.657928514895
-134.9 -122.595703864751
15.03 -37.2992837911615
80.04 168.678769646613
78.94 115.556476299042
84.22 128.081873525507
-89.42 -105.430904476964
87.66 154.335672387425
113.4 115.40040049051
-145.3 -191.891518591452
77.28 132.020784088354
112.5 123.119770372288
-102.3 -32.3678296601214
-12.84 -63.279918400905
53.24 32.7554594320589
-13.44 -56.645060216081
145.2 123.221562101583
-94.89 -114.549033185975
-62.62 -52.1021960787197
129.2 220.015527716672
-12.13 9.2456484609987
-78.21 -87.0324899489649
81.04 121.801285330309
97.17 129.74606584582
-15.01 14.655784117482
-81.57 -94.2817338236109
49.03 -18.7255255362239
67.44 78.4793370766007
-153.2 1193.47439422394
48.97 -4.07514276500554
17 24.4249809640139
73.35 118.597490623201
-10.72 -6.35775250479023
85.69 97.8226417137907
17.86 -73.9606931909029
-122.5 -129.035549145877
144.2 127.730872616912
88.96 64.0229508793166
136.3 202.743557820397
42.15 31.120718339044
87.28 33.3074516074897
101 131.665771017107
134.6 107.782623160677
55.78 62.5774737428748
137.4 0.197354159871391
26.9 65.8727532257743
40.85 20.1934353540247
21.83 1.56108372312157
63.7 45.5172787631929
-57.29 -9.32469846808364
-59.99 -70.0361899684441
57.22 80.5922642007689
-118.9 -141.646143660782
52.54 63.0068029040527
31 -27.6660768241449
144 93.0889982902637
-134.5 -125.674233317289
33.82 10.5258045418938
103.3 47.4516716636514
-129.5 -194.071601373836
15.64 -30.7424474893317
-153.9 -274.851358065479
-142.2 -153.187759843398
36.29 19.2664967662351
-41.25 -36.2062878942845
137.7 102.101027359846
130 198.191655073083
-139.2 -155.690502198926
-18.88 11.6335366877284
-7.476 7.06373189246943
120.6 167.761771122868
82.51 49.6215164106268
146.3 26.2591661156137
-72.75 -114.633834403484
115.1 167.358042332087
-57.46 -6.82190988057811
-35.22 -39.991723634237
48.78 49.8248237421524
-9.23 -47.9711134054618
83.45 131.339287408489
-93.68 -96.5746318559328
97.88 240.801184697193
-10.42 -38.5413299451951
121.2 152.081159725568
39.23 59.462292952891
118 121.024076221149
128 154.72073386099
34.82 79.9201915296208
45.86 61.1778621517077
-73.48 -58.4234948105345
12.39 25.7710628433294
-124.7 -89.9712844673507
42.59 36.3115213166907
-149.5 -228.003633390904
-80.75 -53.4654583479752
-2.036 -47.1813673236249
30.76 67.7603001360009
131.5 155.987578724986
102.1 98.4309550215492
27 34.0166694869446
-28.02 -35.062309824273
67.91 30.5376545656963
126.7 134.735161280435
20.23 10.6984280165033
-17.42 -45.3270699913465
-76.89 -19.2916833125239
97.25 76.5049052958804
124.3 108.941619376685
-82.36 -91.7683114779733
115.7 164.164432536533
-17.25 -90.3793641399852
-25.09 -32.9209487167422
-42.46 -43.4364358284966
86.01 94.1590347303149
112.8 519.133976642754
23.96 63.3963785685503
125.9 155.610190015162
117.9 62.9942332171686
42.1 26.6910023338443
-2.793 38.2067255296481
-97.58 -146.495065627543
-79.94 -82.412855513337
106.6 69.4512552415005
-98.95 -115.454680961258
-125.3 -147.225682375439
-24.21 -53.6739433725587
-119.6 -109.495849080886
144.9 175.043019162375
125.2 192.722947522993
44.96 40.7763108290769
150.8 390.330632228631
151.8 198.377874473238
-148.3 -99.451887085018
5.544 9.51848676149415
157.2 130.026696120383
-34.63 -42.8111017751334
2.756 -7.59462895357983
-53.84 -65.451821712005
98.23 104.928369586681
62.25 -22.5544694400136
-14.38 -56.2202273502192
-87.69 -82.4634274118355
16.56 21.9342683971154
84.2 202.243767092712
-145.6 -191.381138866575
31.37 34.7261904861703
-6.987 32.9104691066813
5.948 26.7822138523197
96.75 55.7457359246966
146.3 176.181856831753
20.52 -0.0664229625450959
-136.3 -134.991604168985
139.7 107.162849011452
40.07 32.0750141141061
-69.2 -47.9079187894327
124.6 167.490301468006
31.75 37.852948478387
-79.8 -19.1105686548405
19.6 31.8340580863433
-16.01 0.93451641310778
-91.39 -161.539367411462
111.8 113.581821412068
108 135.316797503599
-127.6 -131.483875510972
12.6 8.94883449287386
131.3 99.5767704962907
56.83 42.3190149543602
-34.49 -49.1355387083343
44.15 47.610232840217
-43.92 13.9662683076399
15.6 17.4367897294508
-126 -231.710550069015
151.2 141.674829252039
-64.73 -86.5956128226248
52.57 124.99694100747
-114.7 -16.9244579149716
-143.7 -131.403280679873
141 157.034213332427
-68.58 -123.532718645064
-53.55 -50.5303643811539
-24.41 -47.7717519317017
97.28 59.1097833250442
-136 -132.164763999075
-2.737 -34.7821633637296
78.1 69.3030627462664
73.33 106.544475685565
39.37 78.9050148350393
-144 -625.744443805115
136.8 157.337559001707
-70.32 -98.0935616081488
-45.69 -29.5080429846729
150.7 221.747071783614
-12.42 -19.4075550262981
-32.23 -35.5012336528965
-89.16 -89.1976620949307
-31.67 -34.3524764625897
-153 -239.625221540284
-61.52 -59.0967917040378
12.64 39.6604840871034
-16.35 -30.2087496847894
-25.77 -29.9357572524356
40.8 4.39921750339063
57.27 21.6863430836095
145.6 250.172645036937
-13.77 11.2431003002419
-86.35 -120.445020071081
97.04 78.8010582464583
-41.26 -9.04750062732133
-85.71 -92.046592355107
-33.93 11.4870202954322
63.28 56.1699022115545
-32.8 -31.69424447286
-26.97 -61.3602065006974
141.4 168.979446265476
101.1 86.0003156851497
-78.55 -59.1081512594801
100.7 25.1000237862083
104.1 91.8070021229955
-73.19 -84.2847597242019
-124.8 -87.4461175075434
125 104.689142785271
151.8 163.118014222174
-120.6 -187.34744613362
-10.79 -1.13429173324757
33.69 42.2809895213969
-140.7 -223.349925508538
0.6119 -12.7077128366646
154.3 189.435996403513
-69.22 -57.1984793312493
-76.43 -83.5302436257212
-154.1 -226.957400099018
109.7 83.4134434603893
84.63 90.75439345268
137.4 123.36984980821
87.03 60.2526492705893
153.4 138.440176760426
-56.46 -13.3192749611537
120 112.357609417878
87.15 128.487245144967
71.22 80.104073464166
62.8 49.3497494313155
116.6 139.509988891664
-87.31 -71.7519468865233
2.726 -4.95835925819119
143.6 177.927556183157
-97.17 -83.343821095575
17.15 3.03125676211773
14.72 19.3060351550369
152.2 397.402204781702
28.33 54.420449494835
21.03 72.6349109450021
-39.88 -32.8406238533555
66.48 69.7091157685324
-66.54 -92.4024335601283
-85.19 -88.5766606881106
-69.76 -15.8702168565249
94.67 85.5638217059275
-120.5 -194.400165094135
-36.04 -40.8570945607398
95.85 79.1964508192535
-114.6 -174.912497283728
-127.4 -163.842710833881
-146.3 -95.9540478517473
-122.4 -168.680795808454
-0.03227 -19.798800484535
110.7 148.365392023333
-28.07 -21.624959002135
148.1 143.725980823684
-44.11 -31.0337598650752
50.23 44.5746901935862
-152.3 -198.953177611121
-53.89 -50.8847972576206
51.5 31.4304436721662
-68.61 -66.4318868060656
68.77 70.4113220662551
-0.1386 -16.7171458626574
150.2 116.669788223584
94.45 80.9726063491002
74.78 104.291056586356
13.33 6.04470678328636
27.36 -48.2320780267437
-147.1 -216.078811671629
-15.53 -4.53509582089516
111.5 115.307521995655
65.82 225.08208349515
35.12 -6.90320265544294
82.84 87.0602105343102
-158.7 -184.202497205095
-24.8 -25.9411547920165
-90.9 -87.7228495743943
122.9 115.266648607294
-124 -165.065527479559
-24.61 -46.0049700226862
50.97 19.5631499966333
74.55 60.0006031139289
-144.4 -180.994604431109
93.88 -25.9272112321363
125.6 267.388555689931
98.98 113.159954256704
87.5 85.1717694190898
4.157 46.1789160795935
43.84 44.0081825741342
141.1 145.829340593988
53.03 7.10923243689418
91.47 153.226444939421
70.22 46.6670221842411
-33.5 -48.9679681958669
67.81 67.0830983528018
-82.02 -77.3198482081894
-129.9 -163.069625109004
-111.3 -96.5998471870799
-115.6 -118.109571371102
-8.411 4.85096253504782
-79.72 -86.449794269857
-8.252 29.9108799900913
-50.23 -69.8647922592956
40.67 14.1344495913113
75.43 108.933879255444
-76.94 -170.352818822177
7.592 7.27240681494791
-131.7 -157.028048684192
-134.9 -212.148857562348
-117.1 -122.771795841442
13.74 6.12575110631584
-147.3 -230.938399562828
10.02 -8.75496915578151
49.34 75.3226873211536
65.92 158.066555096426
-152.4 -258.124037433673
-14.58 -35.5014319740309
126.5 175.380659485807
58.79 97.8507415281822
146.9 97.8343623177096
-20.26 -203.620610934749
2.617 15.8093120844689
-116.9 -78.477080620391
-32.8 -35.4913761146162
-39.14 -88.9922077139689
40.7 26.1553141192212
88.56 97.822440015731
-31.65 -41.7573138959043
81.6 185.474716646422
-23.01 3.68526409169857
112.3 108.398183880277
5.597 -44.5158683146771
145.9 244.907485219646
128.1 188.871842900655
133.9 94.1095632792478
89.93 96.8031663486954
-152.9 -126.301979930375
-34.68 -72.4710617699739
18.8 50.8051012257681
-159.9 -143.748925156903
-42.07 -92.6883366247214
155.7 157.814025945996
44.72 40.6714049737073
132.6 127.152944199753
-128.1 -164.229916492792
131.7 163.345301444569
45.05 84.1137604874159
-92.5 -104.774292792447
-130.1 -97.5196453564119
17.54 -49.1464667539733
97.76 103.681475763046
-40.79 -65.0710630896339
29.38 22.8103363196256
-40.16 -25.014920055596
-93.68 -102.621772372655
112.4 145.635720411032
-41.65 -58.2297844872662
-113.4 -158.576937459344
-144.9 -150.140376964173
148.1 161.413751780158
118.9 121.994525021461
75.66 93.6083799327259
-18.08 -27.6401632193051
-43.71 -57.3243264723157
14.46 47.3206600939871
-115.1 -123.616333914885
-67.22 -110.168842462719
26.94 248.408166159604
119.2 168.718236458126
-46.98 -32.9686302780323
9.108 29.7394336893883
68.52 82.9400793452067
-66.11 -93.2421545312403
-28.17 -13.5127995635834
82.19 97.6249470862163
-44.81 -83.616745663868
20.71 2.54525695965502
-16.77 -12.3420163334718
-157 -120.106840653047
-113.5 -85.7502804017413
-46.9 -13.9013938630766
-68.87 -26.3210244674202
88.48 63.2312678609657
144.1 201.338498834972
-155.6 -176.159661761838
18.22 3.4718957916471
-85.17 -66.653249072544
127.3 120.754773005619
143.9 166.835570576999
-38.09 -60.7796536322754
152.2 109.211777943883
-157.8 -135.446521300633
110.3 148.014954586268
-7.145 -2.6979901062089
7.961 -26.9349774726532
-87 -130.053559476118
115.1 107.082003000462
115.5 220.804021935093
-110 -149.379164626777
108.6 121.053682632154
150.3 265.226086939396
68.53 75.9805364390577
66.92 201.151944567281
-13.58 -43.4719433425408
5.719 16.0613506670391
-111.1 -93.7088723750697
-148.3 -196.130401338779
-123.7 -83.5481209006171
-21.11 -21.5679491305219
-66.19 -56.4605469433063
-29.52 -49.7178832755378
45.91 12.1876749646807
-12.98 457.236217580199
-102.5 -209.533574600189
135.5 164.865331121851
-145.9 -115.718304170793
-22.67 -96.9331564316
-59.12 -127.262067486681
99.92 176.33640937804
40.11 26.5745128219825
-4.322 42.0214317821837
135.3 101.431138666156
81.23 -509.053473087175
115.3 170.322105950518
51.87 44.632050647315
-23.93 -38.8977505165648
-131.8 -112.026982026836
143.4 180.187627371291
43.48 60.7991474945398
118.3 115.447841332297
49.73 49.8842204936495
113.2 185.217121308046
-84.85 -143.315267689496
-78.93 -212.955191257638
85.16 117.599783412822
19.81 71.6912384568674
128.3 182.939271760427
53 55.2636478610382
118.8 117.819421693683
-117 -33.0146000576063
140.5 192.698721045651
-93.06 -42.9979058081077
30.22 60.1372278841735
63.49 77.2870643735419
-5.795 -85.9398995438002
-86.42 -93.9170809614068
159.8 164.271974290055
-127 -86.0378050168544
-57.84 -54.3094879286277
-21.37 -44.1499852453098
87.6 91.8264666159937
137.3 134.443717764433
-106.1 -117.871477495587
-4.442 138.239180388875
56.06 58.3297370683388
-0.004604 -14.7153745401185
108.1 90.1949888484264
-25.44 -45.9563086538297
-10.77 -16.5013919549681
125.4 214.597707275501
-41.27 -72.5508254707277
49.75 9.7416488257091
-24.45 -41.5365632692145
86.89 104.873106290421
-128.6 -207.279539059229
-116.7 -116.155157149359
-147.3 -118.052763871641
37.05 33.821180916458
-129.9 -199.628326243481
-120 -91.8614581746999
-131.3 -184.554717942416
-2.28 46.5765724069373
-116.9 -125.090444291043
140 180.76117165761
152 187.121209606168
-144.6 -131.71365877375
31.9 16.3854927656312
56.7 88.871733023314
-159.8 -162.005677433597
78.87 69.6333551762029
-65.23 -72.7361213012273
84.64 43.5631888221462
65.78 57.4976364289767
-150.2 -94.1620775116033
132.3 84.1201082011765
-118.8 -134.865100248085
88.57 84.8287265567802
6.355 -1.77853328586857
98.99 100.466143616462
-86.22 -108.705430574705
-149.7 -160.539279684169
-143 -108.865766720979
41.4 21.3856934193862
13.8 31.5310258605737
-138.3 -191.412299735
139.6 171.182137013814
-141.9 -152.398006732451
145.8 101.572689584591
-106.8 -133.405045518053
-120 -112.30867538389
40.64 27.637782097029
152.6 157.698184988421
-57.58 -145.561234865227
-123.7 -208.405132228685
76.68 56.8658599241942
67.53 60.107510676892
59.72 93.4815218565266
-99.08 -161.1815012997
-117.1 -26.9434849836938
120 145.04405056248
-0.8346 -105.10814060452
-68.31 -97.3525336779153
117.5 208.881122853101
-134.4 -135.142127262862
112 92.8491645175958
85.88 53.5729246390952
87.8 54.056183252206
40.73 55.5722589201734
-110.2 -108.376914585933
-116.5 -106.123061550402
106 67.6503097581843
89.61 177.066060002018
136.9 144.020581534144
98.15 176.991685012969
-149.2 -164.40372936252
-63.21 -49.354690748159
-61.4 -42.2510811157844
-94.16 -42.3761290113333
-23.09 41.8714663356556
-94.31 -93.5910518548732
152.5 198.061828778693
-125.4 -134.675892028799
-138.3 -62.249027403744
-118.4 -95.850316393894
126.9 146.097238390316
-121.2 -140.438145374858
-27.35 -59.5839676007184
-60.25 -100.344018185466
-32.75 -14.8199212428216
2.801 24.6026554840824
110.2 110.748054343138
-159 -177.973747681096
-155.2 -112.930328024217
125.5 182.784705746575
-8.711 -44.9726941343059
-37.44 -50.8026576195605
60.21 69.9841551334825
52.76 61.215955070455
-6.284 6.37333131230344
123.1 130.256229087046
73.15 125.922287788678
89.62 130.844854652324
-130.8 -1940.26193498614
-139.6 -123.894671089457
122.1 113.32445582007
75.49 49.2220901792517
-63.64 -113.871207202268
-129.1 -152.483872498707
44.57 68.2377640405755
-62.33 -60.4401973097888
-129.7 -178.518667653845
140.2 159.460019051589
-68.4 -64.2155826476585
31.08 68.8260414089795
129.7 169.661892264307
0.4245 7.01334093959449
39.3 107.223137043928
95.32 80.4355035897504
-36.16 -38.9992865262395
79.7 77.9091217383276
57.55 90.1481548988004
-23.05 -16.7290182941862
4.969 -17.1644851610404
-141.2 -110.365350650898
-14.37 -7.47327353323266
76.86 85.1405136464469
69.34 88.0378172875516
50.94 -1.38293371661547
-19.73 1.59471626518479
-105.8 -99.4516836190598
28.71 -26.9804551830284
114 152.218256413101
-34.08 -42.4891211389674
-156.8 -142.089531372647
133 320.30425674743
123.6 113.663856733822
-60.89 -118.641336326177
89.81 98.4920416040218
-61.58 -87.7951841103862
37 24.5373631010735
-148.3 -234.217406269842
140.1 71.9431368727311
-58.73 -45.6124836581248
69.88 55.1003306889298
89.18 121.108560777983
133.2 215.12006498442
-58.15 -64.162840019846
123.5 118.837450937003
-132.5 -134.192109986264
35.69 -29.7182001019515
-14.8 -2.72243150738207
-98.39 -148.225912813315
72.93 84.9353032063694
-139.2 -109.669802030027
26.8 31.7562643545224
-38.37 -50.6143363714831
-40.17 -123.69188900539
24.48 89.838008350849
59.27 47.3868387515475
-114.4 -87.7032177926833
23.74 21.7974426011681
155.9 151.848962510459
46.91 66.3057979871012
-22.39 -13.2711291604675
26.98 -1.35631859407981
-59.8 -74.6716355663866
-85.56 -20.0209560714187
9.726 16.6518053147361
158.7 162.804618675642
136.9 120.114674146874
-36.31 -28.3346900277621
-76.36 -116.672311402018
-78.5 -133.297953771492
57.41 17.4320905574195
116.5 86.493989848354
-120 -108.34058713458
94.41 249.313552766056
-55.77 -93.3434802299666
-89.08 -86.0756907970526
95.38 190.541115101731
60.97 14.8661117123771
23.82 57.2150646027579
-128.8 -104.112074959483
113.6 58.5815932754369
140.8 176.776492410554
88.8 89.7520507432789
70.43 83.5825006444509
100 77.2110487919732
-1.047 -36.69132028534
-18.81 -1.79377552220122
119.9 171.804341131219
53.85 76.1830758202242
-19.98 -33.3171584838632
13.3 -40.6031105919672
156 206.989314047683
-112 -24.6106072716422
84.42 23.7491971405642
-33.19 -13.2729494617882
-125.9 -201.277673180572
-133.4 -191.477696956342
-131.4 -121.131801259828
-144.7 -143.087393418425
59.26 94.0310690535267
108 75.7421326874878
-36.01 -101.112802531868
-138.4 -110.442270839763
77.23 56.9616039154674
97.13 78.1018679543278
39.88 -15.987188911902
8.656 -13.1667261256412
-107.9 -203.868468948925
29.92 -0.548074417387578
-150.3 -173.148518949757
146.7 133.236602137132
-113.8 -150.522009789289
-96.39 -80.9955661959882
105.6 100.649329040694
-58.88 -85.9688613799292
-76.94 -74.2592510970699
70.04 21.8548795522605
44.4 42.6585536774653
-9.132 -24.903744591374
125.7 91.3064283450827
-38.84 -28.9924989650812
118.7 326.06978086471
-26.11 -19.8350847423401
-62.31 -114.998575037611
-60 -41.3964862785708
37.97 26.8075357562834
-64.95 -50.2503188330742
-1.686 -19.1630862387486
-102.2 -94.7589995237
91.28 114.817322780766
-135.2 -181.804273567295
-110.4 -99.6888911243088
-78.31 -24.5100410641692
-68.81 -43.2584612685021
-20.55 -34.8135014814299
37.74 43.2763607607622
83.84 226.116086234391
-31.66 -51.567172175339
-36.02 -41.535043614793
89.8 56.8286462059516
-5.292 -44.1216744248585
-57.68 -96.4055442628159
130.3 142.189686368179
-49.09 -30.5644933161592
-105.5 -119.681249178689
-113.5 -95.5328953498274
125.5 135.219508482039
-113.6 -143.008169272214
-54.43 -40.1987340894776
-113.2 -124.47304159106
-98.29 -29.7436399715749
-11.65 -38.7751345901814
-81.43 -13.9983228432248
50.21 92.480357693406
126 148.240360223543
-146 -237.692480413048
-91.37 -132.529047922624
135 114.213111816376
149.9 205.808547755643
97.93 113.237634502254
56.43 36.5390689452556
45.56 10.4250743829983
143.7 150.690111361482
81.41 63.373813449755
-31.67 -29.7356106583016
95.17 151.070209663057
60.96 71.8067129344053
-98.09 -86.2106200509088
-38.66 19.5687817681238
19.26 -18.7531662358318
71.06 28.5863614450116
-41.71 -46.9339403381829
98.33 104.857674229878
142.9 95.4229046354985
154.3 161.840714999616
-117.3 -138.486366201823
53.32 70.4972142422077
-6.554 37.3309476167524
-67.69 -52.5847298972176
-59.69 -64.131296628033
-141.3 -143.065657635914
50.92 43.6279873964493
-116.6 -139.117446086998
141 117.839181684287
-83.46 -81.9297767670684
-93.7 -121.084485112307
78.3 41.1247875026796
14.9 -30.223432487336
86.57 84.0331815481152
51.57 32.8620878571262
106 126.002951589904
-67.92 -119.538356817591
-30.77 -52.6092086228931
-154.7 -97.2828152327585
130.9 187.425120494292
1.605 -38.8102039823852
-16.68 -46.8072648849625
83.5 100.252116180291
-53.89 -209.692893177876
134.6 160.568936066119
29.36 10.6222022884002
153.1 118.633248579734
151.1 232.852632370534
-144.1 -191.1455691925
-88.06 -58.8418001329412
-5.454 -3.25190775526749
144.5 151.171818018021
131 173.174759179146
147.2 198.765098843138
16.29 32.3877913312184
-25.95 -26.1599236809167
38.39 37.3831463293882
-29.69 1.14898676822694
154.5 360.115372461097
19.89 -18.3317340079727
62.36 27.0425420595235
-106.6 -121.329062682633
-47.03 -57.8003239424972
-154.6 -215.367471767403
-85.58 -98.1177685239299
-46.2 -87.5688861181253
121.2 116.514888615333
2.176 -35.6411066695647
28.87 7.78966695767073
-15.05 -22.1131979406297
-57.12 -19.0505815708761
-47.46 -8.39712768023094
93.88 89.0329394107802
144.9 159.220510007603
45.12 26.335342730833
20.86 21.5482340887144
143.4 117.590353588002
135.4 123.642361024474
12.47 -27.4973028818107
111.8 243.781038404262
6.362 -28.6339750292957
-11.1 49.2404045163788
130 109.919402622637
-72.54 -115.484996624885
67.8 43.6647529277071
47.3 69.5034514029699
40.91 22.9760066270946
-3.473 -14.8432654285022
-17.32 -15.2253623278458
84.1 118.922062782639
93.02 101.358686948905
-107.9 -130.414379767975
-19.39 -35.3777745598277
-18.14 -72.4548091548566
-57.75 -64.3285599904541
109.9 116.933867142254
-20.77 -22.1644827926645
-15.72 -18.9745577918934
86.2 141.977940092551
78.93 48.4376211712881
-89.9 -79.9379744635125
-41.62 -70.3222318999704
-27.8 -11.6670352137215
64.04 77.3809898592457
-158.6 -230.336356977025
121.2 137.160338395036
135.1 107.716593078043
150.6 163.547560527588
126.8 54.0717173317198
-108.6 -172.911410258276
60.01 57.0410491750314
104.9 62.7162534482079
-68.53 -125.099195240618
105.9 83.7905586548837
94 115.521061129623
74.48 86.9161109894818
-54.05 -43.1584519145593
14.47 42.2385932010196
82.88 70.6102718735425
18.33 14.2685128874357
-157.7 -135.690183189544
-64.35 -37.5101501591029
-46.25 -24.5506307942334
-19.97 -17.289628937038
7.201 -1.90523443491574
-103.6 -17.516151491683
-78.9 -103.96554837415
113.4 166.112790276354
100.4 97.4011000752687
124 230.419284187239
-43.24 -54.6935153005692
91.91 63.5046382465321
-29.21 -74.4409648522573
-25.98 -25.9651618913548
38.2 70.5188280393447
8.254 -3.83457684036871
82.22 106.817983140815
134.8 161.876270144297
-14.25 -24.99999274118
-91.07 -102.785572734225
-93.36 -87.234857298229
88.95 -8.91082932688372
-150.8 -216.376735586641
119.9 74.8027601546556
144.9 236.01614062704
-0.02893 -3.45048349163324
-17.93 -53.6351938578507
28.31 -13.6560174690216
136.2 94.2360463279356
-30.7 -11.9096384839595
2.415 -58.9650233184879
96.48 67.25455960357
-112.9 37.7786210963814
-74.15 -129.711228376985
106.8 119.240105424252
31.49 13.5060772408375
85.37 85.1646873972417
-96.09 -141.91192262224
44.06 20.622733789383
-30.42 -23.9329666696774
147.1 213.507467053394
-40.83 -13.2753971392788
32.32 27.2017900245342
117.4 62.8276993297469
111.7 177.535167860825
113.5 83.8607822411881
-57.14 -98.4135285290085
-66.77 -117.883003729379
113.1 119.085656626817
68.76 -5.90154507744508
81.48 115.176318591553
118.6 110.873980443803
9.215 -15.4364258796075
-29.27 -25.9948904145397
136.8 139.999945114747
12.8 -1.63465257185807
-68.3 -66.6136846920308
-155.6 -260.588621909645
103.3 123.653197950324
15.02 -10.5205375630854
-139 -133.063479801513
22.89 22.7266441705673
110 117.858578096318
89.73 86.9519727372963
-45.76 11.1795288009878
19.38 19.9078661459134
73.16 53.4029736857962
121.1 96.8179125408893
-83.9 -81.9051984590136
90 86.7516716364074
-116.1 -131.417950837546
-24.2 -73.5301306350315
-21.08 -40.2177100946012
130.8 199.447978295305
159.6 178.398978678282
-111.1 -125.45781364403
117.5 179.837798573136
-155.6 -93.8743553917628
-23.75 -28.8011495324012
-29.32 -56.1981279984851
-93.75 -66.8820212024132
28.81 21.6757100854655
-32.09 -87.5358355074046
88.99 85.62450434263
155.5 169.057867735819
-80.42 -141.82446392029
142.7 160.187984854061
138.4 165.076629324163
-149.6 -226.70528784151
54.84 -1.71763171308777
37.88 23.8509400533682
-67.15 -104.409191962184
-19.66 -25.0276389204555
9.634 2.79546990418176
-33.05 12.0097068156556
-53.62 -33.6052303899259
18.63 39.7644476594489
-74.48 -123.586258608284
11.84 1.69063663867854
-119.8 -84.5623245139602
84.57 64.8158748397996
8.011 41.0107200756821
159.4 155.833804528894
46.77 14.9024040106165
-33.71 -31.7576249831728
-91.52 -70.6373853048587
40.67 34.4812410801467
-83.26 -124.630517015824
-45.69 -19.9054235315508
-116 -86.7470341899184
-69.82 -65.6588706863714
-93.07 -219.667372293662
159.9 228.246166045024
-68.4 -49.037081468314
-157.3 -170.089979216912
-62.43 -0.132897533542277
-14.21 -11.7643655891792
42.54 50.1409978976567
-65.6 -23.2817905834628
31.1 24.8335553239152
114.3 134.032462851095
65.1 111.418851674911
10.35 14.2239371611467
8.985 5.43091921168628
-33.76 -47.8141684930069
-45.85 -60.9704931394896
-106.5 -95.9431482244138
-138.7 -116.145169601353
87.98 70.622075886942
-17.09 -16.6537408029429
-149 -224.250375030463
-34.72 -45.5417040425386
95.02 73.8277309506141
8.546 57.3666311967647
-62.59 -140.30287506631
51.01 104.025548503757
154.9 170.906329157276
-45.91 -45.3007057617003
-95.63 -13.034694928602
-65.22 -90.8362311019965
-19.82 8.03087281995081
2.381 3.46849206190526
135.6 145.441055825301
33.5 21.5911509291658
120.6 99.6002609797427
-39.28 -59.587479678864
-54.69 -21.1844943847377
-16.03 13.0834059197369
152.6 169.295559588992
-94.79 -110.770324059908
-102.7 -91.3951843081286
56.58 117.582058201255
-138.2 -177.80933948483
-18.62 -38.4974412650772
-11.5 -5.8371413235328
-91.96 -109.784430637522
47.94 71.90906038187
-64.52 -91.8242380880627
48.25 43.219974143598
3.418 -11.6553106617323
-21.46 -89.8086224924946
97.84 66.5898220175054
-62.92 -78.9218014578785
63.37 76.8384237464861
-26.28 -42.0532541543344
75.19 -9.85168032918344
93.33 77.0599708128231
151.4 109.261140812511
115.9 110.474460107986
15.5 -35.3587622673058
-102.5 -141.342388535135
111.3 122.612942024292
95.42 99.4668879316532
75.02 72.1044933298029
124.5 112.225020527638
57.8 -480.436306514483
80.41 144.799926346902
-20.39 0.344345972491125
-5.788 -65.6567835967903
86.88 87.444237058037
-78.79 -135.878160844914
-62.8 -63.5604493026626
-48.45 -27.972524025769
-132.5 -116.562380353419
59.38 53.2117718914806
0.1226 -36.2533351336082
-122.7 -193.962185061507
-9.631 -10.483411871346
142.5 142.234947498918
11.32 -20.5055857766485
93.12 100.856020299397
-146.1 -215.965078878115
97.4 156.421897375649
33.33 66.5626572429808
-13.18 25.1787933240246
108.8 138.553295793746
-38.02 -51.455824824011
40.28 -4.57549087776691
38.31 -11.1810738366678
-46 -29.8604122088739
98.75 90.4035618780442
158.7 186.2842602179
-37.95 -87.7343609320548
133.5 110.953807296319
78.19 78.6651706326377
-108.8 -101.723199876594
-34.42 -28.5707234375542
23.02 -42.2530331882096
-136.2 -96.0400008532894
69.57 99.0941750349211
101 85.0398663384743
22.69 478.915693542225
-51.27 -77.5992006312474
117.7 102.477436957904
-129.7 -86.1349012240952
144.7 123.107917595647
-141.3 -212.130374361109
141.2 104.505441011961
-1.334 -27.7260706946924
50.69 77.2351865054785
72.29 147.883426363417
-65.61 -85.3127642627755
99.07 114.24597786959
135.9 128.302211444188
-4.149 -24.6887765074278
-87.28 -178.271958584895
26.21 32.0548401412535
-99.54 -90.2709857812045
-87.55 -86.1962592275043
-1.385 23.2751142067528
-84.63 -138.062188766446
-138 -130.13820502493
154.7 151.499310423789
144.4 132.556214913992
-93.34 -45.9813919825459
8.685 19.5748213393805
-146 -140.320774291839
-52.31 -2.62889771462702
30.6 51.5964713700228
-44.3 -67.6663745874844
-93.89 -194.570378869046
42.88 42.2663036987978
76.59 113.784199914632
-2.142 -0.166557488477193
-71.43 -99.2089374552961
139.3 182.800823290768
45.23 103.573592846975
140.2 151.782371904211
-15.56 9.99647038871077
99.75 89.5486781884331
23.85 51.1582700853264
-121.6 -161.797643237825
6.656 9.82766087888082
140.5 176.316810899317
-58.77 -18.588243487605
-156.2 -179.779414639388
-20.82 -11.2170579501246
-137 -133.786603631221
-32.81 -79.1578944846665
-40.16 -57.4389866430264
-136.2 -110.373277167299
-41.19 11.3153225704524
-13.16 46.1881407241248
98.33 66.4319620403243
-46.32 -11.7363589827418
-18.01 -26.8515347703268
-83.93 -161.066973106598
46.67 91.750587802864
-99.06 -103.144839854802
95.24 72.4581283894268
97.93 77.0288278580705
65.56 55.5316179274698
156.3 161.54253114725
103.9 88.0135123197056
-12.39 11.5169024250366
-134.1 -200.089111324005
136.8 116.148184808744
-93.79 -70.3559717118339
25.68 28.6306527942822
-101.5 -132.639873860021
-159.6 -224.122245413831
89.85 68.5821461968301
-66.78 -83.2700300691087
-64.67 -75.863808509508
-94.28 -86.0050268555019
54.68 -18.2817192344508
136.2 108.930975877453
-133.2 -215.67676054538
-24.07 -35.3550830109496
9.026 14.3332745397078
41.07 11.8176297795013
28.57 17.2328885844642
-20.18 -63.5508038646997
-101.9 -103.192399903338
-3.108 -10.5859576100296
-100.1 -27.2182649487427
-17.64 -75.2532420786405
-83.74 -56.2535806168707
71 55.3965231015497
-137.2 -152.994878903503
20.94 -27.3828652298671
-121.9 -167.331863031423
51.92 6.71717223852231
-59.98 -66.1118459507077
4.183 29.2130267316667
-132.2 -86.83633312297
22.88 -29.8310935096408
-150.5 -127.328629537548
85.4 42.8439912494087
76.88 458.157015418223
14.66 -26.6057510708158
-15.29 -33.1609761709855
17.44 -17.7198589327326
-12.09 -27.739294138541
-153.6 -134.207691211184
103.1 123.127966859655
12.42 33.8678814427735
-38.84 178.913063912706
138.1 208.336127199139
-29.63 -33.4218167712019
128.3 112.170021805971
-48.99 98.7137364917063
-129.2 -185.140952501754
-57.57 -51.5446533477496
-66.68 -96.1621755055542
151.9 123.301787844413
-34.31 -50.8397606828327
-107.4 -178.955681714776
-16.39 -51.719058146251
50.97 66.2843094160088
-70.17 -61.5927066872333
11.59 -81.9702150929621
-73.46 -92.3401069011632
-61.45 -53.7587836969894
107.1 115.810372294462
-46.86 -58.5887309796989
4.352 23.9225774271484
-97.59 -138.147357210818
-22.52 -37.5576887478187
16.74 31.8131400421373
24.87 50.4881311725373
-120.1 -112.243610030794
-67.58 -58.3415173583672
22.27 -21.7301370852937
94.16 140.443842963598
-68.71 -58.0341789036785
-113.8 -62.6084328667058
91.28 64.4668044977212
153 163.796108758335
-48.19 -36.4574875122093
-96.91 -99.8368866413958
-94.16 -117.683137815758
-148 -225.555631095308
122 74.8997005932823
-114.7 -85.8805306623108
-2.98 -59.390341064117
12.27 30.794838969833
-57.17 -78.311980469663
26.26 -12.8920133017542
-62.95 -111.535261212904
155.3 251.346065380555
-19.84 -243.764506048688
-5.08 -13.7509255600045
32.97 -9.00203602628996
-143.9 -71.2788246768329
-9.24 10.9288986727193
63.34 142.046789052118
-29.04 -73.6852298745317
-79.13 -119.809193910401
21.48 9.92318781384251
19.27 -39.0000984245743
-107.9 -93.4475462446701
-88.09 -113.835545705632
-15.26 36.7735362372237
49.9 8.92112007725966
-153.8 -183.843763324062
-74.72 -79.630244388047
-108.3 -99.4559456945727
145.7 168.104114477733
133.7 137.496921024337
107.3 75.2635935577199
111.4 92.4589414270724
152.7 179.905627151145
17 21.6701868505942
71.66 -74.3663052025727
-69.47 -78.2638260899264
52.47 -87.3676919696442
119.6 100.364079959118
95.87 120.891714195944
61.89 37.9052970999239
-25.05 -16.3203146973651
-14.36 -27.9185692735711
15.68 -19.0266782505176
62 101.452388710581
23.89 65.7308990685191
-60.68 -77.628078936225
-91.12 -71.4447278884591
35.91 69.1491219240296
-65.58 -50.3634360807797
4.328 -25.1524187572388
-92.74 -53.0797947622913
141.6 151.601523444025
20.01 25.0599851183539
153 107.031646199168
-32.33 -17.0857695482128
77.58 95.462656816374
48.45 78.1083390868851
7.033 -2.46466895612275
37.09 38.6734480741489
-73.62 -129.549401817793
65.5 132.592220121359
-37.38 -79.5806566150217
-20.33 12.6999987684858
-145 -149.190260769834
-155.1 -115.076642905396
69.75 73.5689335065727
-139.4 -89.391152045752
144.9 191.943218480331
-114.4 -103.046415481678
-62.28 -99.1169143609112
126.5 100.703792868617
-159.4 -220.407192684378
68.78 56.0465570550451
73.62 74.8724890313052
-90.21 -92.7396322444709
51.84 64.7946639093373
58.53 42.9626977539472
14.11 45.702903099634
-96.67 -78.3332009697879
73.79 87.6427832958461
99.81 97.4067225407249
-113.4 -85.9482217704373
45.29 2.42740654676805
74.54 106.221533035047
-27.14 8.75332524801614
-111.5 -192.009759932617
-94.6 -146.704060863887
-36.76 -12.4514524820532
71.66 84.2885142063364
-111.6 -196.435904914322
-125.7 -129.09244674749
98.88 56.4222176753622
-67.25 -19.2530831407814
-89.96 -60.7416430082656
-97.95 -90.6149146202204
138.3 241.610968321665
-39.01 -51.9627438722203
-138.3 -114.897342443787
67.79 76.7739648338362
145.2 171.802591626524
53.49 49.4047718876154
71.18 54.2579639713116
-144.3 -132.277435762866
-135.5 -102.058973720808
-114.4 -135.230364384809
119.1 196.642363822172
41 31.0745078276743
-35.02 138.552256508797
-69.25 -69.2481568784809
110.4 160.410657040654
6.75 17.4014980200557
10.03 9.28653693689125
-36.39 -26.9689293675367
-111.9 -120.081999917276
-15.96 -38.3294916189025
