-4.053 -10.9231974921327
108.5 81.3121055159433
-17.62 -283.182682614136
153.3 100.54297310353
30.51 -14.3970039786243
70.17 74.10357121486
152.2 180.450867383828
135.4 120.933857849777
11.19 753.00502811531
149.3 215.233621313626
-155.9 -77.3132428787674
-113.2 -161.752896121407
72.55 33.6916686052482
-153.1 -80.4136955545989
-126.4 -59.5043101112338
65.63 85.3645855244198
44.47 62.1089292113345
155.7 144.579755569
-118.8 -184.50174694507
80.32 70.8630790834264
92.05 145.443045754245
-113.6 -180.04381991036
-67.45 -121.776777427681
-124.7 -201.50537955613
-74.61 172.164785654939
-86.63 -73.3688240627709
-53.06 -42.002826649134
36.75 -12.9918586848308
95.28 75.7032280504967
-77.21 -109.504227860198
-15.54 -121.255238072443
-19.23 11.0699387929758
-2.65 -12.5253229871859
70.25 72.2486103794224
94.55 -3.51388543292854
-40.35 -37.9014338635714
6.94 30.5135714241559
-150.3 -136.858611930072
-121.2 -329.652001010484
3.567 -28.9070653535928
67.43 52.8674526314057
144.3 206.494081454202
-123.7 -187.344800462715
45.17 51.0185690334606
77.76 66.0007189391838
-48.54 -55.5221246744634
65.85 97.5907621547598
118 174.153598044068
51.1 18.0519541812584
116.5 183.202710105988
83.3 122.855813743703
-41.02 -44.7212364240709
1.411 27.4981099947648
-48.87 -133.966148859298
-127.4 -276.523656675343
-24.92 -85.2111330640057
86.73 102.442452720996
100.7 155.241162309357
-110.4 -102.618621258064
21.57 23.7920216051296
-157 -121.425063264668
109.8 51.6545142460766
-80.97 -1380.4280904987
-10.7 -50.5265421456044
-156.3 -172.066637597749
-4.763 -34.0858461430626
44.46 -4.42576674775231
-117.8 -99.1070919150646
20.92 40.4870227479061
-32.35 -12.3841866398226
112.2 69.3058220365543
28.03 -54.4009659650064
68.3 111.33817510156
31.31 39.0706757351561
41.8 25.5152091525584
63.13 50.5729410752287
-73.23 883.736258552427
-25.61 6.10628169687661
-138.1 -166.901532620269
-30.94 -118.952095464269
-23.77 -16.8789374359448
139.9 158.039801781001
-35.23 90.6219545870237
-57.46 -69.4883515867889
-36.63 -38.3472162167002
-15.41 -69.488714682577
-71.75 -114.364205004498
41.15 45.1943585298912
6.284 12.0240139816299
66.2 127.631285181875
99.5 114.710265318614
-30.36 -44.0509823330562
3.152 -52.4789482619679
1.859 30.267984396431
-90.35 -77.5594492153148
128.5 145.733974030405
129.6 85.7797658099986
90.18 71.5928326971609
-44.52 -38.273876358541
-15.23 -28.9017560125916
81.34 -18.7623160049091
89.83 96.967427466558
-119.4 -184.749163700061
-33.82 -46.0032287062206
88.03 128.132606071768
47.96 50.9334088730178
58.72 45.9009007257021
-9.226 -2.56147002861851
-36.98 -104.774978709528
-12.22 -126.299321701555
87.26 102.476559656582
115.2 120.189838220147
-17.44 -28.9246617173694
-70.84 -64.4486965473975
-114.7 -87.6990019345245
107.3 126.353659633663
159.9 182.358722906838
59.47 45.795967272787
-22.81 -8.20278931246878
45.03 39.2663318404123
-5.845 0.386661701173985
-16.48 -75.1604526652021
-122 -155.479900881429
63.48 17.5334452503179
41.93 61.4031540441352
132.9 155.664621575167
-90.01 -63.5730903449353
46.89 -18.8947027412318
-95.88 -324.302092378125
-133.1 -153.885390353364
11.34 -91.2385342764518
-119.2 -67.4750322486635
-55.34 1.65930489120417
-52.37 -26.1329447118997
-43.38 -40.6914253502803
6.847 -108.616884185727
-99.52 -103.276706511124
29 -48.994281087581
-11.18 27.573703051316
75.67 15.3463251848071
-111 -65.0031702356788
144.2 110.699868896371
-53.6 -79.2296446700518
-144.8 -95.9286788041769
-109.1 -122.136596826248
-129.5 -149.983323208267
-58 -149.834368852678
-108.5 -101.640277496547
139.3 134.051541609789
154.3 139.362297717425
-15.31 -14.7892543350181
-158.1 -248.303963513557
18.46 6.97153109381053
97.25 18.5285748711483
-116.4 -116.806849990624
-76.12 -93.1708476529277
-32.48 -15.5263958290592
157.9 82.4194399785739
123.3 96.7379489442838
138.7 139.597243929603
-31.02 -17.2261477991719
-61.56 -44.3247704021602
57.64 72.7160743111493
-15.05 52.1946065876718
-141.5 -113.624350053191
64.53 72.5688320829505
150 231.13778871965
130.7 67.1793653301409
-10.06 -19.5237078487225
-111.8 -191.463995699536
-108.9 -189.707948585591
-155.7 -162.477408228737
56.38 82.2649990292642
137 94.3803922084807
114.6 119.721279624625
45.74 42.6831707857472
-16.39 -51.5865101110065
17.07 20.3108772979951
52.97 53.7632262036433
34.68 35.5454985846315
140.4 256.244826522016
69.4 72.8748130038436
27.97 35.0355228151349
97.79 36.1553801352099
88.41 91.0207837970961
69.8 39.6765378999362
-153.6 -82.3996704368257
87.56 101.321977755715
14.01 -30.7855270632787
-50.71 -20.8022258293259
3.163 -39.4948248959516
-39.46 -64.882268790834
-46.39 -86.9366397894791
-52.92 -53.1602086978038
-28.58 -51.8253741321421
137.3 97.5137906801764
91.84 28.2479196926277
59.24 38.2345364678357
-153 -97.945898174631
52.83 95.8788518617877
-96.24 -159.449930087153
-101.6 -29.8847218721407
26.26 6.71224023653511
-55.61 -57.8659304269008
110.4 95.4636632869623
-75.65 -33.5211213324181
112.3 134.110046388785
79.06 124.622908199238
-35.66 -79.7712754010444
40.29 -48.6549394576878
142.2 174.325358780759
54.1 69.3446118062199
132.7 117.167577348793
45.96 36.4524388705266
28.88 -43.927702398503
146.8 113.412971077706
93.5 86.6062513419934
52.05 26.4220412955927
-55.14 -60.5419797975921
148.5 -40.9049038625271
115.5 207.338644175347
-50.21 -12.4799396299041
11.25 8.69381014979696
-59.35 -747.811706096064
-118.5 -111.913561580998
-91.65 -1630.58215443422
98.7 61.422099368162
84.71 103.975913104689
157.8 129.014653237407
145.9 168.674289987793
151.7 137.304351264462
-32.04 -79.0245519479252
155.1 175.320604267638
102.7 116.559071426253
80.51 -24.7289905742631
-146.5 -155.939181404724
-12.2 -70.6815586538104
-85.65 -159.689105372155
-62.89 -54.8016120835508
-140.2 -135.353806472333
148.6 118.716154911584
-92.08 -201.949651974038
4.476 -29.8593507457133
-153.2 -176.449107826687
77.06 87.6918624639109
14.67 -5.72546251083874
-72.28 -138.440223584258
39 22.2378996087772
26.29 25.0575940242361
93.86 114.673696194591
-61.98 -188.146068011386
62.82 64.3751305660487
-45.5 -44.3971068466812
55.5 47.0742067500371
-44.77 -64.1043511321768
129.7 102.362413760211
-46.47 -59.7189073885496
-128.8 -98.084168592815
117.3 174.44802052811
54.99 88.0190011867332
-11.69 -15.4849837009778
-159.1 -197.053270046312
133.2 175.246736727759
-4.509 2.67327886168356
0.9969 -24.342521658755
120.2 -21.3707875839708
-28.93 -33.7241470181338
59.04 39.5844620855584
8.374 24.1780074786853
91.83 50.3282771317292
110.8 -22.1427458463625
-58.03 -67.719610722949
-106 -97.9951521840347
-48.67 -65.7552324332875
71.35 114.838424436721
106 90.471531998068
55.09 53.9598921591857
50.16 139.160858288034
68.72 99.6049221225232
54.16 62.4821036360495
-88.56 -60.2429449025032
101.2 69.7210431195783
-48.59 -82.1261086881169
107.6 130.354857680174
-63.88 -117.611572589887
51.71 102.980649094644
17.09 156.793571901786
-124.8 -156.850377418954
11.27 30.9880017920753
-145.1 -176.328799538615
122.3 122.647819170905
95.55 90.0961843187412
7.35 58.7488424804578
-64.18 -92.6714951866326
-75.73 -147.345015090244
-67.67 -153.306539158099
-48.88 -55.0575237748837
-52.96 57.6796984372815
143.7 671.105892639512
88.76 148.635332389655
-47.91 35.7256180585452
37.54 -6.31518511512868
-36.99 -5.36084567954963
-151.3 -231.915644365332
-51.53 -25.1562879372332
-49.79 -81.8052452218273
133.4 121.420790537098
-112.4 -193.995355859596
-128.2 -153.386745524605
42.57 28.0415369946243
-74.71 4.14023679746591
148.1 254.279783478994
116.2 217.723912381465
-48.53 -52.7449431437751
52.66 19.4806972345169
24.91 5.43335889153175
121.7 103.750070707562
93.91 70.6875400419319
87.69 8.58139457658362
-9.029 9.479433069594
82.65 39.6293452783338
-19.79 -30.1477141279368
-117.3 -75.1927882383644
90.34 98.2378067580786
-24.71 -7.26931298979798
-110.7 -114.259195102956
-141.7 -144.971072538058
-23.82 -22.923280517944
51.49 234.919376909062
138.9 169.79713494956
83.5 53.4509322515496
-43.08 -27.1434231282563
15.6 38.705119876518
-42.03 -52.4639775431807
-62.68 -58.460611781002
126.4 118.963213153023
-4.527 -71.6515496609073
137.5 104.268262314612
-150 -247.516655136225
8.532 -41.2049836778377
0.4236 37.7576854041692
112.1 103.524342100724
135.2 58.6212029852873
-83.27 -53.7818015008437
71.4 156.8293563683
136.3 139.196301482395
-130.9 278.776284846179
52.29 58.993478801174
-37.59 -40.7186658768669
-145.3 -136.651850174611
-81.33 -42.2953532555856
139.8 117.137101303698
156.9 166.890408932996
19.71 56.7447325817146
-69.18 -151.601418779974
4.864 56.0310289605415
-52.99 -41.5911266345981
50.71 -6.15831435439693
148.1 98.1846363938243
68.75 97.7673759278547
1.712 -89.435247580839
45.47 82.93433619674
25.18 85.5960593504956
72.47 83.6223742251656
55.91 73.2716316629989
59.49 88.814808977771
-128 -124.572766117736
-128.3 -198.901895423075
-107.3 -137.392709096918
43.95 23.0054640587979
85.04 35.79761209145
88.49 93.5467990280015
-12.12 80.7273186824979
37.74 55.6696653198186
122.7 115.257526986163
80.25 82.1254212254607
93.56 95.5296056605352
-34.61 -96.2496509423949
-51.95 -134.053049718266
-87.53 -151.401731803699
157 155.790137393542
19.07 11.1578981589961
-123.5 -112.798387567733
112.5 80.5837360899412
135.1 110.244137533751
22.02 -28.4371083730596
-107.9 -128.65418897451
-89.92 -57.3649781118305
70.44 52.2026603515743
142.8 149.334724342284
79.75 88.4358199717286
-126.5 31.0743140410365
-105.9 -188.913182970271
-63.07 -105.132309590721
10.19 29.3318542693894
107.5 8.74905443886867
-41.24 -85.1159652558655
-87.86 -145.548548402219
-22.01 -19.5765887536171
97.3 140.18864548422
74.11 55.5753569084303
115.5 136.918861565338
40.24 43.8260011211104
0.5741 1.80727736741095
52.85 100.445664029957
17.53 12.0559811544478
9.384 -0.757219141642082
95.83 143.423413871034
23.42 21.0046097402901
-68.56 1.0083764104943
77.59 38.0703157193694
109.7 245.672348605273
-85.02 -98.7187396535828
-117.7 -119.578157633761
84.12 40.2446042258971
34.1 32.1024573461707
-30.14 -84.2315437250211
-3.739 67.840066783993
97.78 50.0584869065713
128 61.4706993294664
-59.83 -163.130319688297
14.26 47.3429850081465
1.616 27.5084759114886
-157.3 -228.32517492759
60.74 107.372161220302
65.9 90.3884729582786
-28.88 -51.4146162858617
-113.6 -127.167114085404
151.9 155.608173948722
138 136.70855479522
-110.5 -96.5726011019331
-19.7 -51.415203859978
-34.57 -32.2731342778108
-119.9 -157.828522765104
-25.09 -13.7683254538567
-21.57 146.455052933149
-133.5 -85.1806177695906
-93.6 -48.3752388201751
155.2 141.736041127155
-44.33 -3.16615522178944
-73.57 -104.457544832768
42 85.6572938972464
-137 -178.872918494366
137.8 149.806802160465
-139.4 -131.23484335231
123.5 177.702359489072
-52.78 16.34493932664
-60.14 -43.8439957503246
-26.2 -50.7619306177039
71.76 38.4957824393202
39.67 28.1939961212927
-67.68 -77.4330255051699
-127.2 -149.69380262528
142.2 75.2599304329067
111.3 194.400660220005
34.94 -24.4647238877886
128.8 130.905543778535
97.94 84.4171944513516
-89.06 -112.607373942294
-16.13 -1.81893732990161
-61.06 -50.4879918974056
138 99.4069671465866
149 153.108445340987
-81.01 -90.1578001941399
-37.52 35.0535018749968
-74.94 -60.705621759959
-121.7 230.414652559016
-106.6 -166.787333541217
-64.97 -95.9269336561979
51.78 50.261940726488
86.78 1604.02891275048
-136.4 -280.820724559695
12.63 18.9958550489949
-39.23 -26.4381011149928
90.51 22.1655036681225
8.594 28.9591318814438
67.79 106.037640847744
9.318 -15.1050199093477
-0.3288 34.5614685813824
-81.91 -97.8495360224179
-127.6 -235.648169506876
87.94 99.8041690133327
-111.4 -116.928009511547
82.6 69.6937037474332
15.94 35.2948825933402
42.54 79.2885318546011
71.23 149.51498500465
88.05 48.6013957145672
-30.13 54.2238222026371
-46.09 -104.458688419151
26.69 36.7388442329577
-139.1 -162.570178969901
-119.8 -156.122777760077
39.25 70.3188400426465
-98.28 -22.4851829762721
-4.752 23.5520343163383
-141.3 -293.283598106839
35.14 46.5310111814072
-92.47 -16.2874589261293
-63.77 -39.186895797234
-120.8 -129.63204523998
34.33 22.1625351959906
-60.09 -57.8891945456353
-35.25 -19.9992160777467
123.3 175.17593863798
-9.912 5.10697146136541
-102.3 -125.754726941026
-80.18 -48.6231594837217
85.68 107.436931793365
-40.99 -74.7768261036022
-81.25 -61.3060859890174
40.69 14.9384980351701
53.47 161.546892079711
149.1 195.142941555235
-159.3 -210.682446191626
-79.04 -50.8907966036624
148.2 142.13104587935
-31.39 -12.2626626509784
-52.2 18.9789254419897
-140.5 -92.5609993794646
105.9 82.8343870065232
-79.64 -170.821647454333
-83.7 -200.256868907027
-25.22 2.47267943915005
60.89 -3.58972558670065
-70.79 -70.2184456357982
-94.03 -213.871038914521
15.35 -19.143678425547
50.57 26.5902838900514
-9.759 -15.4815833424186
-119 -113.743784538636
-73.88 -109.092927851201
-157.9 -206.492984656316
136.4 43.873265290784
-100.4 -185.147991071383
57.22 25.9347890750946
2.32 31.6344580205773
-140.6 -218.092565056274
-155.2 -132.254614096353
97.45 70.6281810871035
-107.9 -132.342167442663
55.44 67.8981659693365
-70.97 -168.172377925139
78.1 107.34679312571
41.93 -53.0754992182406
37.02 56.0599707218511
-123.2 -195.862773303395
116.9 33.4917128548834
16.3 -45.5352553181178
-91.36 -47.5634045516914
113.8 118.713745546088
-152.3 -161.515537607385
133.2 184.700821597249
37.37 -2026.42932060341
147.7 161.321339545469
118.8 24.1343249411105
-13.88 -21.832050979044
-21.84 -62.3758384917436
159.4 7.7463374061065
40.86 -7.70168001683383
145.5 112.422987500808
-124.8 -72.4782041267623
51.1 78.3452923896936
28.7 91.8453581019998
49.96 185.741116345658
-147.1 -160.304873451906
142.6 174.05640157344
104 118.915627085085
50.47 18.8469444609902
54.76 75.8248824912624
88.95 109.909705065199
97.76 77.06346450097
-17.66 -44.759354793675
83.1 114.016106315298
-133.4 -86.0456043648993
146.7 170.861799944095
-71.1 -80.4969387645081
106.6 101.857790478304
-26.73 -76.5709430919083
56.28 68.8204697539914
7.691 64.1993185926529
30.63 92.9782170450086
-85.27 -126.742832308538
106.2 136.09963234391
-9.333 -27.056315546376
53.13 106.825766965326
95.53 155.131848876503
-128.7 -115.957204009297
100.8 59.2033028518573
132.8 75.0951250740407
-70.47 -69.3386163657805
19.6 68.9367656123852
112.9 243.46142790069
100.6 125.438972820105
-36.28 18.9224152518975
157.3 -40.7328970422218
-97.5 -19.0141018586121
73.34 103.788861550699
65.78 85.176552078344
55.38 69.4556531323143
51.03 55.9899218234069
27.32 -42.0972752073998
-47.35 -370.156557661626
34.24 89.0502597356412
-67.8 -49.1609759356027
-28.58 -59.1762667951104
-119.2 -97.2762358028582
-33.58 -61.2223485585927
141.7 144.190857738246
-40.68 -19.5293604661255
-28.41 -42.2473719330155
54.23 94.5905193747991
-16.38 -57.6180296766228
149.1 195.977523555953
36.51 31.9760546648201
-128.2 -183.77023562585
-59.31 -81.789627318566
93.55 125.406210710655
-62.86 -77.2816373879881
59.65 50.5154514750098
8.875 53.0324488034303
145.3 160.281494730288
37 -2.58144773623391
120.8 120.913495442012
-157.8 -174.112409374371
137.3 132.21640118764
63.07 57.3932322754993
65.66 59.5384362070263
138.6 118.82560385403
-13.95 -44.7117110525062
126.2 112.035723101882
-130.6 -148.082937890724
-30.65 -1393.66676255903
-13.67 -30.8501537212509
-14.75 8.8554861465975
-101.2 -99.9844162269517
89.37 83.8432884806479
-66.51 -572.687643121594
17.47 22.8112660577961
124.3 38.1724984889923
84.59 132.165871980293
154.2 213.37833076755
100.7 139.709592758956
-94.59 -97.1656691664547
86.17 116.47713482462
-19.55 -31.5163060416801
-5.053 -55.420937461701
-116.5 -83.320358768748
-28.48 11.6389393988819
-158.7 -247.841334989301
59.68 45.4630462978949
-61.68 -28.5538918289977
-112.4 -107.913779939286
-121.8 -152.171891694874
-44.27 -86.4381372731809
142.3 157.230410751187
-53.45 -65.9018268447706
-84.49 -112.502061813976
153.2 176.008332459676
58.57 30.0421249893025
-99.98 -230.985147545564
-104.8 -159.635076730327
-119.5 -138.059641130705
75.83 143.998943869077
-124.8 -83.2313384860543
-23.07 27.8429307066122
44.35 45.2233324508705
-35.21 -55.9444042839135
-122.1 -92.4057859631978
-72.33 -34.3204924665967
-16.42 -93.1111962912426
150.9 163.246143210644
75.49 28.1636607458718
104.9 99.178170340551
-49.43 -100.138174151689
101.3 156.464540315903
149.7 98.8527511599402
29.32 60.8582335758037
60.56 41.6758685914541
57.06 89.0070188541496
88.88 103.199207159565
-148.1 -218.051157907219
-132.5 -92.1650104354976
-7.078 -14.6660415815906
112.4 156.265714011491
56.45 -21.0451386944143
44.5 53.4691938635799
36.2 39.6541632540524
-99.94 -62.2907140813775
18.56 -37.692371238344
-79.31 -22.1679152607737
89.66 45.922327906457
-54.99 -49.5577764910908
-18.84 26.0130014920934
-5.553 -11.3826545384607
19.65 38.4205081089071
-4.062 1.39167550878073
-2.663 31.7312785995273
-89.95 -118.690664095531
-85.11 -106.507481170564
21.18 53.3377521148224
18.79 21.0323526486626
47.57 73.2361264622319
53.95 -14.7102607598292
-59.54 -71.5039172671305
78.68 111.913829281137
50.24 23.0652085175054
94.24 38.5459137572195
-95.39 -50.4880287595915
-73.1 -64.1489896402823
44.67 71.7588010961406
-92.74 -152.798825065403
-89.21 -88.3637519350316
-89.87 -102.035182233198
-72.91 -55.0026361049913
81.86 98.8410971649411
-54.29 -73.1759629549012
43.61 -12.3740190855314
-83.37 -44.5243968420122
129.3 214.853027613717
-78.19 -26.3793298813176
-58.19 -125.402715206593
55.59 -3.44502915648329
-9.771 -16.9851951879944
-66.7 -13.7074196606452
123.6 165.962899359526
-140.8 -153.541766529722
-111.2 -108.429639062232
133.9 179.196734546473
-66.83 -182.164829974507
49.68 47.0371401514514
-0.4417 14.7566381435598
147.8 83.9494182756982
66.66 -8.53239404742509
61.92 35.785210789913
69.46 94.1826872224992
-56.45 -146.491279572587
8.019 -24.5306895700203
126.2 157.080393874505
-10.44 33.9571515274019
-117.7 -121.694969238299
-82.28 -85.5079986766389
19.22 12.657262488078
123 165.41734494931
79.11 132.169617854136
117.5 20.1114592968973
-112 -179.850248122656
-25.3 29.8931386881964
157.3 256.690731624225
107.2 67.9376540324142
131 87.8684334167604
-111.3 -141.599955569334
38.38 71.4767982650051
114.6 159.690879574369
-66.59 -91.328001984121
27.59 -5.85491729905634
128 131.26825364794
94.05 51.567350561446
142.6 178.333892612762
-132.2 -162.18689400208
148.6 234.094087402214
-35.32 -1.25467966248281
-75.79 -76.2709191241128
140.6 169.817254060075
-19.31 -91.3939864916675
-134 -1.76277193007829
-124.3 -151.967661895821
-87.52 -121.330292800278
27.65 -36.9991246614023
76.87 257.88112280379
-5.677 5.88282849018987
82.3 89.1213144134584
-107.5 -83.2014395232746
-32.1 -85.2963771612811
-19.77 -68.3749296017944
130.5 100.333151608673
-129.7 -154.628406796861
-97.61 -143.221490054201
-82.8 27.0761150939794
-96.79 -65.3472746093898
129.2 81.0496105899761
43.55 63.9861557445587
48.39 44.1908172782741
16.83 -9.32499975481757
15.2 -12.495506920087
75.9 89.1365751761589
144.5 176.504182710817
59.35 17.6552899248562
-30.71 -68.3318619651478
110.1 138.52523196998
92.36 80.9268221263321
54.12 139.61072889194
145.8 83.0230647926486
135.1 71.0005289260709
78 83.3433752639537
128.5 123.729188379068
77.48 92.3098715259566
-83.17 -72.9711199160965
108.9 63.4105867941388
-140 -152.511321855969
133.1 168.982982291616
32.42 41.1395871841313
156.8 -689.948974301845
66.85 77.8143193569525
113.5 208.930230088821
32.62 50.527835835893
58.52 88.2183877283548
54.65 -31.6926445214665
-22.39 -22.7660687121913
146 172.974967574922
10.61 -12.8202258262179
-32.72 -43.4704950176311
-37.4 -50.134641111877
22.92 1.90761495691456
-108.8 -71.7754986832307
-61.86 -24.301501199253
-147.2 -211.756229756259
-91.57 -129.599755358869
144.5 232.272257590407
-94.21 -86.566078987598
157.3 166.84286343457
136.3 181.653577750412
67.14 59.4382954986942
-28.11 -55.0540890803002
81.61 97.3787941925099
112.1 103.660383746508
137.7 118.967331722784
-117.6 -86.7138699341975
-69.48 -69.7761226493605
27.67 -126.470767248494
-0.5402 20.193123168668
-37.82 1.57581041967578
150.5 129.851309736439
-138.6 -119.337757439077
109.3 165.930952405971
9.941 18.0624419752967
87.06 27.5234570005615
-60.53 -86.8864778959201
-124.6 -262.909922093434
-103.2 -120.719420188496
-78.25 -125.828331059863
81.31 1047.63997631092
125.6 51.5445998219985
156 94.5892624155561
26.9 14.1730469781412
-106.6 -155.460112586789
139.9 112.309569971577
-132.2 -214.305290128368
43.77 68.4585692526716
32.03 24.3430262756312
-41.97 2.62446507136099
-149.3 -152.959083987052
-33.19 5.73752965618911
-42.76 0.985713623181646
105.8 90.1081868018701
-32.79 79.1548964548902
-135.2 -152.202936023955
-38.84 159.220648573813
-12.39 38.4190711075528
-136.2 -148.440609701614
157.1 137.472245756277
-148.2 -131.245247295339
-149.3 -85.476485832121
8.578 -0.602137145155675
62.51 91.0380592398669
136.8 145.575764143976
108.7 77.5959124817026
-129.6 31.3941512458197
-114.6 -222.507184284946
41.25 12.0507188586097
-70.97 -48.6613215927257
50.01 970.56196459572
-35.34 6.47481709196159
99.26 108.02700135874
-110.7 -100.576043595365
32.53 58.8151498528043
50.37 30.3921059505686
97.94 143.285184308278
-135.4 -160.263538821937
-154.4 -217.444544313168
139.2 109.794589582485
20.81 10.6321596087634
-146.6 -219.786685191877
40.81 16.3362435113675
35.81 -8.40299693474176
-81.69 -117.753236767957
-158.3 -103.726607419804
-99.51 -171.988974635384
59.14 99.4858401356654
9.866 -626.811022374648
95.44 157.653189909751
-69.58 -36.3023833462661
-138.5 -153.577291301817
-91.42 -39.4144359971819
14.45 16.5578678958837
-0.6544 64.5334825254599
-20.19 -20.1584345272409
-51.8 -114.275883107735
80.56 159.463333055111
-29.9 -69.070368103568
-77.94 -104.233048388438
-3.678 -68.2596838016879
-0.01699 -12.8598221498206
-31.12 -64.0682691580294
-46 -9.42444915887826
-128.5 -74.485508878447
78.09 776.896950583601
22.77 63.9503970085717
-102.2 -96.8951883296283
-95.35 -156.578747444442
98.62 51.5596381791756
-127.8 -137.995682125691
109.2 137.283305681032
105.1 161.74075534137
40.43 52.1832017287717
65.37 11.1503128244802
14.16 -19.7001805897811
157.3 161.436232566505
125.3 159.105187966652
27.83 -41.5047640842933
-122.9 -167.429094780482
-90.2 -67.7297703753667
-7.072 -83.3670262034842
36.43 -0.0805995585014827
-147.2 -204.944996476224
3.266 -54.1252698177022
-17.1 -18.5784940303883
90.47 105.594630758842
-95.03 -83.745593458166
45.43 -6.36731898387442
82.68 102.439005586496
9.757 -1.00438682400927
-73.96 -48.8890406404168
139.6 211.468718231674
-105.2 -152.897157103624
44.58 47.4284291352459
-116.6 -116.421196418221
156.3 180.671734232136
35.23 60.3973452309582
154.6 151.755778252298
31.27 75.5665466110031
149.6 133.586577969093
-48.56 -66.9446119234344
-16.54 -17.1369373826707
152.6 199.959394997577
-20.54 -22.4763912014837
155.4 137.112863821519
-35.61 -7.27683424153553
32.11 6.44564408567745
110.6 83.4976284714718
-61.94 -91.3122454444657
32.59 -1.1153527260004
-110.5 -153.743335528015
-87.84 -133.464789773956
18.19 31.2820460296231
-7.92 -36.6292660249526
129.6 161.492634974061
133 167.692523232443
-29.24 49.988821109236
-89.3 -68.1184622495906
-126.1 -203.301584995092
-50.29 -29.173316036717
139.4 96.3376943533749
4.961 47.6166970526216
132.3 128.682155347431
142.6 148.347048423925
-31.27 -23.6777018378778
94.3 108.259015812588
106.6 439.517498124479
80.05 10.6738474196797
12.57 -4.77925339221343
84.02 97.4987647498901
76.69 48.1220825480247
-41.04 21.6373230874647
-101.7 -78.8729409218639
124.2 102.870925439761
-31.6 -74.6604058627966
59.89 8.53497454003442
-116.4 -106.816602386375
39.46 139.477889403603
-146.5 -41.6927444087255
-60.14 -60.5960581974917
102.6 54.4599994386075
-140 -204.163636055486
56.35 126.204261026227
-115.9 -79.9578725499532
-68.27 39.0103450544503
-143.2 -155.280567928241
-3.956 5.50503708210438
25.15 5.36775592443254
-2.165 11.1616172969156
20.64 11.1756922260848
33.66 -77.8859111590127
134 180.122701908638
32.73 30.3523266926255
-112.4 -99.9595873359634
-92.15 -203.54236095095
144.1 130.166144553402
-104.5 -284.976514773998
32.96 -27.2275662648352
112.3 139.054206881486
55.78 3.48253528161367
133 140.719994402135
70.03 63.8169297921365
60.54 65.8786690169041
147 236.216440438751
40.6 33.848687303869
64.92 47.0938811295906
-130.7 -73.7867849075064
-75.27 -49.2310026757701
-46.66 -68.1086007577426
-146.8 -135.849322348917
-134.4 -102.796110960931
13.92 -22.0646502107786
74.15 73.9189399354107
60.51 103.508511989782
62.56 42.4436111998385
-95.12 -128.422289307149
159.2 306.683279172174
95.62 84.6677229380075
-80.99 -59.6068223529165
7.121 8.89396805872809
-50.22 -36.2469222565431
89.72 59.6550324472468
-41.75 -57.6822728865573
-109.4 115.525881721751
9.444 13.7383597765783
-150.5 -190.180843046987
111.6 103.748975317534
-18.09 27.5475527294703
38.43 208.380248341832
136.1 60.680728019262
73.02 78.7085027566693
91.56 180.549853674366
2.234 -6.49235135925785
139 164.078039593096
33.65 59.0495762048038
27.77 37.9956757254111
21.39 15.2318918178755
126.2 139.282241269181
-153 -133.519358467215
27.79 2.46576040334476
10.1 32.7328180898593
22.96 -38.6651911245088
-3.783 57.2371721949635
17.63 83.5900806744775
156.3 197.200514695349
141.9 292.041699967924
-150.9 -104.804815302163
64.74 -140.127513382841
-144.5 -146.646114346798
-95.99 -119.500872544842
-81.47 143.127258137351
154.3 102.72885553439
149.2 107.029446082807
-132.1 -231.362277225386
122.8 158.514070207456
125.9 152.813554383674
154.7 -147.436734537738
-139.1 -104.737736239153
-149.3 -206.356037398365
20.36 -1531.47744172955
40.56 66.2268047037406
-5.657 1.68183956887115
139.8 300.284478798725
101.7 106.889309503777
-3.912 -11.2926110233273
-90.37 -188.527793004527
-106.6 -103.815203526101
103.3 129.105448859149
-129.3 -29.201518935378
4.834 -91.2009257802449
96.06 89.7660396269643
17.88 9.61137631274444
-23.14 -25.4998138315521
-72.18 -701.903707863939
37.03 7.37618097976851
-102.9 232.997957917503
-136.4 -101.504160323217
102.3 135.399389975653
23.09 40.3330715742067
9.51 13.3828204487318
-155.1 -138.086025715409
145.9 108.282903893943
117.3 122.933473344159
114.1 133.523792738556
0.3415 -9.20313299205682
19.37 -66.7643892453367
115.9 233.650739172148
-84.3 -65.0131276585056
-136.7 -161.287110286145
79.81 104.276988420055
-95.83 -101.713211891022
76 106.8865563099
-121.4 -203.235337125331
109.2 89.4165303425066
-60.45 -21.0871143590468
-86.43 -33.6930355928412
80.69 76.1488478856019
13.13 23.603482622546
-116.4 -122.187776881915
0.6168 3.78038623085341
-10.74 -94.1446945793205
-72.28 -160.37898102488
146.3 142.612608172123
-35.84 -23.3701734766942
54.01 127.435460835689
80.79 59.3730605368242
-102.7 -71.9688053555408
-135.4 -95.9185137999157
124.4 122.586701849249
-72.91 -63.8411433308763
-71.28 -147.300573629418
-132.1 -169.671418896004
65.78 123.610201653129
68.08 117.773313215119
-47.57 -173.256391784721
56.07 43.2071921644127
-96.96 -97.7780741740848
33.12 17.9617375950648
-94.69 -83.992231394365
36.22 56.6274306911617
130 131.958795810275
34.78 38.6634263222072
20.16 1.66789182112827
-90.34 -96.7482091138953
-85.04 -107.299538989395
-151.3 -196.959142077697
88.84 103.22701642616
67.98 68.5316160759358
21.95 -29.9193015336313
96.91 125.694797759917
-94.25 -109.223895223922
-26.09 -65.8035070540862
86.55 90.7618377885695
-39.06 -38.7323457935831
155.5 109.813973925561
128.5 91.091722241954
-116.4 -148.107049035502
62.85 -6.62937209536352
-18.76 -49.6968307631722
60.07 58.28233504498
109.6 61.8110918530817
-72.45 -115.023276404019
-103.1 -121.146570225398
127.1 91.3011866960419
144.1 82.1414411973002
-54.83 -212.261921647092
75.86 13.5196194026997
111 182.628945304045
-31.47 -87.3552528400385
69.57 119.25192980481
-58.84 -64.9490886959087
-80.67 -84.1814131982519
129 131.944013745924
137 127.667160430205
107.1 104.999616934665
125.9 138.92871200542
-50.96 -44.0655534696242
-40.15 440.18129041271
-103.1 -158.661465035509
147.4 73.4292618252681
67.9 29.6218481221308
-55.05 -32.5021111746126
-135.9 -213.739863146644
89.1 50.5682496861459
66.49 91.9093604143637
49.02 19.7245124549679
-56.62 -102.421257799803
139.6 103.418853739528
57.65 102.296592421615
60.17 21.6366018804732
123.5 94.9840805254864
18.5 59.2087259841417
-0.5243 32.1211337530396
75.22 125.03768761704
25.96 6.44044907473926
95.31 139.847135096779
77.28 126.487823358308
-154 -188.158377287767
96.53 122.416107052625
-137.2 -342.91119782342
11.65 -14.8575851128645
-5.243 4.14862080434319
-150.3 -185.685925682342
-51.19 -51.491198376056
69.39 69.6427838419514
-11.45 -21.5071439562909
63.97 80.0726520387551
-43.45 -61.9179299717032
43.97 18.6738405430511
-61.93 -60.3224754677989
-46.18 -39.8958599816175
33.32 116.153244891111
-45.13 -29.5982074297898
-53.13 -1.34468923533161
69.02 143.937214450895
55.13 131.155314332712
-55.11 -24.9397100088616
17.7 87.6108452975792
81.62 96.9819405883478
7.966 3.97217894535166
127.5 149.419056394773
16.08 19.7523546811645
-14.64 -88.5412029034843
-72.96 -95.402149964566
-151.5 -81.9678363836379
85.48 95.6798048570307
42.15 23.4069966847507
65.58 52.4639783379076
-43.48 -114.644681898265
127.5 154.972685271137
-43.5 -299.325550001669
94.77 103.863570501799
114.8 77.4198456417651
-115.1 -585.815781637737
-45.79 -17.8703480960892
144.4 130.832156190741
141.4 107.490705878125
-59.05 -80.9416063999728
-131.2 -146.505516532517
26.31 83.2186790912471
-124.7 -114.995828550211
-33.57 -77.5331710810067
151.1 653.801080483377
148.7 212.555731561669
-132 -123.843552772243
111.3 104.452744887031
145.5 82.8382256506071
1.178 -88.5744844596567
-8.1 -27.8221218367529
75.9 103.585845625126
53.22 37.8571619825093
-25.06 -28.5703811170014
-95.76 -152.191773359204
-62.89 -55.6936486108416
60.94 64.0804101640886
92.82 59.7581689636358
-32.27 -22.8812743596503
-143.1 -175.25603541978
125.4 18.5073142693177
-115.1 -108.344698516529
-33.24 -62.498842037618
56.84 104.61353684787
-49.69 -7.25096546381062
-49.44 6.15168843024004
-90.92 -50.4601334937099
-1.302 -53.2750301760225
-87.76 -166.308886376318
-109 -43.067972642132
1.256 -14.8914074675706
87.17 62.2277403508302
-86.33 -84.5690671014705
-91.11 -98.8962000636031
24.8 -0.436744196891832
-45.95 1.94221685683702
17.62 4.47114762058261
-153.6 -274.789610834816
145.4 161.588977629285
146.6 -108.268220457766
154.4 72.5325924208954
-26.51 -0.565672882864908
-22.12 -53.8262953445224
14.58 3.04008121031128
-155.3 -186.93266856308
124.1 78.9463551844386
113 207.23208539616
-108.5 814.150780300632
-105.4 -115.833510638511
-66.31 -234.299601863555
-81.01 -41.5474176018706
-58.52 -95.8713074503696
95.45 70.4482173324981
-54.69 -40.8730028048534
-129.5 -176.790929353399
94.47 35.8305193761627
125.3 208.877125805001
79.01 78.9458104255624
-14.81 -32.0382224479499
147 133.630318350572
23.79 4.60099021942231
50.13 32.3097465170447
-93.5 -102.454582864214
130.1 137.306057034065
-10.96 -65.6471940875425
55.16 78.6633794609939
-127.7 -88.2844933463517
23.68 17.6823481566622
-119.4 -151.536935041912
-149 -148.289403364909
68.73 36.1785533619052
122.9 121.51861835348
83.65 70.2291565347655
-28.76 1.11306158758678
21.43 8.11222888124984
80.03 62.1788968822464
-19.54 22.8091868187749
-152.3 -176.177125889831
-75.93 -108.567528292551
68.39 579.5348502203
104.5 88.3084769175535
43.59 67.1386888964251
-77.73 -162.937476778829
45.19 11.0176534245882
-138.1 28.327318977836
122.1 126.531327746526
-42.26 -56.1748512951619
25.97 6.03866964681592
-6.494 -75.5307089000121
-147.1 -216.102983646794
-38.65 5.6107549351851
71.88 109.820081688443
45.81 36.7777511316415
-12.38 -99.773383996872
-60.19 -85.1159766447321
51.9 4.23128220479513
54.27 86.8649239825318
-77.39 -48.2586257767681
-9.279 93.9424194444646
11.96 45.6544971706589
-8.747 -73.5505613340704
114 92.22280982327
26.96 39.4468600610136
-61.28 -45.3835332267742
-51.29 -123.849492680581
-81.71 -98.840826471347
-98.32 -85.8765359600657
-49.48 -75.0587780200866
-158.4 -128.93068065396
-83.98 -125.170375951188
-159.1 -149.17882987651
2.08 -12.2430306038102
-76.47 -64.5791680625501
100.3 143.045868701396
43.94 28.4986435524072
-58.12 -121.46206231965
143 214.934169892794
-69.68 -103.912558428388
-43.58 -81.5948826673844
76.4 97.6333246056279
-89.94 -99.1138230794872
-152.5 -80.5804450839005
-108.4 -87.6504074112321
59.18 32.1650488077599
121.8 76.6803947986357
133.1 185.829762849735
31.93 1.01798778888836
77.36 31.3460978849103
81.87 45.68818691624
116.7 133.426063163482
89.16 100.676530609057
-88.83 -114.433753176302
-4.907 9.25263194211776
78.79 135.415129693006
101.7 125.856400937957
3.96 -17.0153067756452
-54.14 -18.3617876043915
-34.83 -92.2299834089371
-92.4 -102.636421378805
94.61 122.765132622014
5.62 37.8670548119886
51.74 50.5460024312715
73.54 96.2251619191418
-34.41 -24.5332021494127
140 166.381147042331
-59.29 -43.7215742742914
52.24 30.9708196487585
20.84 -6.20357937380277
13 -20.4149966083296
-8.8 -86.1528236531959
-32.33 -23.4090216405494
-62.12 -104.562733313748
111 135.363144660483
-12.12 -9.36030924332657
-42.47 -78.7990447205434
118.2 73.295837618079
154.6 80.6552701999703
15.15 -13.9372581880084
56.95 94.4672853495363
23.56 -23.7376019285049
143.6 209.351434452956
-88.11 52.2671441391971
-107.4 -197.890949907963
-112.3 15.401901761262
-15.84 9.45963939286505
-34.46 -43.7020323937219
-46.83 -8.39903179988494
-36.2 -57.5114178100912
137.7 152.953199440453
0.8972 29.1082996807898
-96.38 -71.1984597195417
100.8 118.056418773909
-18.44 -189.29308859444
32.76 54.880990792853
28.27 -422.742788298004
-55.18 -13.1215242772709
-39.11 -126.509829071293
-80.14 -131.500197641597
-134 -117.65498531796
136.4 152.350105353954
115.9 148.561926939764
117.6 127.273740443907
-151.5 -56.4140058737462
22.25 13.3211916462119
-112.7 -97.6280562077576
-83.23 -125.936509198298
130.6 127.790259478182
28.56 20.9523443078276
-4.167 26.178050622703
116.4 100.256598505472
152.7 138.179559468086
9.918 37.1818187078487
29.33 92.3897921608568
-141.1 -222.300863306569
127.7 229.885606255405
-94.94 -80.8479958483443
85.61 180.588620839891
-143.3 -74.9374081454456
-13.3 -51.8152024855925
-6.934 -71.0694195770952
143.3 103.398083236059
-155.4 -135.440684543756
143.5 101.56448160917
31.11 56.5919085626897
-20.05 -47.2466064373594
104.6 191.98383631116
151.2 145.809714041904
-13.22 -14.1571266984119
16.7 20.998825062563
-29.94 -120.484179068101
-60.25 -24.3995306914196
61.36 88.0197364082327
66.9 64.7333231559287
-59.36 -75.570825210733
64.76 54.6794752537791
-22.9 -72.4630583624205
71.75 119.831468400155
-40.97 -55.7264515544967
-86.63 -101.562284960514
20.25 10.2783674747431
0.5701 8.63866760839371
-47.22 -83.6355456316029
147.2 164.141794528805
118.7 129.670748852867
129.6 167.390632795634
35.47 -359.903051319114
17.3 41.8966540990265
99.55 102.334612254673
-17.21 -21.5336489446459
-117 -133.990821445982
55.18 30.574774182725
-73.61 -91.7274051882087
-82.74 -154.534554631467
92.81 27.2772495071728
8.475 17.3406245836773
1.909 22.5117226875267
-87.44 -89.9249364544429
-81.67 -105.406521089969
29.73 -37.2291388231291
-130.9 -133.680797791877
-142.5 -197.005917297339
-10.72 -10.2692899793331
129.5 132.736352320977
81.08 70.9282174151409
-84.97 -111.552881698136
25.77 32.5568704675247
6.759 -19.961392243453
-33 -58.2079401066483
4.553 65.3466635393788
138.9 128.086963265593
150.3 147.486534755403
114.9 130.573305351239
-13.69 -39.7728391487139
55.21 84.214608106532
117.3 139.719086900003
-132.9 -201.264625176683
36.57 37.8154783644055
2.645 -87.239188660346
46.34 138.354440016571
125.7 -639.214061762805
65.02 35.8642171041433
84.61 19.4637301480196
46.17 92.6179788671626
75.3 99.0016536142908
-131.7 -109.835871754686
36.77 49.562094009516
90.27 88.950730452357
121.6 249.061832474145
-58.08 -148.56284198624
52.74 56.0482373696993
-67.25 -52.5097763881667
-52.57 21.3663361122548
-51.74 -101.574954184864
80.53 84.4195309989598
101.2 102.560808309144
43.69 48.6630662487942
-130.2 -147.27005936816
-96.05 -130.760974347462
-84.79 -130.096507731509
-80.96 -124.430479569598
103.7 88.4777332989811
97.51 48.4841458471421
-24.74 -60.5773097556988
-37.03 -52.1166011713808
83.95 119.745706522723
123.9 73.4569577679191
-66.66 -67.9121593704554
-20.33 -36.8904198562954
-116 -106.903846391176
-57.7 14.5730488211304
8.089 -70.1458901759818
65.98 86.5080316735136
154.7 217.790024707293
53.04 101.510334794991
11.77 -26.5391198743814
-50.47 -34.6736880344117
-125.7 -141.467004780061
26.92 10.5290066610955
-145.5 -192.541058738608
-138 -103.927226553033
-32.25 -54.656997094291
-36.95 -77.1664278488654
-17.75 -62.843753725893
110.4 68.5292719069789
78.39 71.6873848756539
-81.73 -104.970589155447
-64.94 -105.183716563928
118.5 98.7868348989854
-40.03 68.0878472764333
157.6 160.48214677518
34.39 54.3425784293551
15.79 43.3149277646512
24.82 10.2818601119834
100.6 82.7254087236582
-120.4 -137.451722335003
6.633 28.2563244581354
16.25 102.646344130069
18.3 21.381894725435
-33.33 -82.9730484590011
130.9 244.9475463891
85.31 82.5591744961223
-12.85 5.6675905466341
133.3 123.968285297818
127.8 112.003366336291
16.5 10.0060938930468
18.98 6.13530712696274
141.8 243.797258305217
158.7 107.690188292698
-18.55 -51.674696377762
-35.29 -30.3897300460705
150.8 151.885130164571
-107.4 -131.276357784731
69.7 88.3990117685022
4.123 8.23895874068154
-80.45 -122.832403262818
43.17 74.8601438184299
143.1 144.978707521425
-77.56 -146.904554506124
-44.35 -68.5136097513391
-145.2 -125.728651767054
-147.4 -108.135019998757
91.63 113.153817219899
95.83 58.452502165374
34.28 7.77354831368535
58.65 49.690770945871
159.4 239.980326994884
119.8 50.222136018857
-22.82 14.5999051695548
28.73 20.1885589445639
64.44 56.4915090878221
-57.5 -67.5171375215007
30.13 -28.3133502844221
21.31 27.9035809107572
102.5 153.821749524249
79.61 126.203550725675
-19.41 13.4546344054909
11.44 21.2365032058547
-137.1 -114.163674760909
45.12 57.5953983197632
-21.2 -22.843505829742
130.8 93.3271826510817
-54.94 -13.0027860563704
-118.3 -126.484492978724
130.6 1.94076890514376
43.73 114.674531671901
-62.25 -89.6211694097045
81.69 23.2577041233627
-149.3 -151.396598317986
-101.3 -120.510072929278
42.19 61.8645493889127
-11 -0.592440465864472
47.64 -25.5165348632629
106.2 134.312591892157
-3.428 -41.9101580631463
-152.3 -133.371461230833
81.47 -8.69351146353267
1.178 83.8904027311422
87.76 131.898279267893
50.34 169.948686791174
-18.63 51.4346743013446
-23.09 -43.2846537170723
-103.6 -103.182045856229
-111.3 -123.602997123657
11.09 60.2746491339444
-0.8304 -53.5313567741102
53.57 119.52160030518
-20.88 38.8993860301699
74.42 90.3586704987356
-71.69 -68.1087896977008
104.2 119.817501514825
-137.1 -117.345480726082
-144.7 -89.8663969447456
-78.03 -86.5647197463838
-36.38 -47.3633828392701
47.09 38.3357335970113
33.34 53.2548477231652
28.05 5.72559289774063
137.4 169.218355194711
111.3 148.244588386725
112.9 123.381046035051
88.75 66.1812739605472
-87.09 -145.613307581414
-74.33 -68.0024040113352
47.12 97.3872484408171
129.4 104.231291443909
76 25.1116591055408
28.49 -24.787687246819
-2.829 -38.0213619910876
-13.65 -14.9049692954957
-83.72 -130.58000324896
47.14 71.2871128830362
57.45 -80.2040796314937
86.34 133.853717941878
124.6 125.002795402175
-55.74 -159.018329798398
-23.05 -56.6182747640831
-36.04 -25.7926258888732
-154.4 -166.502120603298
19.8 26.5844954122991
57.46 53.9831600429465
-60.76 -63.5077492606108
7.874 -42.5103300211614
159.3 222.487709057249
68.93 48.1963761922625
-33.48 12.9573918307229
131.4 169.959018540164
96.48 135.821505497002
98.42 87.6715555857589
9.694 37.3068083027214
-118 -143.163771591466
-5.01 19.1654704513759
-98.65 -178.048744990102
-88.53 -89.4156804697387
31.75 31.7149485640365
125 105.409372101573
-94.47 -37.7908905960616
57.01 -2.84249042032941
61.96 101.789499863977
93.21 178.370039833642
-95.15 -136.274693030101
-74.24 -97.7768011034175
-32.26 -38.039891506842
-33.74 -15.5273822830735
-55.9 -36.9371867852682
126.4 81.086499913559
-34.09 -16.6046936292614
157.6 280.189625004913
58.92 98.1202083113237
4.335 11.6928578254033
-31.92 -17.1266423677983
40.82 96.0771222598849
68.09 239.994162622105
69.46 46.3561681725237
-128.9 -204.541325818558
26.33 -4.85757947626516
-49.47 -41.0435606136464
138.1 160.472444881733
118.5 46.985914033389
-84.87 -61.7280800526507
-7.947 473.683465436498
135.6 112.628782403215
79.94 37.4681363451804
82.41 174.436782143206
51.08 103.387949326127
-47.64 -82.3576190827366
86.39 1157.2248813457
-54.41 -40.7395132287315
66.4 97.5497965074237
70.65 30.5663903125088
-149.7 -149.849160037401
107.6 92.7162908971988
-121 -77.6162999955968
24.68 93.2523153268849
117.4 291.724731059286
34.1 82.3950222608746
-98.97 -106.557185765432
-139.5 -89.273771899579
93.59 76.6946979067435
124.7 137.377561508844
103.2 39.8419078304025
129.4 195.893473184238
34.26 95.5019570560876
-54.43 -4.57068237423809
88.96 59.8837902482913
-13.82 -23.257351255988
-154.5 -112.526383497496
136.7 158.998773223462
30.94 60.0078513361619
-78.95 -75.1748062360571
143.7 155.71006703418
121.2 138.240604593843
48.16 17.8965813046322
-157.6 -174.508536819754
156.1 162.298054521804
-132.8 -170.297390815085
-65.21 205.316353605253
-127.7 -122.467380076516
-127.1 -169.101889910833
-21.85 19.8490634050051
-17.69 -26.1969925767679
61.1 54.1369029246921
-59.33 -46.2018277897857
103 228.62202636637
-10.38 12.1230177034059
-32.61 -20.2465447521262
-98.36 -96.1851630119664
99.44 54.894177817156
104.1 133.205699488187
109.2 30.8713300756503
-44.5 -111.611098115458
-86.68 -57.4959192522606
42.54 26.5398244266212
-21.33 -49.0010435441451
-15.66 -43.1999440440366
-99.31 -83.5720319078135
34.44 28.1366510006947
-38.11 -77.8009805381807
43.47 158.241260709776
-70.13 11.7293175759067
145.4 170.802070637082
-88.55 -37.2751088593551
103.2 72.6858001579756
104.1 117.844136967053
9.29 -4.96974532615313
-142.5 -182.167162445451
48.99 74.6759356986819
107.4 478.333568639426
-93.67 -83.9968006440331
67.14 17.8789489016086
132.7 160.036848980613
-17.11 10.7134294260027
64.05 35.5676207196243
70.24 49.4514703318418
120 218.569383331443
85.29 95.2243468207785
112.9 142.985112053508
-145.1 -168.423214934438
-149.8 -172.192765863539
-76.56 -50.2511129450266
129.6 11.7004807717287
-43.98 -24.373649751522
42.42 125.266235879822
-38.1 -65.4591362855141
-88.18 9.8385275035227
-8.795 -32.1958157089621
-124.4 -177.035296914273
67.83 47.6424661638632
153 381.694532688345
110 182.244134080677
157.5 107.552564755823
87.03 180.450140486841
-35.61 -5.3069027365709
145 145.653186291344
105.1 115.996621480333
50.85 46.9886815989429
141 149.812519326732
43.52 3.08441039372257
28.68 98.0760612473263
157.9 113.885005074721
-50.08 -81.8291535256759
113.1 79.474767594418
-36.16 -38.287492061292
20.44 -56.1181859873878
-152.4 -203.497437402837
95.38 188.128842515155
-131.9 -176.377052320967
14.16 68.7938419395492
-122.7 -160.966412295189
144.2 167.72438075671
1.547 191.530528673902
36.61 13.8518716545189
-150.9 -228.984913029295
-31.24 -42.8239407029679
-91.13 -9.86827857666464
-96.68 -100.310265364333
-88.37 -137.690732928019
-152.2 -165.028949827608
25.05 25.6167925077393
-40.87 -117.247659193085
-9.211 60.6148203122786
82.82 75.7091937156583
-17.59 4.88609295861575
-84.99 -72.1056074666683
73.94 38.3905060581182
-96.36 -8.73843534439338
77.18 89.7904397889408
-20.81 -94.2978112959257
-26.66 -41.5555913054397
-46.56 -77.7441676808954
-9.14 -89.2212528969765
48.95 22.322999813435
-158.8 -174.235958664594
26.75 24.3223358364479
105.5 100.239190565803
64.87 164.59470835803
-63.69 -75.1756704442665
46.88 2.2506857157575
53.93 16.5244801744934
-31.8 7.87231034360232
37.36 18.0933091983201
-115.7 -126.428909434349
118.1 72.4393641322822
-25.81 -16.4314866975732
-55.55 -41.0450041659837
121.8 147.7481662385
25.85 -20.1403985626255
137.6 173.14526764045
-75.64 -94.983899780979
79.7 74.9308815532292
-66.82 -85.4654158288853
2.239 -33.7970956953548
-9.158 51.2019813242826
96.33 164.722806394376
66.32 105.633887448047
153.5 261.219280291003
-67.32 -34.0464912345944
115.4 137.503918247177
-2.402 -53.6943081466878
57.35 66.8606347808599
70.86 48.0350007995452
-69.03 -94.2900354484394
94.92 132.080814506039
90.39 123.141403703944
-33.9 -1.84018977053022
118.1 109.941894958278
93.6 102.096068939429
109 85.3981270097801
153.1 295.013761772282
0.2442 -58.0684407931648
118.1 126.613216971241
144.8 133.07717569915
148.5 168.566010679534
10.17 35.2533124115133
31.63 42.4921363302298
136.8 151.077654076214
42.31 115.573364583281
65.77 49.5531203219256
30.37 86.4701943319017
79.58 60.4267273807867
-28.05 -43.3400183031082
-123 -39.7446426166062
-119.2 -189.830610207964
-138.3 -154.151851702616
-25 -51.9475468819992
106.9 285.944772288528
45.83 -21.4515871544277
31.63 -55.1550861620175
-90.83 -151.804410363399
47.99 36.0101462661983
133.6 122.498527773362
121.9 132.175777202394
70.01 16.0726091522272
-114.4 -73.1707718616729
-51.75 -82.6664514821974
-16.43 -31.3706984127348
-98.59 -38.8007187256724
-18.59 17.1960439175149
66.78 70.6312644502035
-83.99 -36.8633210806707
11.7 -453.376367946977
-145.9 -152.341528989441
-5.391 38.1549329763745
-67.41 -68.2608308222444
-111.4 -174.83524093901
86.72 47.3621697777428
-129.7 -198.511303695045
-91.34 -142.681421340857
41.65 14.8338773537937
-98.14 -122.975940817355
158.4 134.810209473833
130.8 67.5675632441053
-102.2 -176.958664567603
77.33 51.6762245579973
105.9 101.279920859208
53.65 81.5954393218791
104.1 55.8168584618629
-53.19 -44.2379299976569
136.1 186.510152322369
86.81 86.7139724745238
72.78 121.131134000946
-37.38 13.7947465557405
85.38 111.364144000486
-45.85 -3.49747056062703
137.6 104.770129525904
-56.09 -92.3323805454515
-79.09 -99.2008969593327
56.8 20.1511206199068
18.58 -13.398420984287
-76.53 -73.4924891059002
-75.76 -129.417040587035
-3.196 -36.9523436883713
-52.84 39.5071857403402
-62.89 -49.5949036066371
9.07 48.9512929001199
105.5 128.40549250717
27.97 55.442907444858
136.6 191.52724959528
-8.429 -140.251268932312
40.96 45.9101692379379
-111.8 -133.155119146251
-58.21 -112.269813769717
-21.23 -30.9072273407537
23.24 28.6310436909573
-134.1 -115.845648088999
-64.82 -99.1049360040003
-71.94 -66.4425416106135
-15.6 -22.9900857882313
126.1 86.0042420057836
138.1 153.53830091066
70.56 52.3419266426762
-24.32 -33.2809209779262
132.1 140.720825608675
64.18 57.4879155670496
78.43 -43.636088788727
22.42 51.8564818819689
-63.48 -135.212493810336
-156.4 -215.477464381732
130.7 171.838755443441
5.617 -40.6956909266506
-30.08 30.7115857396303
48.76 -19.1356884911289
-89.68 -49.854855447569
-16.37 -54.7963094530399
-41.41 -60.849133663096
85 160.541630638268
70.63 164.448360230183
84.42 43.8235407651016
61.36 62.4869630036895
122.8 164.124712637932
25.84 45.1615568212415
-150.7 -91.8408900508919
74.55 103.67897748525
-26.2 -59.7664364654961
-73.12 -30.0760392244844
-32.44 -26.3280492922326
51.78 -14.4113489652881
138.9 243.972168622755
-36.88 -105.565903509412
54.39 78.2794601841446
-80.77 -110.435535600766
-18.01 8.86151217919745
-60.74 -18.442180454477
78.56 30.1023987514513
36.21 20.6963823354734
-95.01 -140.845927359669
156.2 130.139737230887
-16.54 -92.58726061291
86.22 211.414300431397
-32.71 -57.983218225537
40.17 105.006934791897
-110.6 -190.923739754533
-105.8 -179.671363380639
89.73 165.568365148681
112 129.644287488606
-14.59 -22.9826728182457
114.1 77.5874388365755
-43.91 -36.7738724998925
1.279 79.9790581685686
70.9 -67.1925614393246
38.36 66.0429045022612
-85.96 393.592116925987
-6.547 -30.3978094512217
62.27 80.2195393442571
103.2 112.902070664011
32.79 35.1394693735229
91.83 83.263227885251
79.39 101.979088272911
-119.6 -138.789725246247
64.29 67.0058889916746
-65.02 -22.1602188430496
114.1 83.115144060945
66.9 104.092814138934
-138.1 -95.3658384852613
-3.177 -45.9455623344878
52.49 60.0697757843514
45.24 53.8213668312144
-97.09 -133.584586093123
-153.9 -150.870371459067
135.3 143.491469483838
71.02 22.9033108856636
-96.08 -119.106469539282
152.4 185.13520338593
-114.2 -75.768208268296
-15.74 -46.8560934986063
93.9 77.7545000237056
43.57 -0.153876197785628
138.1 97.6685235942444
65.55 78.7281165620256
-23.28 -29.3211023138548
114.5 135.459630956804
-79.31 -86.0363575129958
-113.8 -141.712432718881
-91.9 -85.6879259446437
-24.67 5.63136545903225
44.47 111.359543081362
132.4 144.900797817386
-158.1 -153.872771231111
-44.39 -61.0303919238678
-121.3 -120.519871093516
91.47 103.026282598379
-5.025 17.1568019457158
-6.553 -39.4261167558008
-97.62 -41.5260311458489
151.2 216.369118373794
45.41 70.5497632420123
131.8 119.096794650568
22.86 107.599946428538
-127.1 -167.592855391177
-146.9 -117.797064974362
53.26 -26.329172311934
30.95 15.886024428593
-19.51 -19.2758493152503
-155 -238.079205196065
-108.1 -102.031941140617
18 22.1008360520534
146 114.573199538673
70.8 69.2085777533585
13.48 86.6503473104647
-58.1 -89.0003979403238
-10.14 24.5239710277559
42.55 -73.182201331134
145.6 148.181295422108
-93.96 -128.547255447264
143.8 113.53031732335
-42.88 -12.3855224191212
-100.5 -156.038249779776
-24.77 -41.1593500582275
-34.52 -52.896405515407
-120.7 -23.1625507058544
-151.8 -180.739612222135
-96.25 -84.8061705382546
139 101.691603937945
28.74 3.67070061242568
96.33 138.509760904856
110.6 224.93038340797
-122.4 -216.138874260336
4.74 36.4927869245324
25.19 41.9279627341483
-22.95 -62.5264259766645
41.47 59.0381235616627
91.06 143.566943831364
23.39 -12.357991899309
-41.64 -6.87922835836423
154.3 137.891241326996
-8.623 -14.9640628545412
-75.59 -157.701284261238
28.14 3.73204300755258
-2.088 -52.2307124755751
-24.33 15.8934298848857
41.53 66.3235536942791
84.92 77.2476047946266
-45.64 -49.7771734691345
-42.25 -71.5890692013551
-43.85 -106.742007730988
110 103.572581524188
-31.61 -17.6875333994407
57.04 27.49123724768
-80.92 -69.1430806584176
151.6 169.306926192095
23.5 18.3754979829723
152.9 77.5641734343523
91.49 177.149678141949
-2.631 61.9172483913737
-3.378 -16.1862305358912
95.53 60.7412837901249
140 238.400425719379
85.34 110.540745386814
96.34 153.139940619737
-101.9 -154.828011624084
47.6 114.040072887683
6.058 -4.67625265688244
30.66 31.2878025491796
-84.84 -28.7644000763801
82.22 25.7963441076002
-57.75 -44.4918825987918
59.23 98.6651085649893
30.81 126.30172871583
13.53 14.5051308844396
30.33 28.0053585662662
90.3 132.115813677168
-106.8 -179.156668406511
-144.7 -136.401293281392
39.03 56.7805155517536
11.38 -47.4588102256378
-32.09 26.5034761955874
138.3 220.273247307648
-88.64 -93.9850475208105
63.64 72.5693648383587
153.2 218.933702496936
-13.47 -13.66502134979
121.7 121.600851952026
144.4 109.605540778956
121.1 64.0711624188671
42.86 55.4989261980181
128.8 139.022751014428
-63.69 -96.6131564946618
54.04 75.0471711979173
-143 -155.976509885869
-30.65 -13.9166145136562
-38.26 -36.7665545931478
-17.53 -47.8590907700364
52.87 13.3032044582983
-60.28 63.9180411697376
-138.5 -144.777385922412
-127.2 -115.533108641713
-78.05 -164.693482416067
-72.77 -90.4723647447442
-72.5 -64.1999463461633
-106.6 -92.3958592908527
-128.1 -159.695822882987
72.7 27.8198431669185
-47.46 34.2991292862532
-110.6 -210.877635029958
62.24 57.2975385078371
-35.86 17.2279375272345
-24.66 -10.1580457004338
-58.67 -93.8673722187099
154.8 171.17256860965
78.59 111.075712349836
-35.85 -42.2670289061407
84.1 98.5030211530103
137.5 126.640062625006
72.47 107.946901858307
116.4 186.57191974287
-98.8 -110.641867688921
30.19 38.9502761258568
84.81 160.874606118557
10.54 -3.17232374576735
28.75 44.6444719169323
-45.77 -131.06360605184
-5.904 15.0871662675024
-1.707 -6.60490882202903
114.1 114.810589828028
105.3 119.447071966946
129.9 98.3339262129598
121.4 146.929200175045
152.9 158.935671227149
83.32 128.354815372965
154.6 129.706574775836
120.9 298.978826893135
99.5 31.70774867066
-67.02 -64.6373594843374
24.94 82.5121728403551
4.75 -30.3575701823429
-73.17 -93.3083191039442
-133.1 -143.94192891502
-156 -202.919205712713
-4.214 -32.9110705155001
140.3 238.679316052299
-58 -33.6693160977855
-79.01 -141.724938788026
46.59 121.157752312743
84.56 28.6695799214878
6.551 -9.76389339192702
-45.67 -81.5067220507996
30.42 -59.6572462028751
-46.94 -63.755488945179
-85.04 -86.6246183917717
44 72.2197133871276
-39.24 -66.8962144823893
143.6 218.203613289902
51.82 10.5575033142915
40.78 -7.38096035794583
16.7 0.19587194234714
29.29 -15.9946445804606
45.22 183.670489259958
-96.09 -148.686738996032
-15.47 -76.7431483306123
-86.85 -39.3909822198454
-3.858 40.7185383628104
-69.64 -71.2422058571098
-90.47 -84.097719757161
78.5 106.099115723853
-19.61 -32.5076087070239
41.59 82.5696499654293
112.7 127.341037111471
35.94 -37.8315368298836
49.26 55.3777942799189
-28.39 -75.6558520295121
-155.5 -119.439546327455
140.3 62.037675751183
-142.6 -396.115639078387
94.91 182.743933225428
86.46 95.9868753140856
27.04 72.9820074936679
151.5 89.2031930499985
29.16 32.4575219009049
38.81 59.1272735305422
53 47.0375665411887
-155.2 -145.431364075164
-109.2 -89.8363946326611
18.66 5.28656582128448
-96.48 -125.18348179843
90.8 110.428895148503
-84.42 -166.524198573847
95.94 40.4247398015227
-98.94 -78.0024952197424
138 125.289259815886
-17.95 -11.7118831516484
-35.99 -30.2358259893675
136.8 140.367749283134
146.3 145.28059758946
62.87 -37.2244069070511
105.1 193.568648286428
-85.97 -102.673108409769
146.8 195.105168255468
66.66 -26.7545043520495
-75.76 -31.6819462094897
-155.2 -110.473610012552
144.8 30.1691047697484
-7.123 -0.52032746203793
124.9 89.0303694519273
69.53 148.05965659747
53.84 78.1846851639652
-134.1 -37.0004169840664
-80.08 -121.608559007928
1.846 31.522498941676
-135.1 -111.809900530914
-81.86 -98.6715891070296
-74.15 -96.6808227082726
-36.29 -72.8968090940884
24.4 89.1927163198195
31.28 17.8255352707658
66.88 36.3432821873729
-47.69 -99.2069055564785
138 -186.737320951833
-70.65 -40.4899752563695
102.5 100.235725006892
95.26 72.160996780611
-146.8 -154.672909718463
82.27 119.548185864028
25.78 8.97002251797966
-76.44 -143.205514070608
-83.06 -93.3075378273186
-27.98 -33.5805201640782
-0.3266 66.8812828113238
52.13 62.8875517852882
25.77 -10.9647585909895
86.39 73.7346475698503
-18.76 -89.4086973786915
-120.1 -152.748345669032
48.81 49.8109858886841
-60.32 -40.1549132559941
-156.6 43.8320185732943
107.6 83.7996235499357
155.3 163.174022572345
34.74 -242.816107739081
-133.1 -67.3639027493864
-115.2 -170.800259067368
-59.24 -457.994688086106
155.8 296.54702441324
130.8 81.3639677013535
-108.6 -100.595903901208
-134.1 -153.659764814489
17.22 -23.3873508992434
155.9 136.010050586028
-97.95 -85.4163774441453
35.18 20.0700703989944
2.908 -98.7768723620711
132.7 96.9376545681349
111.2 150.414373050615
-124.9 -118.819585950329
-156.1 -162.369053223528
157.7 132.195336621735
-24.3 -53.4816308096993
10.8 15.386154408185
16.6 -52.4251964378385
-1.804 53.5059750586783
3.266 -79.3573709711392
116.6 86.8220680729912
104.5 144.279259729949
115.4 127.351358469896
-96.68 -165.719286373464
53.16 44.5990676859202
140.8 32.2315547575303
-0.1059 -52.1434720087511
95.23 177.755806903323
-65.86 907.773914451582
134.2 181.37617326218
22.19 43.0042361638348
-92.02 -54.9334984423343
-139.4 -98.4323285796297
19.24 53.3744267658655
144.7 64.2595245142836
97.72 108.613310878734
3.423 -46.5748365277801
59.2 214.391560255002
-43.36 -13.8365100006383
-64.74 -40.2575499757768
78.7 74.6991202394764
61.22 67.0821096988572
65.51 0.551109612131352
126.2 256.537207714606
56.66 22.4015054621173
81.51 66.0906116487741
-109.7 -193.095153966231
-23.59 -67.8153447266493
133.8 133.761988578046
98.34 138.282821872695
-97.8 -88.2415886143891
128.6 137.663394883189
82.27 73.4260150097802
57.59 85.8839770755176
154.3 218.556215763339
34.19 34.2494410279784
-136.7 -124.976420536626
-3.535 -35.9715821917478
27.45 29.3139069640814
114 286.597847906185
-110.2 -94.8191619050593
84.7 103.768509620959
58.18 21.0944672416489
-28.29 -40.4156927167517
-50.63 -61.7654716415279
-109.7 -153.274211182432
77.03 142.197157806036
-19.81 -45.246459828827
129.3 159.978556505564
117.3 96.0902519702975
-30.7 -23.2285690383802
-145.8 -129.524272779987
32.44 16.0516216099986
159 149.138868736426
29.53 66.3916157038601
-9.92 45.3668110026267
44.96 89.1734765976809
65.82 89.0310743325257
-77.31 -21.3340587157161
-47.35 -64.851124317713
-41.16 -13.0714041434346
136.7 110.236936269525
21.96 74.8954815139328
6.819 -53.811647614894
-39 -14.862460932406
102.7 121.541187156947
37.66 -21.0927061257744
119.9 120.380707357872
-103.2 -155.955941766164
31.7 58.1627309805638
-87.05 -50.95617124642
104.3 83.1615669735694
-107.7 -84.4033478438993
-116.4 -159.105868556015
81.27 60.5335697701427
96.8 164.881196565639
130.3 156.938507165514
107.3 132.91303041508
22.73 56.1218301656082
75.05 62.8073856003016
90.05 91.881785911333
-140.8 -141.575741583893
114.3 75.3067664528899
100.5 49.7111851615872
-4.587 -19.5313530363032
28.92 35.7928435019095
66.43 43.7377267441959
139.7 134.617300179349
-29.47 34.5191852478196
94.36 130.435471841067
102.8 54.4610317216612
68.5 103.355563308854
93.72 105.35604021908
35.36 82.9434901119501
126 140.304865553963
-77.32 -122.274244836545
67.43 9.02613203051573
-118.8 -94.7354167611986
152.7 171.329099061004
-119.3 -165.33051407637
87.37 61.1328750265726
-0.5511 31.7130643035705
32.24 1.48349263016463
-29.82 -27.5571632338415
-119.9 -184.448921339355
-66.07 -90.9380792575178
-73.54 -51.8665425054994
64.64 58.9500109927917
128.9 66.2926148885457
-120.3 -185.628400688485
-51.72 -130.081718229936
141.6 83.3195199925322
36.17 -1.78118698594146
-115.7 -61.4404048295576
-29.44 -13.1762590475035
150.5 182.973856968783
121.5 70.348104508497
-86.34 -78.1570103574689
75.49 119.288453012866
10.26 125.482517858374
-17.55 -65.0855853670359
84.57 135.213390193471
97.69 152.551990381513
140.5 116.726519125613
132.8 272.464951888845
-7.778 1.57663728217054
-69.77 -182.447606855182
-65.35 -71.3533361118113
-73.69 -70.285902122639
34.01 58.9280935333255
-51.42 -33.057284737347
40.49 13.2258591875482
-156.4 -205.198318401388
29.83 52.8732733753315
-71.95 -66.5168383072141
-41.85 5.58791876077154
22.09 45.221047599865
76.7 200.673665774751
12.08 -35.8267750156475
125.4 153.396143285246
40.08 47.8913545320674
0.8238 -32.64579341498
69.93 63.947000653944
58.47 78.4998944816498
78.88 102.751035865454
13.65 -64.0636639286462
8.616 -32.3468029122431
45.77 115.672247457757
-80.84 -78.3364138095939
99.83 135.363000444737
-54.15 -112.903397767748
126.1 110.696161771109
-66.22 -85.0906275285419
-105.8 -192.971483430831
-15.32 -3.9628625494093
-55.44 203.168905732452
-91.6 -123.188250541808
153.2 136.14612576862
-157.8 -278.90637562013
123.8 180.037156310546
-20.94 -4.20307171542218
-81.94 -101.865565276026
-122.3 -2888.20316187662
118.4 53.9019206398374
47.47 -10.137254368559
-142.4 -245.861819083417
-4.859 -13.759147671428
27.98 -43.6646916417859
-66.79 -23.4619792513754
-18.25 -11.1382648169296
83.04 161.208740706648
100.4 146.469272201457
-61.19 -335.158887385887
154.7 170.520656584631
54.39 17.6345082327475
-50.33 -109.149317316482
111.6 89.9397947339171
34.11 23.5883388368983
108.9 140.949559254142
121.1 120.555011394974
97.33 82.2716393820187
78.43 91.9792321256936
138.5 134.875660492106
-47.03 -64.2899748057688
-91.3 -123.609808892777
20.53 -24.6784510996317
-51.11 -57.312269282626
-64.22 -100.074880641377
13.77 21.8349404728017
113.5 113.037927365193
-79.24 -104.222219068489
-146.1 -89.7762898954231
50.92 49.3819401011664
130.6 67.4835147728524
-104.5 -47.753713092909
-103.4 -195.405052354676
-127.4 -166.702821608934
-20.56 -3.20829986116688
-31.95 0.0939230422543429
-100.3 -159.672884727271
159.4 131.511319879048
33.2 220.178945516956
-61.65 -81.5111335691979
3.255 -12.5113689507751
45.13 82.6339404426646
143.7 169.675080003492
-101.8 -71.5119546741442
-64.6 -100.417230123365
-142.7 -115.774835706963
123.3 124.021254924558
-82.03 -116.949820128097
-99.53 -59.8761494505412
-93.39 -100.378528595684
20.16 -17.2270207336444
127.6 160.466782277541
-55.09 17.5379741547571
-61.46 41.3774348273305
-106.2 -150.709110834748
-6.303 3.94281306879788
67.32 34.7366200867106
-121.1 -98.6261307532682
-69.05 -9.96410332693767
67.63 36.7654904618167
-3.343 -59.0278724825879
37.86 99.1161308689143
134.4 153.357403464388
-50.98 -98.5450424622716
-153.7 -192.664235609367
132.2 107.632269758626
43.54 33.9015448576772
51.61 58.4638010745816
-134.3 -201.334185343861
-60.07 -109.514938669015
-87.67 -108.907549297302
66.58 55.4997601665007
97.95 102.179852987087
-83.85 -81.0602088141219
-59.84 -34.4963356113961
140.1 160.194924987244
145.8 605.331699730121
47.07 26.8265445503632
-138.5 -106.085428168411
-142.6 -85.0743053263646
142.2 112.231137890766
126 83.847531829828
152 154.490774464479
141.5 92.1461133609729
-116.9 -219.77550443046
138.2 59.8678727609779
-117.4 -123.095119351777
65.78 101.976552045539
139.2 169.335608587213
-35.99 -31.363307514499
98.56 47.4418602918383
129.5 113.533453968168
-35.83 -30.5933077154536
75.76 77.9174157629784
147.2 155.918168410287
-57.45 -37.4231203056307
-48.39 2.31574511904773
-126 -161.555397064306
-110.7 -86.9412132782302
108.4 164.098136370429
-134.5 -166.182786889392
-53.47 -77.1849146158451
148.8 171.785781379754
104.4 146.63451320284
-132 -167.768904179925
-80.88 -183.509342686519
105.8 93.6541943223123
135.1 93.5417225061465
8.943 65.5241113760825
95.8 74.4791443007125
-70.21 -69.5703312220587
35.92 79.6032986060554
67.99 6.6457077375214
143.1 58.2727801085878
138.7 107.987035703923
104.1 69.5805122788938
32.04 338.540163556855
144.6 75.5269612296305
-30.27 -9.9868524375699
-152.5 -230.192538726108
49.28 -11.8503444409478
158.2 188.273326653487
-121.2 -182.871580110595
-137.1 -36.852288465525
50.48 73.1073747927574
124.7 142.552598056228
11.03 -49.7517567242566
21.8 20.4024961695116
-63.71 -19.2147941441606
-71.69 -87.9708556909296
-3.657 50.551021448388
126.7 59.9881346143259
96.35 94.1384409763041
46.05 7.71388918984671
128.8 112.321079246683
-30.93 -77.6459834340821
-148.8 -14.1457999213007
-142.1 -59.4228006165417
-46.97 -96.3849266771198
67.48 62.9819642086311
157 237.636382476963
47.06 34.7869861922356
37.38 55.770340007474
-123 -172.646171832482
41.03 11.5256409586291
128.7 172.986576589966
22.33 -81.9915959970338
119.2 155.466647054562
121.9 129.765142746882
114.6 139.277592090863
-3.235 -28.6372539353225
-35.43 -93.0915133450854
77.09 -598.645815885507
36.1 65.5207335065995
-27.73 -273.017421182419
0.3774 -242.968019761543
68.51 22.3013716934616
94.13 66.382082200481
116.5 179.84224776808
152.3 116.659725116109
-84.02 -107.336957481223
49.89 105.819892684517
134 197.20028801689
42.01 49.0463551076711
-33.74 -50.6956300684621
51.26 92.2588579953588
-99.62 -115.9954484539
-50.42 -94.0098299737257
66.17 72.8948172172116
-106.4 -92.8471007589477
132.8 388.185816608594
48.06 61.0690890851065
-137.9 -142.511679020539
10.75 6.61711180271692
44.06 24.0211012825596
43.51 73.5721117746576
-61.27 93.8292417680537
-98.53 -103.683928133154
72.45 99.3263208601404
-97.08 -131.044151608663
148.7 134.126736389694
-45.73 -61.2927673087494
-11.11 -3.95039391690614
97.67 95.4193616447213
-30.97 -11.7831424252869
-6.352 -54.6620814880576
82.84 97.6948755533861
79.3 74.3247741215744
-148.9 -176.371419110694
16.74 24.4361620294729
0.609 34.7083000564879
34.83 40.1647151998843
24.84 16.4984520959796
70.39 102.674427226835
-136.8 -144.758156601531
14.39 5.33023639337435
129.8 152.450784822072
-48.01 -25.7091047050799
-34.41 -19.098743586262
-135.4 -108.193996296894
14.7 58.8382684696235
118.8 135.584524387065
-154.5 -148.796914956139
-1.743 -31.8203023854809
75.28 71.1749145774259
91.38 141.524789116873
146.8 110.560928789035
-57.22 -118.885524644596
-158.4 -124.659120772577
139.5 101.414024639181
89.06 76.6720549624223
-75.57 -79.3101658183732
120.2 144.69764345869
-105.6 -91.1131451708198
-99.02 -82.8029639289446
15.34 555.363511955669
72.55 73.3361462029513
21.6 -20.1698589243089
140.3 155.609363118292
101.8 214.040206663937
150.3 105.691846266674
-8.625 -30.6025528537382
30.09 32.9042707415689
142.2 169.724985329956
78.75 40.3579538281432
76.56 120.563229676384
-2.635 -14.8334837722442
28 49.4493772002107
41.83 75.4721138652371
-15.62 -34.301854212761
-30.31 -28.3225024815441
-16.46 -11.7393835980434
66.25 105.799196001007
60.94 48.1522061915234
100.5 117.605426373729
156.2 114.061826987613
146.5 249.688025428073
-46.4 -82.0769010949061
-89.65 -50.2119267836371
156 166.664637705473
21.28 33.487752798374
101.5 145.474274837655
64.05 51.197320489546
35.76 20.3100596490093
132.6 132.756518703239
-126.3 -164.441300500804
-70.86 -146.430770679065
67.57 33.8504988386567
-59.54 -57.7460590016425
-4.01 -37.3268909407675
14.02 -2.27184792787851
-53.98 -125.80575541214
17.67 13.0858395991854
-109.2 -222.282037110041
-141.1 -113.398536596425
-0.3643 0.895630535043683
-57.15 -11.860083124102
87.56 162.610290764587
90.68 62.6585269510957
39.34 -0.630152623634023
-3.085 -45.9708991391791
132 149.414145725098
122.4 194.601537719614
-79.8 -87.3952201701089
13.99 -44.5391661764803
128.8 128.545446354429
-131 -614.812913992326
13.84 -8.50904261962369
-91.04 -124.511460563351
41.32 -0.444483190027267
108 158.127696217061
146.4 94.191576722864
17.97 -28.8107331028004
11.69 -15.7373699541792
5.6 2.38234534629917
-136.2 -111.574252477346
-41.66 14.0634680301798
-111 -123.440072361367
-87.15 -128.259762890732
39.54 126.761574454678
28.69 10.8395287385031
131 102.482672208359
21.21 -29.9937562289352
-124.4 -160.510636985491
-35.85 -13.7811791889522
77.6 51.6301680030429
143.3 107.86206880832
1.719 -8.68189998740206
95.64 141.148759146357
42.97 91.4304980101855
145.8 68.7368573851651
-118.7 -133.863683801169
-13.66 23.2739306568463
11.29 10.7002125296046
-72.26 -31.2920305680511
109.6 123.642672579044
109.3 69.6505572025739
-9.036 -41.3602770977279
144.4 -13.4518243317049
72.32 124.527946397514
87.26 75.4061168730729
3.307 -267.117152963997
156.5 143.282078622672
-56.81 -60.5245610719146
33.81 -9.02808888502165
-146.1 -204.122939604624
-1.388 -38.1875099519407
102.8 138.245693633124
-40.91 -55.998556999829
15.53 49.8491201975849
-97.55 -80.6620074363045
141.6 174.036777725851
125 97.8996858644214
24.08 16.6954884159006
-85.92 -142.514326857988
-108.3 -190.568814341122
8.16 -27.0699711240947
142.3 122.953167177346
-34.29 -69.2744992592122
86.39 27.9266380035295
32.06 -28.9465877832668
-0.8557 14.0377938160349
62.7 59.8656944129668
-122.4 -161.203339753654
-42.82 -54.4630635891317
-0.9525 -5.10647657286205
70.31 76.6672033068164
-115.7 -90.7242111906491
38.38 19.1009303494274
-87.99 -47.1633384610947
-86.99 -84.4825958342254
-82.88 -93.7890543648897
14.24 -11.8534099022671
-38.1 -118.767661102872
-12.54 -34.1902477253165
91.36 59.6960800916255
92.15 73.964853309261
-33.59 -30.6813315250163
24.36 -0.925507774373567
73 -2.21061618687758
119.4 125.583867193034
-48.28 -137.248273934109
98.59 -26.9041760474357
-95.47 -204.013025874697
36.38 -777.622290408649
53.52 51.6913288651402
11.74 -0.471376665789213
76.74 32.8192901976488
153.3 151.177280877923
123.8 216.016475963196
-154.1 -123.70766545545
-141.4 -179.776532321391
-41.97 -14.8989446898347
-65.01 -79.7056442670409
72.03 55.2299619202489
137.1 69.8757413319199
155.6 113.532852388931
-53.19 4.53012062601061
83.99 96.4075668066113
2.313 10.8949224590675
28.03 -36.4781858572572
70.42 35.0214518812409
96.28 8.51710810123412
-133.8 -148.547384839463
-81.69 -88.608580371673
-111.2 -103.98546392889
124.3 239.084804194367
-122.3 -155.260844622169
6.211 -21.4291455432443
-78.69 4.84493791108156
-33.94 -55.9042820555415
150 112.30268233398
-142.8 -182.723319661465
-7.108 -25.9303124917477
-132 -198.580760810927
-40.32 -139.8186465855
24.6 50.1114302806759
-155.3 -173.501877778232
-118.9 -87.9266494519003
-60.51 -96.9580360684381
139.6 146.331409524828
91.85 37.5251752220752
59.23 82.1468175497502
123.7 85.695478028689
6.42 -39.8961735133564
110.6 -390.900393904109
-1.82 5.48053256563957
-17.35 65.67481015233
110.9 62.5355760197615
33.45 12.5322182594773
105.6 120.76356072037
-83.83 -105.206364089712
-45.11 -41.9267551405832
64.45 158.407047687917
118.3 152.300948793637
-152.7 -144.53091158062
-154.9 -174.976939632933
26.93 66.8190648948743
132.5 78.029970616136
133.2 135.16599131401
-35.96 -65.4950596247489
-65.52 -5.66969644444772
89.92 97.8565599700938
-95.05 -125.079619044733
118 125.322704217445
150.6 248.16569041128
-111.1 -102.478438598527
-102.1 -125.716968827762
7.019 1.79889921982886
154.9 231.289681116038
98.68 103.696571382945
-142.6 -202.825279763355
109.8 75.7735291869689
151.6 194.46812438189
-146.3 -74.910249618497
-55.1 -105.907669078267
-94.74 -113.488237260968
-89.93 -98.4039097644524
-47.57 -5.62117242863181
-45.59 -61.5266059164422
96.78 133.593507139299
123.5 123.471418072169
-122.6 -135.440094958961
37.46 9.53906456050735
42.42 60.8572848501168
-35.41 -116.328750785309
52.27 105.654255255943
-147.8 -183.173165736029
111.7 -19.2313273227133
60.41 62.7623922493711
7.296 16.2242333940054
-14.41 -77.8998334535221
-159.4 -164.384648457064
-80.63 -57.1014843918025
-61.83 -125.103748731533
33.52 38.5631372868006
-44.4 -132.171586502302
-98.11 -95.6033909686138
-67.1 14.4339709497696
10.34 -10.6626976657648
-113.2 -66.7976551509005
-3.449 -21.0066165558384
-41.98 -50.0647870266059
-45.36 -76.1201928958588
-5.294 -41.1031822513583
-12.42 0.481389782093052
-1.389 -8.80568706036665
64.64 56.9013100700636
71.83 45.0858481828033
5.541 28.669405584866
-31.57 -174.893668360514
137.1 122.623300148057
16.72 35.9606563179088
-7.044 -20.1580615748819
-159.8 -221.941684830701
-110.4 -177.457871532191
39.66 18.5916654257226
-100.7 -112.79421474817
158.5 179.755010723036
-82.99 -65.6896885236983
-66.92 -120.623980513317
83.16 95.8229121453436
11.53 30.116379465552
66.65 65.9083959034357
-68.7 -150.765646488057
-6.251 -42.4856971258355
121.5 263.578086805274
62.81 13.3753318438098
-81.18 -85.0119494660833
-80.09 -49.4669270619253
-72.44 -114.880840401069
96.88 121.537028538107
-51.44 -96.6272374857502
38.76 226.799690077313
44.7 62.0856643894256
-85.11 -133.390742933982
73.55 54.4116055802677
-49.14 -2.01776880755905
-131.2 -100.501225034646
-110 69.337321113007
159.7 141.719249871918
37.62 35.0693240633985
158.9 172.296195278638
-100.3 -153.579962529876
-91.27 -134.534966075679
-53.72 -45.6303596684434
32.56 -37.797384340478
-81.78 -191.447697491087
-9.326 65.8132040310327
46.36 37.0293687651205
20.93 21.394102030111
91.53 88.4014553550686
-138.3 -142.329796904275
-33.56 18.5681924986398
-67.11 -58.1979242191065
-4.637 -12.178364003952
-133.4 -144.769914080656
15.31 11.1296404104257
-28.92 -8.95296298044878
55.7 47.7130365971071
-67.76 -132.659359597116
18.27 127.517530494289
-38.77 26.6783313056837
-73.08 -86.7417185023474
44.17 0.135581849607978
54.63 109.633671849621
-139.5 -127.24225214136
-78.82 -65.7174628209106
57.99 138.426212807674
-70.36 -95.2049407824046
-157.3 -136.166593790349
98.51 138.100677954731
11.31 37.4206835880146
-10.9 -38.2218940590037
62.7 122.02513940232
-38.79 34.7542012397769
21.51 25.1330825790746
123.4 102.476520616652
