33.92 31.217021676
27.64 28.38328798545
38.2 39.03852483276
29.88 29.802040841694
40.18 39.88170481392
34.23 32.41262194788
32.92 33.959507242032
28.6 28.2339738285915
24.66 24.951621845664
39.6 40.8218422584
36.13 35.55659507568
34.93 35.38591657692
24.31 23.74529498868
36.26 35.7173380602
34.34 35.911800104976
25.59 24.268099020174
37.97 37.99899884412
30.39 30.654307191822
30.24 30.2054753602368
24.62 24.04015939284
32.9 33.8327364735552
33.5 34.3572658790676
30.77 31.1511359820017
40.98 38.72563363248
39.04 38.87016617988
36.03 35.88840113472
34.49 35.00775254448
29.73 28.8322567060479
25.01 24.5490263110644
38.33 37.46877355056
29.51 28.509068786208
35.84 36.07693354356
28.55 28.76190435972
41.33 44.50260263652
24.61 24.17989526508
35.43 35.6043393336
26.85 26.5650350104224
25.18 26.46921043395
38.04 38.89239811476
29.9 29.50229467875
29.56 29.9161197585996
37.64 36.68899842612
25.37 25.27917313308
34.3 33.26376797124
32.19 32.7078721898544
36.8 36.089824581
26.62 25.81339121712
35.43 33.61356602496
31.09 30.871195053576
36.14 37.6789117818
27.28 26.0912239393344
41.01 42.60917763012
40.46 39.3399885144
39.24 37.81822220688
36.87 38.5891710888
28.27 29.057626759176
28.01 28.01793722211
34.22 33.63838684272
34.73 33.49359567216
29.9 30.6406693060848
31.14 32.5796208747994
39.61 39.3050912406
37.89 37.60269199968
25.48 25.75155103632
33.72 34.370394266808
35.46 35.24771626512
40.65 42.65096807856
40.61 40.0891964088
34.49 33.3079990392
29.38 32.1900190132512
32.29 32.9334602902452
30.91 31.4581113645002
35.04 34.81574902224
40.27 40.33045962804
37.3 37.2778374042
26.22 24.88632769008
29.69 29.376994059888
25.48 23.7707721486
30.12 31.350599702046
30.81 30.8412706928901
35.62 35.9122037454
35.44 50.7569184408
32.22 31.261483792998
39.73 37.35908038068
38.53 36.39666202416
39.13 39.57497457312
24.69 24.29655498576
37.24 37.15765908228
26.51 26.273179203
29.12 28.811438127054
32.14 32.85772930287
33 32.55192063792
25.17 24.5891831832
33.79 33.7299604914
39.71 38.82502137312
38.52 39.53137655952
39.41 39.214286991
40.32 42.15810798612
35.81 35.40522032604
27.65 27.714422391582
36.84 38.11511956836
39.53 39.3701450256
30.38 30.1575937062048
26.66 26.861888849184
24.44 24.5783105155668
29.66 29.2074544877887
34.41 34.030005636
25.32 25.8177013399572
38.15 37.82528794692
32.33 31.623294375
35.73 37.21670962164
29.59 29.6752375497024
28.74 29.153972614248
26.29 26.02115946864
33.22 34.526659776726
40.64 37.0162960062
40.05 39.28007175072
26.71 28.0834747784102
31.81 33.2223072422544
36.92 43.828629549696
28.92 30.452825624616
35.93 36.23068711872
39.53 38.5341309666
30.16 31.0961671274619
31.16 26.091965251422
37.55 37.26453576336
26.67 27.009636347664
40.27 42.94332949776
38.78 38.86169166
39.51 29.7610676616
34.43 33.36989931696
40.18 41.58087401772
35.2 36.76713371388
24.63 24.19468039044
37.24 36.62593109316
26.43 25.35422882676
30.74 30.238382039328
24.29 25.197422412
39.49 39.7472952882
24.93 24.187894476
40.32 42.7157386434
32.7 32.5665630357264
37.9 36.8085799566
33.71 34.8336168557184
39.17 38.18095618608
35.4 34.9787891598
34.7 35.29700987088
35.2 35.85565685424
28.09 28.412447347854
28.6 28.16159280864
38.15 39.33185047344
32.74 32.43378292704
27.03 26.97134000796
28.53 28.7785888326
35.8 33.21452876748
28.2 28.3367429378064
28.76 28.78868819652
37.06 39.03364032828
24.38 25.6264564031009
27.77 27.290982022974
30.17 30.553439794224
39.94 41.9451852546
27.47 27.4471981103769
26.28 26.7065369832012
39.07 38.31510232176
25.66 22.61485811388
32.69 31.36673987379
40.16 40.6073954232
37.5 38.4426880902
24.15 22.61967802128
27.04 26.9255675448
29.48 30.6967275966192
25.76 27.4907313452364
34.95 33.98715491916
34.81 32.06449593684
32.22 33.4722033635376
32.84 32.92801862544
32.68 32.93545118256
37.38 36.98453777964
33.62 32.264038300416
27.81 27.5315461963212
29.35 29.500517693286
29.68 29.5846675968
31.86 32.7724510607554
38.12 37.18433357388
39.43 37.03586618976
33.13 33.2633922744
29.06 29.70537126768
38.12 37.0701091422
29.29 29.01930113823
39.25 37.90533391632
27.8 28.05314820291
39.42 36.903277695
30.08 30.2902825904064
31.87 31.933296122886
26.46 26.422032633288
39.95 38.85357859524
26.87 26.8050960462
26.32 26.4007833095232
34.38 34.049056908
26.28 25.353274500552
33.39 33.03629720448
26.8 25.89462386436
30.86 31.24488967011
29.76 29.6620427423808
30.8 31.211590997664
31.9 32.9402555761344
33.53 34.3834599192
28.8 28.1726281953516
34.66 36.75614290116
39.95 38.68888711104
34.35 31.79258885172
24.67 24.299360289
34.63 36.429102643248
32.76 32.644729868832
36.23 35.29012153248
27.1 26.81225148987
38.51 37.2730469454
28.23 29.01408476571
39.27 38.25823057692
24.58 25.117212138385
33.27 33.46770316464
27.21 27.33554036928
37.92 32.74019396628
33.79 32.50934615892
29 30.5300870748502
40.28 41.09632628292
28.87 29.831588790624
26.11 24.76520513712
38.63 38.1063761298
37.72 37.38403787904
24.16 25.5441940549056
29.81 29.698771047966
32.26 32.956660562004
29.2 28.5515964364464
35.09 35.401651632
32.12 32.3032249086048
34.68 34.914762024
39.24 40.86263885136
39.81 39.91433962608
34.93 33.95385380016
41.41 42.36410384208
40.36 38.75313558228
25.31 24.78498321312
38.86 39.60248602404
25.8 25.1114573208
25.19 26.7019937230356
36.05 36.2548668312
28.85 28.1467614442298
24.87 24.7029404348052
33.3 33.340284072
34.95 35.91715359276
33.57 32.21931100956
32.52 31.92904247184
39.42 36.212480625
39.46 37.45975412256
28.1 28.5336929219424
37.89 36.53279006448
39.84 40.00454177532
39.05 37.7150392296
36 34.521173352
36.55 35.57594839728
28.34 27.8437394402545
30.92 30.495423885066
35.48 36.93803577804
38.13 39.09914450388
26.96 27.07835775792
30.05 29.1852775325376
36.58 35.21704578516
40.26 39.47164942956
37.22 36.282398283
26.25 24.258146576616
33.61 33.8689646922
30.04 28.826438546238
34.32 35.0506417014
33.16 32.77738081572
35.11 35.49789557808
33.2 32.77111287024
29.18 29.942257105368
31.84 31.31337872016
31.06 34.57957394553
28.3 28.5215918999508
28.33 27.7310275063189
27.15 26.0799322926
32.92 33.4864268137212
31.12 32.2023656790912
30.98 30.910143704184
27.75 27.51171396336
32.78 32.604989179134
30.24 29.254327593966
26.82 25.9669677687876
29.24 28.496940092934
36.01 36.19869674544
29.77 29.460629290272
38.48 41.37980642688
26.6 26.9286317295888
31.68 31.6118523365676
40.97 42.8432180958
30.89 31.334517779904
27.15 26.8051217598566
26.7 25.97359378608
38.41 36.61384764
37.36 39.99484470492
35.24 36.16731411612
29.87 30.1696120946304
24.92 24.97994876304
30.81 31.759373091801
40.13 42.84454549152
39.07 39.46471490172
32.49 32.073000535008
35.99 33.5234912982
27.67 27.690384588
37.94 36.30636449604
26.7 27.3215542690216
32.39 32.84504040951
32.11 33.4204793516052
39.08 41.77446068196
37.16 38.283255084
40.23 41.3145100338
29.75 30.8583621855168
36.17 38.07261713808
32.34 33.3276877778496
30.9 31.8060307300608
29.21 28.37266922943
35.45 38.64473265852
36.17 34.870966617
29.36 30.3852761545152
40 40.638283164
25.53 25.227159636
26.74 28.222001747808
30.6 30.184383570246
37.25 35.147107503
31.41 32.309355394633
27.03 26.00694367452
38.56 39.24661154352
38.85 38.04308079024
36.1 31.74851282352
35.47 36.53536190604
37.46 35.6841594558
31.49 30.570472601982
38.94 39.08602919952
34.2 34.99425062064
38.91 37.00705861728
31 31.29505416135
31.73 31.5856582287564
34.69 33.47065148844
26.01 25.6744360648176
40.58 37.8014589624
28.73 28.878496831032
24.12 24.5687881205988
25.87 25.92505037148
29.83 29.08949341119
36.9 35.2529011128
38.17 37.88863866
29.16 29.480300527662
31.5 31.44398066832
35.22 34.47101983116
26.77 26.51308035312
37.68 39.0378984366
37.69 38.25997822512
28.36 28.003887889536
33.52 33.27639873972
40.38 39.89437485168
38.64 36.584412156
24.36 24.492599595
35.01 32.62747500324
29.17 30.819568965216
26.65 26.943092991
31.1 30.614050815498
31.53 31.0677170322
25.46 24.874833350592
29.95 30.2834751999108
26.32 26.93703182283
38.58 39.95242295472
38.12 39.17321448288
34.43 36.20724077796
25.86 25.79688665772
32.97 33.3764574573888
30.14 29.737835358702
33.56 33.034209682518
29.72 29.228204952288
26.99 26.9817063882336
37.72 40.19178408468
31.92 33.0697695701568
29.98 28.5390358674
26.03 25.9934202846
28.94 28.75669868079
41.21 41.93729971452
29.93 29.7655884035148
40.58 43.06419110316
31.27 30.92989186323
32.55 17.90313752676
26.38 26.97393761196
30.17 30.6449126242524
27.78 28.9344924608661
27.6 26.7402574080384
26.59 26.012895696
35.53 34.98447955248
27.83 27.9041101696032
40.36 40.61133029916
37.46 36.5937358896
33.05 33.71879798172
25.44 25.76533242708
30.97 31.3962881840326
37.84 36.65252645244
37.94 37.02724916652
36.25 34.71189938772
26.76 29.15452385616
31.39 31.589208952344
30.85 31.9421966000832
38.18 36.64484183424
29.35 29.572755823584
32.63 35.6587648957476
29.88 30.2630386504875
37.52 39.28258819476
40.35 43.1721149022
31.68 32.2649777352972
31.67 32.4076394959956
30.65 30.370603097046
30.01 29.5210395256896
39.1 40.27243477104
37.09 36.63483299052
40.6 42.2921566056
28.94 28.822092066846
35.01 33.15452752368
33.29 33.815528223
37.19 38.4525425502
38.78 37.73374493532
26.25 26.98506738948
31.77 31.8609468431676
29.59 29.41328993904
30.58 30.56210465832
29.42 28.939941867294
26.78 26.653979728638
30.78 29.91554754687
33.18 32.77806731364
24.14 23.566943175
35.02 33.42804886836
26.18 26.2441527213528
27.33 28.3740434616
34.8 35.24491033476
38.25 37.85423481972
31.6 32.3557265801808
40.28 40.1038259184
30.06 31.348741600206
30.96 31.432370537442
25.36 24.8719789928208
29.76 30.0132371034564
35.17 35.03081198868
38.71 38.186763873
26.56 26.31029635908
29.44 29.5511737016402
37.61 36.8140727358
35.81 37.96437830988
38.05 39.7828416456
31.38 32.50101302505
40.05 42.87066343308
36.96 36.45280754928
36.15 33.86179969428
35.6 36.1588265256
37.76 38.3698395576
30.79 31.2155671874796
28.35 28.367771223264
35.5 36.6773955768
27.45 28.1922688656
25.06 25.843651810518
37.36 36.111901341
29.29 29.428923012024
26.23 26.09906318256
35.82 37.3624113942
40.98 40.77227168688
33.1 35.0280758822976
37.25 36.52160971824
24.53 23.3984808714
34.57 34.27425514644
38.96 37.9702720326
32.47 31.23991503216
28.16 28.2028093020288
31.35 31.051384040232
25.69 23.86521488016
25.55 27.708206320224
29.93 29.855710719414
30.02 28.9846750648716
24.88 24.816096393
37.1 36.41590050156
39.76 38.45807278272
37.7 36.979517208
32.81 33.052276331808
34.71 35.33163007236
33.53 33.8202430584
28.24 28.4062188482244
38.3 37.84030414092
40.21 40.3250577138
24.65 25.01622344544
31.15 30.76771378608
25.53 25.6080621816
37.34 38.43677750364
28.45 27.668818929438
35.32 33.88047465444
36.5 35.79952924956
25.57 25.31952790881
40.66 40.16258303268
40.12 39.52350427632
27.38 27.319128128928
29.96 29.3353717952388
35.47 34.21972091232
31.73 32.293507593282
32.59 27.356763475926
28.05 27.502452877758
25.68 24.01074497136
29.82 30.4124994920748
40.01 41.59006675632
32.66 33.208287533952
30.64 30.23446537995
39.88 56.455914377376
31.91 30.800131956702
39.29 40.19401007628
28.56 29.1572031335904
25.12 25.7630288256
29.93 29.405990945299
36.22 35.61355224528
24.46 25.046252117568
34.52 34.41948762672
27.98 27.479971350438
28.71 30.03645124992
35.38 36.99065851824
34.16 35.4575286282708
26.51 26.67520966464
33.52 33.64161655248
27.63 27.176918902326
35.36 33.12062284848
34.65 34.0778088726
34.78 35.5316977128
24.51 25.3511332662384
33.15 32.50578178164
27.46 27.300061112592
31.9 31.60197943452
36.11 36.66175205484
29.88 31.285667552862
26.6 25.75616112336
25.45 23.7894397002
25.81 25.57864288044
37.45 35.65837639692
39.97 38.33946547632
39.43 36.75791632464
37.71 39.52865691492
30.6 30.7161094412352
28.95 27.43981454331
37.71 37.34991873852
31.57 30.851108399064
30.02 30.3673894456416
35.63 35.53433960028
27.48 26.6314913351424
32.94 33.5149775326368
38.8 39.15870727344
36.45 37.06815474672
24.09 24.9695503376832
27.31 28.6704015718752
28.66 28.8110197363332
36.47 36.65788044948
30.44 30.21619076076
37.79 36.52354705068
34.95 33.60992263716
35.83 35.9123534712
27.93 27.84437286435
32.81 33.6903257340924
32.22 31.768122564504
28.2 27.15877943067
30.62 31.407420207726
33.22 33.443178880176
32.39 32.594097424302
38.93 39.84086285412
28.33 27.867295394112
27.11 27.22033016112
31.41 31.715121262506
33.17 32.4228710934
29.3 29.113698223638
24.53 21.80368355376
37.54 36.9954779466
38.81 36.88713591408
27.82 28.0270596683328
39.34 39.86623188036
35.08 34.02121987728
26.58 26.056371824832
32.98 32.8481776296
35.51 33.89653770588
29.47 29.457091827888
35.46 35.54223985152
37.01 39.02074711392
39.29 39.62862018468
37.25 37.5848340654
35.54 37.45120565316
35.59 36.7320525288
38.41 40.1108278566
35.79 37.40431276332
37.95 36.484027137
39.37 38.37186154656
31.55 31.416260799822
29.64 29.680611743352
38.11 40.10701323204
30.44 28.87495858323
25.92 26.5480923783564
31.4 29.948699952192
33.26 34.785371417688
28.13 27.5376743881428
29.42 29.1870443225628
28.03 28.030986019554
26.63 25.518463211526
39.46 37.15275445908
36.11 35.34317161332
27.72 26.8233819667776
29.6 31.717009075974
36.53 36.0587712096
36.71 37.15372798224
28.31 29.0418497157648
35.93 37.61864316336
35.68 35.60559664236
32.81 33.5610530451492
33.25 33.0198474006
30.78 31.2436759093956
40.02 42.66573963156
35.33 34.41277970544
24.05 23.76826878084
40.79 42.2958648306
36.97 37.042408203
32.49 31.2228885384
28.36 27.965892538776
28.69 29.17407513339
33.82 32.48471766
38.19 35.86176404832
35.68 34.76215243764
37.15 34.48943698596
24.53 24.30860431812
25 25.134540167328
28.77 25.434256914642
39.41 39.2497802046
37.47 37.2279278664
34.85 34.89990357636
35.13 33.64968678732
41.35 42.96726427092
39 37.14037291776
27.81 28.26656717928
25.2 24.6033374778
33.83 32.98182534132
33.09 34.4135030429568
33.76 33.38172079152
37.87 35.86773110256
29.8 29.3211635768592
34.96 35.2041517224
29.38 29.760146556474
40.41 42.96553308
27.45 25.8710530197744
32.4 32.40882409845
26.69 27.162902215368
36.69 34.63795148484
36.46 36.0579831096
31.07 30.8182924246848
34.1 33.72535217196
38.42 37.1040269118
29.91 29.617927749336
39.62 39.96992969532
32.81 34.3173237081732
26.71 26.9835113592
36.48 36.17685748272
31.59 31.4614705775328
29.17 30.130360087008
34.42 32.57379763524
37.71 37.37633158188
26.71 27.57489211728
26.9 26.64882672
41.01 38.74078494756
33.02 32.65344478596
30.6 31.2263567099196
38.94 38.4939426744
31.61 32.0316306392297
26.62 27.0787835454156
35.75 36.7902661842
40.18 39.265313328
27.69 28.45489580604
24.55 22.99830354852
27.11 27.345363415368
27.1 26.6314801833495
31.98 32.11994007555
28.06 28.462700532
26.71 27.4163785725636
25.35 24.52690517376
36.77 34.81760513844
32.89 34.2685173284448
27.03 26.7736643185008
38.39 39.6567964902
29.04 28.899458774784
24.3 25.6179660032892
31.01 31.365996338352
32.61 32.66365327548
36.94 35.58739964148
37.34 35.740002543
29.34 30.964259939094
40.13 38.858377164
36.77 38.03182688736
27.14 26.7953813562492
29.65 30.091429344096
28.39 29.1901622154269
30.91 31.40802389187
35.34 34.67744827284
34.09 34.77146509476
25.72 24.89813698368
30.36 30.0775473059292
32.61 32.57051038335
24.17 24.20560007088
29.61 29.51493242172
34.34 33.099678684
33.98 32.9861559942
24.48 24.57013877124
37.66 37.31978010384
39.2 40.02660137232
35.85 34.7120329074
24 23.353394187
36.33 37.3719583896
31.68 30.315640169568
28.4 29.760910948704
36.38 33.4840233744
27 27.172361359992
27.35 26.1242951757804
39.91 36.6823475358
38.04 36.59847819948
25.18 26.253669491298
33.06 32.001234052854
33.97 33.1447532346
25.37 25.9611094934532
36.23 35.0925475752
28.12 27.95742392616
32.79 32.06638923564
39.27 38.41703801148
25.17 24.9194096087004
33.8 35.02810005552
35.22 37.694956646568
28.29 28.792271806944
28.05 27.949003011342
29.67 29.994015438486
38.74 35.83150140084
31.18 31.389363575748
38.64 40.0051183608
24.24 24.54066570576
34.44 33.1957825848
30.55 30.4026067000596
25.78 22.040241195024
24.46 23.092061712
33.95 34.7924078226
35.01 35.35330006188
31.83 31.478777430048
24.25 24.90840329604
35.85 35.76335877084
38.77 37.12691811216
37.63 36.03894627168
36.23 35.66222953308
33.27 32.82085451868
29.61 29.803756006944
38.44 39.4991139906
33.62 33.12621922608
31.31 31.7978221235153
33.06 33.9280803895392
40.61 40.9319687016
28.76 29.3375461835328
26.2 25.91828681916
31.49 30.867440300838
35.42 35.77664330352
25.27 25.20412332564
24.2 24.11953225068
35.14 35.55371339412
39.15 41.51265139548
25.05 24.6780377352
30.3 30.488195154726
30.23 30.4517356185444
29.98 31.056293197206
28.3 27.40191864903
36.07 36.22974409104
30.44 31.0301242526892
25.3 24.5225420904
29.65 28.3493649777754
35.61 34.06422042132
37.7 36.5123054328
34.99 35.01720098208
26.38 26.843726606688
33.06 31.9277301966
32.36 33.0180849355068
29.1 28.794962887326
30.34 30.8894070015516
26.34 25.4432185446
38.35 35.1669747768
27.03 26.7081278114772
38.58 37.6671486546
26.79 27.7089906203868
39.96 39.34387532532
38.73 39.053701737
41.48 39.90531334572
29.52 29.2086978792
28.09 29.024935839966
27.46 27.56112015504
30.83 31.7381133255091
33.71 32.7913648194
33.54 32.91377960844
24.24 25.7295427938
28.23 28.0763462742593
37.17 37.82704751568
37.44 36.42746045076
26.84 27.995149571448
27.61 27.0773946434532
36.17 38.25935531316
35.03 33.56641399668
26.67 27.00365213232
30.43 31.0266479464625
40.52 39.84961129164
37.25 37.55169810288
34.52 33.25702489356
37.04 36.10866879792
32.33 33.3916987863276
34.58 34.0269842184
27.03 27.53409681396
26.1 25.65039403824
39.93 39.69122657328
34.52 35.43369755856
32.59 33.611451674796
26.92 26.79377108304
40.65 43.1812433112
35.19 36.31558496772
30.59 32.230766240256
35.67 35.47244870832
28.87 29.957840371685
39.55 38.2340068224
36.39 38.06469868464
36.67 33.91099992012
39.43 40.03218699516
26.37 25.71676497648
28.86 27.57270150171
35.57 36.39384808332
26.05 25.79460811536
33.48 33.3672614898
33.2 34.6385042364636
34.8 34.9038611544
29.93 30.2972654004759
37.12 38.47758969744
32.59 32.38712517636
32.93 31.60005400164
28.85 29.8543377552996
31.07 30.897172431198
34.31 34.55902678896
34.15 34.1766572568
36.15 33.80853834636
33.22 32.80858994064
24.22 23.7155090688
34.68 34.07124495024
34.91 34.15693389888
27.29 26.9534953656
34.1 32.800728636
29.76 29.705587593678
30.42 29.455706712582
39.72 38.39548040532
28.8 29.8390710628493
36.86 36.89040619548
26.11 25.84688178756
25.97 26.76337580688
25.86 27.0991737725189
26.1 25.17320569356
35.69 33.126465231
24.78 23.58039544368
31.13 30.080043079512
25.49 26.12037298032
27.2 27.19194209376
25.6 24.70200370848
26.64 26.23221023988
30.59 30.179726545032
25.94 25.99886768256
39.32 41.8387871862
37.31 34.74991158192
35.69 35.52124616652
36.62 34.75414902
40.85 34.3955255349039
34.35 33.31496217348
27.99 28.5526058578675
37.22 35.802842652
38.36 40.48517718
30.41 30.086081540136
29.23 28.941745555992
38.54 37.87840002576
35.41 35.2827807894
30.87 30.659851006368
26.74 27.1396764165375
35.63 36.38949846252
24.33 22.70422045872
37.18 37.14109880724
30.25 30.294247380078
27.86 28.1749440948837
26.4 25.54092508464
39.72 40.59891912156
33.87 34.46294644284
40.97 39.09297787044
38.51 39.1937056488
35.61 35.00605399248
40.2 41.43080370864
40.99 42.7621094766
24.4 24.41785387824
34.3 35.655271461888
36.48 36.4942963086
40.94 41.25155026224
39.42 39.69262116912
36.18 35.8754849754
29.32 29.175820607202
31.03 31.01955788607
31.34 30.509631033054
41.01 39.73722424092
28.66 28.388887008702
38.48 41.14335176496
27.21 27.6123640368
39.56 36.90888286692
27.29 26.31463253568
35.77 34.91011203756
33.94 33.08529489552
37.83 36.39906592164
35.48 35.2511486226
27.46 27.69836135796
26.67 26.695705179342
26.9 28.3223188731456
26.67 26.86803941955
37.48 38.1489210936
30.35 31.243671951912
32.5 32.180587634112
35.99 36.1853638686
25.06 24.2184372294
26.41 25.67337181236
27.71 28.7904544916208
24.43 23.7247154094
25.67 25.01572679028
32.26 32.06252670384
29.53 30.18642511188
29.21 29.311783860192
33.31 34.9291410048576
27.86 28.325067737664
27.48 28.0429234008
26.69 26.3603151308772
38 37.4587590546
29.4 29.4809642557092
34.83 35.93327100516
28.87 29.33634528639
30.13 41.694777565494
35.11 35.725075851
36.36 34.83679066032
35.65 34.98671214732
36.38 35.50376956464
29.33 30.9857997356863
37.82 35.7433453968
41.38 40.46306343024
33.38 32.88358148112
29.03 29.419734700008
39.3 40.7566453488
28.05 27.171096401466
26.64 27.117963703194
25.93 26.8438223922
26.55 26.46167797392
26.28 25.32023258796
27.4 28.115777294664
37.74 36.62179994064
30.3 29.799814977558
40.73 41.8674097464
31.82 31.328717316768
31.83 32.3070621062292
29.13 29.772559501464
32.74 33.489729841182
29.14 28.6348225434
25.48 25.9730762958
36.19 36.81422913828
29.52 29.3013941494234
28.72 28.7344809442035
33.89 33.3210608862
41.09 39.63329481168
30.91 31.028118162198
27.45 27.34618805316
37.5 35.12079134604
28.06 27.593906876952
38.94 37.48753068384
24.71 24.5535963
32.04 32.9183864449092
28.64 29.6830897561044
28.3 28.2313413232397
37.35 36.67190726592
39.84 42.00152037876
39.96 38.94635811024
34.99 35.06589887472
27.11 27.4418581338
24.19 23.2023089976
33.89 33.27284435376
32.56 30.05551920567
35.83 34.89551535024
25.58 26.3359480417728
26.84 27.277061953512
38.88 41.0707948704
36.13 36.84974599728
29.73 29.4521910582816
40.45 39.60845887248
31.18 31.7707915633572
38.04 37.3948963848
35.7 35.24220369252
29.35 29.3833685418392
39.14 37.1302155432
37.52 37.22911524
38.52 38.65806666324
28.47 28.79914234128
33.16 34.2134095275072
36.11 35.16179883312
31.38 29.690477282118
29.52 25.09489230996
32.08 32.388871070664
40.05 37.9048252062
26.17 26.29868288076
26.6 27.066971083392
25.11 25.168266603
32.72 32.57515504368
25.47 26.911064920158
34.9 34.8210262662
26.06 25.97603597016
26.83 27.53585147808
28.16 27.744464957088
38.99 37.71660266208
35.51 33.47544807216
29.4 29.0906314634256
29.71 30.41238956976
30.15 31.03378724592
34.97 36.73222526064
31.86 31.6480024247412
36.88 36.07678544688
33.26 32.9331821544
33.78 33.84635398608
26.42 26.787967896576
24.16 24.2663962901268
31.56 30.963750165792
27.76 27.74868999372
37.74 38.8352558178
25.6 26.6633632152
28.79 28.300777499478
24.69 24.119797668
34.58 33.6979045278
40.24 42.148613949
38.84 39.13820923452
26.27 26.21002416516
32.78 31.7697640506
25.74 25.4170021551348
26.16 25.77431598816
35.63 37.239984273
37.15 37.36453899312
40.43 39.80781357792
40.62 43.44536604672
28.44 28.065977183016
37.81 37.806815055
37.05 34.74475476672
31.71 30.710971896534
29.25 29.046653884302
38.71 38.723865876
34.94 35.81265247884
27.24 27.053520360498
30.52 30.02384644092
25.15 25.9363401996624
37.76 36.98133061968
34.94 34.92976846284
32.57 31.33567444659
35.25 34.87221002124
35.05 34.84143162828
35.45 37.1895532776
38.94 37.29482822976
32.01 33.4352914064064
26.33 25.8089859144
32.84 33.8205216515076
37.38 37.36479933348
39.31 39.0379183206
34.03 33.57545462832
25.7 25.26108867216
38.81 39.4517306538
33.69 34.323849624438
28.36 27.973832167014
32.33 31.97934698292
27.19 26.849783558862
25.96 24.8070325242
27.95 27.9166764281868
31.74 31.65003461232
30.38 30.292230936768
37.21 38.74301147196
31.67 31.61908591983
36.38 34.38894992868
39.19 38.29246100352
33.16 32.381336847606
39.95 39.0624715224
26.6 26.09210422512
26.07 26.3738160347148
34.66 33.45819717828
28.52 27.6728387406
39.54 39.5157939
26.86 27.301162417416
27.98 27.6067222519078
27.35 27.610577694654
35.75 36.047123856
26.9 26.94541595775
31.92 31.9553598137664
33.47 35.751584623464
27.53 27.95104988355
30.62 30.6852423205956
32.9 33.7158230542224
30.81 30.075324679998
36.41 38.560647015
33.25 33.1999388664
37.76 39.12956226096
40.47 41.86075143444
33.17 34.9840102523026
25.04 25.71143228832
37.02 37.46160178608
26.05 26.838720333
27.21 26.575670092968
24.9 25.7451203232
37.42 37.85307168816
35.63 36.3873936528
29.65 29.133200170392
37.13 37.0289478144
27.41 26.348668478136
29.48 28.20647814636
38.48 38.1721337688
27.56 27.23964418788
34.65 34.75603460484
34.12 34.14304151136
37.69 39.60444332508
30.18 30.53628245136
31.15 30.8547345195696
29.98 30.48229289595
33.49 33.79419942492
26.97 26.05740095664
31.03 32.0314443591665
38.11 37.51429561476
27.66 27.9492903486
34.11 35.42832261924
37.45 40.3860915738
38.57 39.94310481372
24.16 23.70847948668
27.31 29.20520668956
30.19 29.132940367272
36.6 35.79954321132
24.15 24.000460824
40.07 40.17954454608
33.95 34.96586532
28.06 27.4047718675776
35.86 34.652066268
28.32 29.308143453648
40.47 35.9249100858
26.41 26.7962589792612
37.15 35.375181279
37.58 37.18667409612
37.66 36.73579400304
33.84 31.89840189516
34.02 35.80652299248
38.41 40.88780910108
33.78 32.49567643584
28.64 28.819822671462
34.33 33.63627085812
31.68 32.201364831072
37.99 40.7711162136
24.4 24.12234132948
29.59 29.24902195659
36.62 37.77374024316
28.72 28.9553189504064
29.35 30.106024546134
38.16 38.4949783626
39.01 37.59557523504
30.4 30.64349763972
25.88 24.4637887428372
40.33 41.29274159664
32.43 32.7688621818
27.54 27.073989241368
29.66 28.9177434371052
34.41 32.85857527152
34.86 33.93044566164
37.81 38.2302428058
36.02 36.2410764162
32.53 30.64209766815
30.84 31.256750313624
29.86 29.069833014078
25.49 25.33894149216
32.9 33.983168771712
28.12 28.7839009759716
32.78 32.12027174784
27.1 27.892653609408
31.71 32.4466016742763
27.69 26.5837633989567
31.07 31.44231754359
32.37 32.002776382638
33.83 33.18038050992
27.29 27.1005238351488
35.8 37.02626345532
36.67 37.6091699094
35.9 35.13969259824
27.92 27.624451864806
29.38 29.085337476576
26.74 26.5523942106
27.91 27.657823795856
39.35 38.63779329456
26.56 24.8229309138336
32.83 31.83037061268
39.09 40.23361594128
36.66 34.275971337
28.01 28.3664920090752
37.94 41.29810369392
34.15 33.633514545
36.02 36.67609487124
33.85 33.58554098352
36.96 35.7874304112
30.41 29.892814627104
25.25 25.82557607472
26.94 27.0515858472
36.24 34.85005301484
34.45 32.90281016112
25.69 25.56987657324
27.31 27.098945711928
27.78 27.25149737664
26.23 24.44584825836
27.46 26.9595123558
24.35 23.10881836656
33.57 32.5121316504
37.56 38.65402127952
32.34 34.1311138944372
27.26 27.777431879136
27.75 27.802892747144
24.58 25.2498097854
37.46 36.4423815144
30.04 29.344648798638
24.35 24.5168373042
25.51 24.6314770014
29.17 29.119466655288
36.11 36.11005759632
40.55 42.51039664848
35.48 35.64929793348
38.68 36.5664342258
37.13 36.6404495376
36.52 35.7381097254
35.97 36.27645006
28.14 28.587427409286
27.69 27.506087947224
25.65 26.1273102330816
36.14 36.7524456654
24.16 23.84642388132
39.9 38.94972938244
30.41 30.43557549156
40.7 41.07076446
40.58 41.23387060956
38.99 37.96278894
37.91 39.36865528128
34.14 32.9458625232
38.62 38.92273433604
35.48 34.8296171064
37.82 39.83623481412
36.54 37.08190793664
26.76 26.9033321214
36.82 35.40072182148
34.47 35.96151417264
34.26 34.31327978736
25.2 24.86479858416
33.68 33.156677655
28.76 28.758506658528
27.61 27.9157501104557
24.97 25.26101950716
35.3 36.72806140656
28.78 28.6121515184019
39.37 38.85998010396
39.55 40.19455478832
31.45 30.31837202703
34.22 34.32960237948
38.25 38.481241308
28.14 27.938951042814
34.6 34.16369842668
24.9 23.97212175828
26.9 27.48609667968
25.46 25.3726413312
38.66 41.17846523076
34.71 34.23790473516
32.39 32.149612983456
24.95 24.97748154
35.2 36.2552757048
33.59 32.11654064076
31.33 32.0965778706348
36.36 38.6728588152
34.98 34.02976919316
39.64 39.93055867536
27.38 26.29728893919
25.83 25.8076391274
33.96 32.5297226046
39.87 37.5309823968
28.23 28.224896906592
25.96 26.45960301264
36.09 37.21753269852
38.42 37.6135031718
24.63 21.7653160824
29.96 29.8159022603808
29.58 29.6682337755936
27.94 28.52287512636
36.32 35.8171468248
39.21 38.39479403436
26.8 27.4006076418
26.41 26.889291999342
30.89 31.8831442273995
37.56 37.61883603984
25.95 26.0550379408284
37.33 38.64175681584
35.09 32.84698830768
30.08 31.38199762875
28.54 28.4164733552604
31.04 31.4575007303616
35.26 35.98196760252
31.72 31.7866185118368
36.33 35.15839629504
34.52 32.43533544732
25.08 25.12921538052
28.63 28.963450567998
28.01 28.37826078768
35.57 37.11359394
36.48 37.07861966724
27.68 28.4287386311568
37.85 37.82376420624
38.37 36.53675599092
38.52 36.87812319216
36.91 36.32806938708
39.56 38.51784409488
29.17 29.2970371960416
34.15 35.310661242912
25.19 25.19746892496
34.97 35.52760977132
37.69 36.5338770966
29.69 29.5126194391884
37.39 39.64568103972
38.04 38.65590000144
31.68 30.446830702368
38.28 36.110428284
27.44 27.0132010903332
40.02 37.683596844
38.29 39.16968014844
27.3 26.475195271098
30.45 29.46690266283
29.65 29.058244780014
35.04 36.87824848752
31.49 30.42329844996
40.13 38.0259360696
27.76 28.0024263256212
41.07 43.60961613276
35.06 35.18800385724
37.58 34.98103422444
26.84 23.047500013182
31.46 32.5719974281536
33.07 33.39395467164
37.29 35.4549002064
26.15 25.600302564
35 33.37584560412
28.44 29.1435103344183
41.02 41.3643868464
31.05 31.0684990870872
33.48 32.245283781
29.84 29.7305116012188
36.42 34.14331127856
40.13 41.88995724624
31.51 31.183929601614
35.86 34.7212725066
24.44 24.4665604297536
31.17 30.97914206832
32.76 40.176885391542
29.56 29.3878088144367
40.64 40.21298012976
32.87 32.63607370836
24.54 23.7469248408
24.54 23.7388867992
39.19 37.85201851104
37.62 35.7239633382
34.91 34.10505349956
34.22 35.18481107376
31.91 32.542002475758
40.21 39.37372533888
28.31 28.8879898816572
24.74 25.6407419275423
24.09 23.97588864192
40.77 38.5632904578
24.66 25.6610642886835
27.58 28.01737012272
35.07 34.35697046532
34.96 34.83884306544
28.46 28.19158068
31.03 31.7995253244636
32.2 33.0634304373396
28.99 29.899251228414
32.54 31.31072692791
36.7 35.19284976756
32.19 28.641126848238
39.38 38.55502487124
24.45 25.0531662139068
33.68 32.4477889902
33.8 34.27127751888
31.03 30.8584709343168
27.85 28.045908860232
32.18 32.1918613937604
34.33 34.76633465028
32.95 32.49708670452
28.02 27.997981154016
40.5 38.3711745
39.56 40.79909404656
38.82 40.30863452784
31.36 30.615331099032
31.86 32.029721957952
41.03 41.75558190576
37.96 37.203773235
28.27 29.0282135070144
32.22 32.3350734746172
30.22 30.726990976266
40.49 42.791875416
37.57 68.61424014576
30.95 30.776417547744
39.09 37.5744027912
28 27.73588916004
32.96 33.5751611716224
37.96 37.21539011904
40.8 37.87719743664
40.79 42.420423084
25.3 25.2939855356484
26.54 27.041719240104
36.81 35.35901341584
35.08 35.8403856246
31.7 33.601759779234
30.15 29.6888798184156
36.41 37.3673090232
36.39 37.4285245254
24.72 23.5265391702
28.27 27.45583142211
24.42 23.94888924096
41.33 41.5959630066
34.7 35.46635688576
32.93 32.35155555564
34.49 33.83937545388
28.15 28.7918364992688
24.58 24.8074591113564
29.8 29.408146643016
30.83 30.418581636774
24.22 22.9843467606
25.85 25.36408412208
37.5 37.17343339044
27.81 27.72589795935
27.17 26.70806511135
40.74 41.15801703084
29.63 28.6982320892955
32.64 32.1936573982464
24.98 23.825964492
26.7 26.9645602166892
30.8 30.5550326949926
39.17 39.97025736624
37.89 37.63056604464
27.66 28.87011101232
27.3 26.5957784451216
27.83 27.8888942559768
39.98 37.78183006704
32.28 31.447983554862
29.76 28.298200236072
29.46 30.336785836542
28.46 28.65268586175
27.55 26.6560123074012
36.72 38.0484018984
38.86 40.60060917408
40.25 38.0063525472
35.83 33.76137009204
36.61 55.67802198288
30.52 29.99151476907
36.1 34.56465682608
33.1 34.08810507027
31.57 30.44995688835
36.66 37.2858339366
38.95 44.67335796468
29.94 29.6831098017972
36.92 34.91678110992
38.6 36.7368856938
24.36 23.110213413
26.27 25.370384917872
28.07 28.854508876182
33.53 34.45122753132
32.26 31.56997543143
36.14 35.67099396192
36.72 37.04403746208
35.15 33.8544062934
41.15 39.142854423
33.44 34.466777800776
37.87 39.25085648796
34.12 36.396412561584
33.84 34.9404869307552
35.24 34.37726594148
33.54 32.66601084996
34.12 33.41165854692
33.86 31.88314241268
35.61 33.98294976672
34.52 33.0908930064
34.98 38.381776952112
25.58 23.88859173504
34.04 34.92156994992
25.13 -1.25794959069
35.42 36.4068610632
32.82 31.7948219616
38.24 37.25329840212
31.33 31.36839238863
35.75 36.1449064722
26.15 26.51044770288
39.78 41.00363238
25.66 26.418638588958
36.57 35.115317772
24.68 25.4157671632284
30.14 31.13078399403
36.21 35.38532892156
37.54 36.65399610912
34.09 33.12553690128
26.4 26.5652782994916
25.63 25.801935869328
37.52 37.03383050724
26.75 26.7417859014
34.18 33.85631331684
35.64 35.5366320696
36.53 35.90433209052
36.29 37.3295165976
39.86 38.06907930084
27.79 26.9594432418
33.63 31.7388236856
37.46 29.9792038896
35.59 35.19623505312
39.83 39.8784056946
35.66 37.33947369552
37.75 39.686674572
30.52 32.5735699799232
40.56 40.9116196152
35.63 35.8338802878
32.48 32.8492467465984
24.1 24.0123250090044
30.68 31.6138432628916
25.08 25.0771019279616
27.62 27.860109720774
24.01 24.7974188698128
40.3 41.69911191588
27.99 28.41391009563
33.28 33.205387878624
33.68 32.7793832082
35.64 34.89562843164
38.65 36.3990112656
27.8 27.3614676858
35.09 35.4660746886
28.75 28.825426821006
33.09 33.3513215389764
24.5 24.36880576464
26.1 25.48608521904
24.12 23.48507258112
29.77 29.218900761
24.35 24.10360560156
28.86 29.22555017943
36.31 36.89612688336
38.81 38.34505452816
34.71 34.23634712688
29.08 29.741544711864
32.08 31.80647933424
31.66 32.044343709282
32.22 31.819234912056
29.73 30.15434556153
28.17 28.745257197366
36.22 35.33884744932
33.13 33.387784509198
30.19 30.44455255455
27.48 27.2349559123695
35.51 35.996739624
28.78 28.4516263914089
34.94 34.3813328742
26.43 26.456555488584
30.24 28.5233668178463
35.38 36.02575302096
40.65 39.90197432304
33.08 33.0164602488
29.35 29.43371894148
38.6 37.9829906616
25.25 25.46255781936
37.13 38.1804202488
35.01 36.48383025876
40.46 39.37930365696
36.09 35.22457227312
32.94 33.14337840393
32.86 26.198207542542
33.65 32.04750173004
25.49 23.794027485
30.18 30.1045216094338
28.99 29.2399035625651
29.36 -1.11045226619999
31.09 31.4420807579472
37.26 36.59975071824
36.25 35.33991025008
34.2 35.0249111208
35.81 35.41278608736
40.1 39.5182437984
38.14 35.77886517108
24.49 24.49162383372
36.42 39.02445318276
33.59 34.4126788830036
40.26 40.86931897788
34.62 33.4278851448
32.84 34.115781856494
32.04 31.02129545931
38.53 40.1842909752
34.17 33.2795557458
37.07 35.6009195034
33.69 23.9126364216
32.41 31.602916924128
39.04 38.875468419
27.36 28.4032508716503
24.67 24.1862093742718
34.87 32.6440401816
37.18 37.7038332426
36.42 34.3317720072
29.25 30.0159082958148
38.5 39.9123769734
34.54 31.9645572861708
38.17 37.1767992648
26.98 28.4006223541369
30.45 30.5418306769574
30.78 31.519877674008
28.09 29.9583635832
30.61 27.839928632286
40.39 41.88346847376
33.24 32.42804864976
40.25 39.31487633988
25.83 25.14944090772
28.48 29.86125325911
31.54 32.6905447669387
32.76 33.3856970875584
39.63 37.0919576568
28.35 28.15664050959
39.65 37.64750742972
35.07 34.5804110262
38.43 38.00413521444
39.21 40.48755532908
31.05 31.2479379962215
34.1 36.123521463144
24.24 24.54381784404
40.14 40.25836168356
38.86 38.64808114992
29.16 29.0922635402755
25.72 25.56477506832
39.18 39.55936969116
30.85 30.9965909944752
30.44 31.2184186122425
40.6 39.85363636848
27.14 26.5135970714652
38.77 32.01869095236
29.33 28.6050336313837
39.55 38.57894038416
31.42 32.265954294552
30.45 30.2001695615367
33.66 31.9675883448
38.25 37.71476966052
39.78 38.94980756292
36.61 37.1006210274
27.39 27.767782855944
33.17 32.47136909244
35.91 35.36989978644
39.17 38.73077218224
40.57 41.5668805704
31.44 30.943877888934
35.89 33.68665570464
25.24 23.6436527592
39.46 39.16353260268
26.54 26.251156446606
35.4 36.39236333376
27.8 27.953618235462
34.34 31.17476901216
40.86 42.42650918508
31.25 32.4558357338028
36.82 36.23206530348
28.93 29.4803290509804
24.37 23.69777419596
37.78 39.14375917488
38.72 38.052815607
29.09 29.1979285827012
38.75 37.49960626224
39.48 38.99152690224
32.92 17.92255042347
40.41 43.430682585
30.36 30.69243708144
36.85 36.02258269344
25.26 25.7389901784
40.73 42.02752887276
36.23 35.85286203972
29.08 28.9176012261312
28.26 27.48991642848
36.65 38.58517394928
35.53 34.9049753574
30.03 31.011531957
39.36 38.45220737004
39.87 42.75057252768
32 30.816876949542
35.59 34.70966601084
28.28 27.9739040802
26.81 27.50519984016
40.82 39.3872411898
37.68 38.320517835
37.39 35.685785475
32.5 31.18704173835
33.58 34.9312964015952
37.63 38.2941052722
31.08 31.30435543587
34.83 33.73747209504
25.78 26.2439377003212
29.68 30.5773908900504
35.49 35.10358885836
28.28 28.2006969403853
34.69 33.9452605926
36.69 34.94301407964
31.57 32.1336688823328
37.5 39.34937068692
27.94 27.926154972
26.83 26.707126792032
25.27 24.59148746496
36.93 38.50002972756
39.49 41.9488090488
34.92 34.1924817168
34.88 35.05379789148
32.38 32.31035931312
41.01 40.56248745228
36.41 36.9411762186
25.87 26.0716369171248
35.23 37.05701618412
34.84 34.36030093788
33.5 32.69675614512
38.61 39.09245026524
25.22 25.0905676648668
38.11 40.8645167634
27.06 26.5434013490172
31.33 31.5828707301888
26.52 31.55871481884
32.81 32.324032869432
24.29 23.74397489532
32.36 32.633458096776
32.73 31.45273334352
30.09 30.730857973056
40.61 38.79479852148
29.38 29.05409858148
40.65 43.105394457
33.1 31.84332901056
33.18 32.57184500928
26.31 63.08900248752
27.08 27.2966657512633
33.44 34.57555061559
29.28 28.89911132604
38 38.64717185424
37.24 36.96229762092
37.28 36.6155582784
36.45 34.9681333302
25.99 25.1810737512
31.03 31.91834210712
34.11 34.32405910464
27.7 27.71273761068
29.93 29.695409844
37.29 33.00828422124
38.58 38.0630763834
24.07 22.95263213904
31.33 32.1627292825896
33.64 32.64293111904
40.05 36.4652073798
37.31 36.6210561378
28.57 28.2359534231772
27.71 27.667309439772
29.14 29.9282910246
29.21 29.747290954758
29.51 27.717145302336
38.79 41.42522547552
36.85 36.47788671024
30.19 30.4717930248192
38.61 37.81532148528
36.13 35.18015432724
32.39 32.5415675836596
37.55 36.30053229312
34.09 33.47532390816
32.82 32.17223454288
33.56 34.639893741
38.2 40.51323049776
35.42 35.7541567194
37.64 37.67669385264
40.39 38.0781689496
28.62 27.937818584807
33.79 33.80016135696
27.82 28.46778981552
29.67 28.9380932011212
37.07 36.44420998716
35.96 36.8513599128
33.66 31.40504268324
24.11 24.16689240324
24.31 24.20373653616
35.9 38.20548937428
31.7 32.9299832121024
31.96 32.944519221696
29.09 29.607149525832
26.59 26.94668414271
33.4 33.6960591726204
33.12 31.895723543904
39.24 37.60233726
37.59 35.50941766848
24.74 20.63777717844
26.64 26.328096799224
30.52 30.82565429175
32.12 31.8976397337564
24.64 24.47522015604
36.19 37.0025908584
35.02 35.05958190288
33.18 33.01093970775
27.94 14.98746441396
29.8 30.281411780958
39.33 37.04822590716
27.63 27.35041643475
29.58 29.59019720331
24.71 24.33984035628
38.53 38.9083611582
31.85 31.7909539893024
34.37 35.59330049328
26.22 25.71835018032
32.52 32.6947837655232
26.04 25.21940761008
35.73 34.37263321092
33.68 31.151588119655
35.2 35.05992316944
34.07 34.0705403898
33.88 32.78524312692
24.55 24.05208148944
33.55 33.453225273096
40.41 43.60566257808
35.14 34.293335532
27.61 26.80396233732
27.98 28.4177442396473
25.72 26.39672836452
29.58 30.768989374656
29.25 29.873596452576
25.72 24.81227951184
29.9 30.5191806245151
36.91 36.71194177836
32.92 34.6868973472834
36.44 36.0054860058
34.6 33.06066604524
33.56 34.16272995876
39.55 41.2580337414
29.36 29.2930879616475
31.33 32.12860202928
24.36 25.6728259761552
37.94 36.7246667832
28.16 28.12146001584
35.16 36.75912567408
35.3 34.9052002314
35.24 35.7818446782
33.77 34.958871188064
40.03 40.31262292032
40.48 39.09727051152
33.61 32.22767026224
30.73 30.2572814904
27.26 27.8602547834151
25.19 24.22607125812
34.59 32.31830334708
33.56 33.590057391774
27.61 26.3554147773072
39.3 41.1269049216
38.22 37.51403523984
26.85 25.5762677142228
33.87 33.62080383684
30.75 30.7710483213888
34.58 34.07107611924
32.45 33.052606497312
24.17 25.37370413568
34.94 35.29369171188
28.28 28.3439479951788
25.99 26.0570799150048
33.9 33.7567248576
27.28 27.72284956608
38.53 37.63476193776
32 31.62821563812
24.69 24.43862304468
37.11 38.62666937172
39.6 42.29877711444
38.17 37.01816836236
28.77 28.74002562399
33.18 33.43616409591
36.6 36.29099995596
29.22 29.6489664025092
36.42 35.1321755448
27.61 28.1237838590052
29.7 28.906072810974
30.7 31.142154262338
35.34 34.7470752024
26.87 27.593968571928
35.19 35.84826253692
28 28.624625561306
33.47 33.19391383875
28.44 29.440690848198
30.27 29.36715512103
27.36 26.61301445484
37.48 35.46571629972
35.76 37.13551594704
40.31 40.70485382592
24.27 29.2803885432
25.6 25.47155906736
38.16 35.945368668
34.34 34.100189589
35.15 34.6538138166
31.9 32.107605884352
35.49 36.9367336776
36.07 35.59699271184
30.72 31.1744974635725
32.41 33.0743197134
34.52 33.3545270184
35.01 32.73106669872
26.63 25.93609099047
33.59 32.00980834656
39.81 40.62786616764
25.24 24.7175859759242
37.53 37.0049701386
39.59 39.337689504
25.73 26.878085803638
30.79 30.196866587616
32 31.302631226208
28.08 28.2372723312
27.76 27.953331563496
39.23 39.55133203728
39.91 39.2269275672
35.17 35.4374786952
37.67 38.52317418948
34.52 33.94952205492
36.44 35.32307367396
27.61 26.8669362246
29.07 29.1288880094892
39.42 39.95072453148
40.21 42.5016181728
39.96 37.0312546338
40.25 37.67941783404
40.81 41.7175420248
27.78 27.82594741728
28.93 29.685242015478
38.81 39.3766419
26.31 27.43417179036
27.44 28.16593389708
26.44 25.27375491936
27.7 27.3463866247248
41.48 39.701835303
24.52 24.7811358408
24.21 23.31002544252
25.73 27.103793748216
31.05 31.5915585715392
33.31 33.98368874796
34.17 34.13606511024
41.36 42.58838653776
36.04 35.03918194704
32.11 31.1010867119808
34.9 34.48306404012
39.91 41.52309740592
25.03 24.53413575564
26.94 26.2003626774
31.71 31.040792912118
39.81 39.66812199792
36.76 35.58168174924
36.58 36.852233448
34.93 35.85353249556
32.49 32.05384810839
34.11 34.03224079536
40.6 42.35717262
37.97 36.8128054254
31.01 32.76784172928
31.87 31.785509314272
33.43 33.43599384336
30.08 31.0129201146096
30.29 29.8468704699132
28.7 28.8715938147297
31.84 31.754527216614
31.88 32.26016470608
29.08 28.226484342696
27.64 27.8863362431271
35.78 35.08451456364
31.04 32.3193383711076
26.39 25.40684087292
34.28 33.2867265912
31.62 27.199159723512
33.75 35.92702303704
26.39 26.761248954744
28.57 28.5142961869416
30.86 24.856251850872
28.08 27.92272627251
37.28 39.26431918332
32.48 32.3054155818
28.3 28.45692246564
29.81 29.441373486504
27.78 28.50368383728
28.06 27.234595557606
31.58 32.1270311586108
28.09 28.2944609112
31.7 31.26723583575
38.75 41.12297796252
40.77 40.11428311056
38.99 37.48839784272
38.67 35.63123517312
32.83 33.30991070772
38.86 36.3641812758
38.9 39.17293580592
38.66 37.93894649616
24.71 24.728762458704
27.26 27.09431280144
38.49 37.34625348192
27.33 27.4868551334148
36.61 37.6326580104
24.91 24.532039487118
27.39 27.15506380716
30.72 31.36929520824
25.82 24.63003119568
27.56 28.2188022394102
25.73 25.7655240497436
36.54 36.6835937874
29.07 28.2920669026786
26.15 26.1687353064
33.44 32.73026957028
41.02 41.75421416496
26.96 27.357686348706
35.1 35.51619470208
35.27 36.68639998416
30.69 29.728647906174
29.96 30.2724746839453
33.24 32.80400474976
35.88 35.35665999156
33.19 34.8215081343859
38.85 36.88034330196
27.2 27.728205858318
31.92 35.0967581500572
26.13 25.492829672736
35.32 36.79026933372
36.62 36.08250050736
31.34 29.92833953412
37.4 38.32754070372
34.33 34.15946950116
27.19 27.49969683504
32.04 33.2048048478221
34.73 36.12151915164
25.72 26.4483119772864
34.24 32.67938655216
30.76 31.1258771844317
36.89 38.29114703856
32.79 32.293502870856
25.32 25.046870681406
24.19 24.7533235468668
24.96 25.38539867556
32.35 32.3506657616064
39.55 37.94050291056
39.18 39.9106225176
34.87 35.54656346496
27.9 27.747317550258
39.06 40.3776988206
28.79 29.1060589147716
34.42 33.70658009904
33.53 32.2981190856
31.79 31.290633834336
27.72 27.4379091931784
25.24 25.36517723412
28.37 28.529667188262
36.14 34.90119678636
26.61 27.0374608295712
26.29 27.2652714166464
39.68 37.3352129208
27.31 27.76633524876
27.46 28.0777984304064
33.59 32.82319199724
39.19 40.19599917648
40.65 39.43317778812
26.33 26.3870837926896
24.04 23.999020605
28.94 27.653285755782
26.3 26.22034744596
36.43 35.203973895
36.64 34.9648228488
38.33 40.40951839356
31.4 31.25233917972
34.92 35.87141289744
33.4 33.189096298398
34.87 34.959573765
34.15 33.94691085648
24.65 23.7413882163156
36.89 35.43353877612
28.87 28.513086830334
28.4 28.73910084912
29.05 28.6455624489828
35.89 34.22684434128
28.96 29.44285724211
33.68 33.051551055
28.61 29.3568326320117
37.71 39.36993355572
24.69 25.0426123896924
31.69 32.362729044624
33.37 31.88617614
33.35 34.5521243319408
40.29 41.57259043104
30.12 29.391343323678
35.97 32.6891288808
32.72 33.0511996753692
33.22 34.9252588228308
33.82 35.65285045047
37.37 35.99560069584
37.53 37.52135950716
26.3 25.7933640486
26.06 24.1889819496336
28.88 28.7867705731373
27.1 26.8662417
26.62 27.43699769532
39.58 37.81105414836
24.13 23.1988695384
28.56 27.7191534252348
25.53 24.02296238484
30.56 29.586392679894
35.99 34.7035002264
24.16 23.65576775856
37.41 37.80950757804
34.62 32.53684956804
25.88 25.4301216531636
26.36 25.7333134589376
27.51 28.162917938934
25.97 25.756081617
37.29 36.77681027196
32.93 34.3321883695296
39.74 39.43445443632
28.5 28.36993396176
28.73 28.969637116458
31.03 30.723546460158
25.03 23.49980734956
26.17 26.295097502424
31.96 30.936613901814
28.7 28.04213313756
27.7 27.5363760504912
34.3 34.50601255212
34.11 33.542914644
36.88 36.02664978228
39.92 39.760989984
25.52 25.96411539564
29.1 16.557580376256
29.21 29.716679285478
37.99 35.82824677152
29.2 29.92761862704
25.66 25.18646256972
37 36.6122848968
30.84 31.763982148632
27.85 27.49805358975
37.84 37.27472839632
32.86 33.2928826932084
29.37 28.5481725753888
29.48 30.774802408038
28.86 29.508246501792
33.99 34.0161032088
29.68 29.480315035315
36.11 33.1925386323888
39.74 40.00829368596
34.72 33.63732553104
35.98 36.64350242352
31.31 30.58016749524
27.88 27.719531203704
36.43 36.3563278506
24.08 25.3997861248188
37.1 38.89917017424
31.26 30.553303973184
36.41 38.56099132908
30.27 30.630861247801
28.24 28.972269081294
40.35 41.9940338382
24.65 25.3672782984
27.94 28.93367698539
27.41 27.9398458889364
33.5 33.22707356592
30.69 31.0725256798944
32.77 31.3824867144
33.57 32.898480950214
32.2 33.0868553227104
39.63 36.45194982852
28.03 28.01024565408
27.35 27.3277595775852
28.26 28.4722697600077
39.07 39.23086152912
29.73 30.3228842347742
36.22 38.43691979772
27.6 28.59419397903
36.78 34.71834008172
25.11 24.88343481648
37.61 37.43395556112
27.65 27.4773548590272
40.14 40.28076299004
33.13 34.3307416263696
35.28 34.722068364
31.56 30.78145663692
34.28 34.2181680594
29.4 28.93426447629
29.29 29.98320180336
40.62 40.19931389412
33.48 34.221200501934
24.11 24.42980335116
25.43 23.29271540556
34.09 33.9995383902
28.34 31.40637555147
24.27 24.527203488786
25.66 25.7990836968
31.77 32.5016299567824
28.62 27.9211339061532
34.18 34.033973895
35.2 34.5569544522
29.24 34.0707357278304
26.69 27.4688598186
30.47 29.398604901414
29.78 29.852100472038
38.61 40.59203835168
28.73 28.657766516832
39.38 36.56641365156
39.14 40.26354354636
25.34 24.55274834244
35.25 29.38893263748
39.23 41.25922988364
38.65 38.04556955952
38.26 38.81205604116
35.29 36.73890868524
34.12 34.67009069856
24.42 23.82205368732
31.18 30.9380580256819
34.51 33.14448789552
28.22 26.9917363549058
38.27 39.56133923232
38.92 40.91374464516
28.26 28.38869626323
28.2 29.336040715296
30.75 31.24782323664
30.94 30.7337380761792
33.89 32.56687143756
35.76 34.31712212208
35.33 34.46052892416
34.75 34.08062659044
28.37 28.3649192996508
41.14 41.78901554316
38.86 38.45799912384
29.82 30.9187235132316
34.54 32.94395455536
33.37 31.15621908636
27.19 26.885118073086
29.7 29.757209486742
37.56 38.79197667228
36.82 38.22717564096
30.05 30.5510083450452
39.63 39.99547305072
30.14 29.8174947963264
25.63 25.747589487
25.25 24.41621604528
25.8 24.5542499928
33.94 35.7562303338
26.15 24.89424109488
38.01 37.211292351
36.89 35.20394557104
29.82 30.7334412143799
27.72 27.4843788178644
31.68 31.3673370205644
25.45 25.2816787494
32.34 33.057658855074
27.67 27.4194217712448
31.06 31.4885079582432
37.61 37.24709246448
35.3 35.8093390338
41.02 43.2642692592
30.61 30.4538950688832
27.89 28.914560572512
32.86 33.9566246394768
33.77 34.499771726682
30.57 31.35808997535
29.32 29.676492402912
29.34 29.35608503139
39.15 40.61949368688
28.52 29.12311455957
32.89 32.4064893366
38.29 38.23919644404
33.49 33.13504087104
28.5 28.26301231275
41.1 39.61835451792
37.08 38.63083501296
27.94 26.9202873298752
36.2 37.28517560064
36.1 38.04911083236
37.05 35.93123876592
36.46 35.01482265936
29.83 29.01815754183
30.35 31.527865700238
39.57 40.12569586512
37.3 36.25183576944
36.74 35.92204622676
39.36 40.46499481536
28.13 27.760489320672
31.74 30.01579825428
24.08 24.11969483952
30.23 30.3882775138627
38.73 39.4687559034
38.72 41.38477441716
34.83 35.20373196096
35.36 35.54629425756
40.94 39.94849867824
26.53 26.08022789508
36.38 36.6125873838
38.2 36.45664875996
30.64 29.934232714494
29.87 30.262316449158
29.53 29.382932583768
25.73 27.3297019832628
35.15 36.08128782672
24.91 25.160030388906
30.82 30.17532234507
32.45 31.201611555648
27.84 25.7740630116039
25.22 26.4793034959728
37.7 35.76269812452
26.53 26.751152074441
40.09 42.38415047088
40.42 40.27392630756
39.23 39.3300547704
26.24 26.17545604092
31.85 32.1443670109056
24.55 24.32984891376
29.34 29.789412035526
26.79 26.9734672249932
29.08 29.4699407401812
36.12 35.266899228
24.91 25.3381254866016
32.66 32.654468730798
36.23 36.36141647004
29.9 29.9354490563184
28.21 28.17542853468
32.79 31.29941343024
35.38 34.9120651878
39.68 37.49516692032
30.35 30.748144379658
35.97 35.1794605368
26.98 26.208404145
35.45 35.147880912
38.36 36.1090370142
33.51 33.48010081452
36.09 37.77975692676
31.27 30.48303968448
24.95 25.614885618414
32.98 32.55842978892
33.93 38.717767742952
33.12 31.69981774896
30.69 30.393780512646
36.43 35.40912494244
27.75 28.0870215308352
29.47 29.449172122686
38.86 39.84807967728
31.68 31.55203186452
32.11 32.2390299643632
33.49 34.33498621164
31.01 32.6383120243584
37.34 39.31241606352
40.06 41.20709369424
26.36 25.9186300422336
25.8 25.19064935856
30.1 30.094772086584
39.92 37.9630408782
40.79 38.4600102606
41.63 38.5688383608
25.15 25.30427209776
38.89 38.07691019376
33.77 31.738104465
29.55 29.062400433408
29.76 29.5484724100464
27.67 27.55812633876
30.45 30.0289202226015
36.07 36.0123734154
35.74 36.9017980686
24.4 25.7438547749155
40.65 40.85697325056
29.15 30.33469060272
35.93 35.65578657636
27.59 28.0089285558
40.92 45.33856552836
36.73 38.97857377104
30.74 31.3931899427211
37.02 35.39733902964
32.99 31.92404245008
30.91 30.6734817428352
29.92 30.5455702425965
30.06 29.112158866998
24.89 25.1117359668288
34.63 33.90033870924
24.48 24.24013179264
40.03 38.95369237872
31.35 33.008007013518
30.18 30.943772819094
27.39 27.2464843632728
25.59 26.4562390608192
30.77 31.070397405096
26.17 26.61763747896
36.46 37.47900532356
38.54 39.09598005948
29.27 29.47589835135
28.45 29.110820947254
29.95 29.8235059158336
34.36 32.3981854728
26.64 26.48882032371
34.5 35.102827467
28.17 28.292985003798
35.1 36.1008773376
35.63 36.4747656054
25.23 25.66270701072
40.37 40.56620550048
32.27 27.6216112554257
35.11 33.60377662164
29.11 29.154337632792
37.6 36.0566658072
35.87 36.56942871756
35.73 36.05650787424
38.77 37.7198508942
24.38 22.39760200932
31.5 30.16702075824
26.69 26.4448116667507
25.46 25.3388515053588
29.89 30.2446883255585
33.38 32.7708948726
34.67 33.87360000144
29.87 29.32332485631
34.87 34.36921368432
32.85 33.028183334238
24.48 24.330979901736
35.58 33.89804365284
38.53 39.9917140458
37.22 39.39319384596
30.77 29.787798810433
29.38 28.622667114738
26.82 26.6656355136
40 38.74798063008
38.96 38.09171275632
35.7 35.0431921656
26.34 25.7089300101975
35.83 36.2210012808
24.56 23.86956066948
38.93 37.4952575448
32.77 33.9349676396004
25.05 24.9439899630528
26.05 26.51631105132
29.87 29.313030717984
34.23 32.6201323446
24.86 23.63022860196
34.18 34.47784205712
39.77 40.2273368232
36.96 35.3688721086
35 33.5685383406
38.37 37.272413895
36.4 36.09533080128
28.31 28.3322132209344
31.18 29.47315895163
39.54 38.91230073324
27.55 27.4546319952
32.35 32.12644808628
33.4 32.51381190156
34.91 35.02233905892
25.94 26.20165010148
36.54 37.749841308
31.25 31.317035755608
27.51 26.7138787536
34.67 35.7251642856
38.51 41.786157312
32.04 30.76256797488
26.42 26.52938201268
33.15 33.343479711
39.28 40.90767672708
34.69 32.07516914736
27.02 27.36516882588
40.88 44.15551966116
39.92 41.80056042828
28.89 29.353538072694
30.78 32.526388402038
25.65 24.37850709648
32.11 31.104123789822
36.96 35.73146477124
29.62 30.93551570727
25.45 25.98467384688
39.27 37.62508852656
31.38 30.5465753784
32.04 33.1113876914304
32.53 33.0943100080704
37.38 39.58252289952
27.4 27.617108833848
29.23 29.531675380392
36.24 37.509108813
28.18 27.79362978255
25.79 26.263092195
37.35 36.90708805008
40.01 37.53915105492
33.56 33.458696235
35.09 36.19049028624
33.05 32.22306892764
37.73 37.92741285024
32.93 32.76535372884
35.93 37.069482552
26 26.5541616464148
31.82 29.82296730843
25.5 25.669115232
33.59 34.320677032386
38.57 36.42834107508
40.96 43.6175945538
29.48 29.91833067312
30.78 30.17168047116
27.17 26.382269622048
26.65 25.76741662368
26.59 26.51874300468
32.12 33.5309527772813
26.81 26.7014209288668
37.12 38.17359525564
37.32 39.47100913932
25.32 26.23036635456
26.46 26.67202463376
37.1 35.85074568048
35.19 38.04451221276
32.38 32.7934560115164
41.35 39.54616612272
30.08 30.3348597690038
29.59 29.3995397007931
39.64 39.473511075
36.64 37.65649361436
38.48 37.6027102728
37.24 37.88239879872
26.4 26.36853650604
28.92 28.283561469414
33.08 32.43563863764
36.8 35.1812403864
30.74 31.928372897166
36.35 37.808725155
36.58 37.154310795
38.62 38.3254647336
27.71 24.8327585622
27.98 27.5751171502668
35.9 36.619245225
37.63 36.23180505372
28.25 28.986327555048
36.24 36.0992811528
25.15 24.77381913996
38.36 39.98802157308
36.08 36.1276752474
31.7 30.501447702624
35.14 35.7576685704
36.54 37.53791049072
29.86 29.4184798721616
38.18 38.074858236
33.14 33.4828771758
27.3 27.80305761411
28.39 27.7078122286464
25.42 24.94458639828
37.55 39.18430685232
29.51 30.301092482742
25.74 25.8454666983312
33.59 34.736458701318
24.6 25.53487848828
31.49 32.1229852959168
35.89 36.22112792196
28.16 27.8912569581005
38.11 40.64184794892
27.09 27.430426605
36.83 37.264716612
28.26 29.340419646024
34.12 33.4633863198
27.51 28.77653027412
25.18 25.7192495586
34.99 33.72199408692
35.29 34.59212671536
30 29.8731729072528
35.48 35.33116885236
34.25 34.32798464676
35.6 56.37998505948
28.43 28.307231019456
38.03 37.51185648372
31.97 32.25139965723
36.98 37.93239362244
34.14 32.12693114532
26.55 25.722611157
35.81 36.96390837108
26.6 26.2650259764036
26.23 26.7004972904256
29.21 29.29419863784
31.39 30.836378337798
26.97 25.48445545584
35.04 35.98227808848
26.72 26.500274924712
38.36 37.1358410544
34.51 34.0810436088
26.63 25.80783872544
31.97 31.4997481344
26.81 27.7164454503137
32.21 32.6156066753508
24.95 24.25436949444
31.53 31.201118484378
27.33 27.6324930993984
28.48 28.277205957768
29.69 29.15466769035
40.29 38.82476547924
29.62 29.8037585780114
33.88 35.75087714136
30.73 30.509735849184
35.48 31.1041154862
34.31 33.40506478992
26.46 26.4471226952544
24.81 24.80529092031
38.07 36.59285379888
37.49 35.361024555
37.53 36.89424756144
39.16 40.03735976976
40.59 42.703580097
30.49 30.015945330144
32.33 33.4268489010163
33.36 33.06380831856
39.16 41.0913940218
37.89 38.316141249
33.83 33.62931982764
30 29.414780102304
26.83 26.5914574116667
33.83 34.43578650924
37.63 38.52792538704
33.85 33.26903813808
24.35 24.70204164348
24.4 25.0008553272
31 30.673900170504
24.14 23.28390639612
31.2 31.80365134128
25.09 24.9086667648
26.87 27.54758206224
29.47 29.42736483312
29.78 29.186761959144
29.82 29.104534108824
25.24 26.29901658672
29.71 30.7523363259684
24.32 24.09957499788
26.92 26.0876992084416
39.68 40.1210560014
26.75 26.9386124196624
25.08 23.5199503656
30.56 29.52759131964
30.52 30.3094582480155
36.1 34.72405542432
38.35 37.66355090736
38.3 37.65296220084
39.79 39.80470468644
34.25 34.34134631292
38.89 38.90725155504
24.7 25.4634574149504
38.62 38.04426063648
32.03 32.55610039524
35.22 36.05387078448
27.17 26.61515268324
32.74 33.470588525862
27.91 27.827549725512
36.08 36.9865643562
25.64 25.369880414688
31.07 31.022784337218
31.11 31.2723306698772
27.89 28.0656559436436
36.51 35.90556128208
28.69 29.1971445912
36.33 36.46815699876
34.87 34.5607966134
38.28 38.72207407968
35.64 34.04499782256
31.55 31.14894962787
24.63 24.218988234822
26.38 26.8707981080352
25.98 26.090372407416
38.68 39.27199034928
37.32 38.18411244144
30.37 30.88452648684
30.43 29.965789247328
31.63 32.614179960984
35.1 35.29416297216
39.46 36.9643244958
37.44 34.336997268
28 28.042800763974
27.34 26.1311394752964
37.2 38.94153438672
35.33 37.0568377482
40.33 39.98301722352
28.46 28.44566539524
27.98 28.36856574288
37.04 35.56175363952
38.26 38.1982216446
29.06 28.4175343446874
27.63 27.7628771709504
29.6 29.6906136966012
41.22 42.3610333002
37.32 39.5924981538
39.98 40.313270529
28.84 29.54682146076
27.21 26.25678896052
30.07 30.0438857746944
29.99 29.767015122432
37.2 35.79932740992
25.62 25.11192650436
29.83 30.446296297608
31.61 31.391246717664
26.94 28.110201876216
24.08 25.61711382588
27.8 27.0930808599231
40.39 38.66028029172
29.93 29.687651731584
26.63 26.315404276632
32.95 32.7200093232
30.37 28.96809426324
33.03 31.57100607996
32.06 31.75323703056
26.43 26.08014181884
34.39 34.16714570028
26.97 26.660177352642
28.07 28.863345919032
39.07 41.37644620512
34.73 34.4414964354
30.82 30.1416716642772
39.58 40.85498578032
36.93 39.4885927518
29.71 29.84929531443
27.67 27.056420231382
24.25 24.6520246638492
31.7 30.903319472112
35.88 34.2217370178
31.91 31.88144383344
37.6 37.85352688548
29.13 29.5303610943264
39.62 41.71100907756
29.84 29.288921863998
29.13 29.2034141334336
29.71 29.2344672514524
25.76 24.94803947136
33.69 31.05318804288
33.92 33.56505874092
27.38 27.146293031808
27.14 26.926222561896
31.44 31.4654916266868
38.76 41.10345575868
33.67 33.9748459704
32.53 31.839009957984
33.25 32.929275066462
37.53 37.1770761672
31.18 31.48364765583
26.05 27.5181636701556
32.92 31.90986693456
36.56 36.0480448578
41.08 41.48190111732
28.04 28.381050643566
37.09 39.06813323232
39.14 39.6334195938
25.8 26.2580599122
40.8 38.522671695
39.3 39.03738921228
38.54 37.65797243172
34.77 34.1945778942
39.3 37.4012243046
29.49 28.559002714632
28.04 29.715989291814
25.8 25.36787036016
36.42 37.9419764208
39.98 39.80892210084
27.78 27.46310276124
27.82 28.6723948192668
35.35 35.87880065136
32.31 32.409192283686
24.24 22.78874815824
26.99 27.373214061
31.53 30.660989647374
27.06 27.85669956603
38.93 37.7078667336
28.33 27.909970192608
27.09 26.43896956032
36.92 36.68322374928
32.14 32.630639900814
30.77 31.3252052302858
33.85 34.5675574286592
24.92 25.187148423
26.13 25.97051142996
30.65 30.8644334587668
32.12 33.361248878304
30.55 30.9215546173952
29.98 29.815674666696
31.92 31.602956668896
29.83 29.57479603632
32.07 32.6943706079808
35.86 33.47014652592
29.98 29.9600372836368
24.36 25.773357328326
35.62 35.06176833732
34.01 35.650610041752
29.32 28.7380244674928
28.56 29.08548652311
31.35 31.54984145571
36.6 36.52445282064
37.77 37.81074088548
33.2 32.62308014115
27.34 26.9474299439556
24.73 25.2224950392
34.05 34.4350453368
38.64 39.97553116572
38.77 39.64493155968
39.54 42.09384274236
38.2 37.2153511944
24.51 23.5634035992
37.88 37.0026605208
29.06 30.11016886944
37.64 38.7841510584
39.3 37.45412392176
38.92 38.18574851472
25.37 24.345917739
37.61 38.6760295542
37.91 36.44041709088
29.62 29.817172387944
26.33 27.06300559404
28.86 28.971739224576
27.91 28.1999037730582
38.96 39.38166976644
32.2 31.25677900167
35.08 35.99031039948
36.07 37.8674216424
24.95 25.57570464861
31.94 30.75339567312
33.29 35.00887214367
35.13 33.88346459616
34.81 35.60587110576
26.66 25.924313794734
34.89 35.31093383988
34.96 37.616797812912
28.97 29.12796822384
28.22 26.92834794315
26.3 25.21388950572
34.2 34.1683776522
33.5 32.6265984984
31.17 31.653188494328
29.04 29.477967186606
33.19 35.6145045256128
37.99 38.17664338608
39.03 39.49444301988
32.82 34.1003779976016
29.47 29.840168154606
31.17 28.78313388588
31.61 32.2986890652768
26.48 26.3453533614
31.91 30.193251077358
29.06 29.2739551031808
31.25 31.58250939351
36.55 36.050337924
30.8 29.5402581864
25.25 23.66810939184
27.73 28.080768623736
26.36 25.66188205776
30.57 30.0843239148144
35.99 35.6621331384
37.17 36.11522285856
27.56 -9.3065452872
33.82 33.51202983984
31.93 32.9643092981088
37.35 38.70215630292
28.55 28.85631720228
28.59 28.4010331124052
37.65 37.92039966276
25.42 24.39220911408
31.44 32.7111246846708
32.51 32.352116835864
37.3 36.84580273728
30.47 29.35078294944
31.23 30.048788808174
30.59 29.826723946374
38.85 40.02329245692
39.57 41.5335597288
32.14 31.7060758656
38.04 37.589207247
33.41 32.22812222892
36.11 34.36390335024
28.87 28.60314392496
24.41 24.1933834008
38.99 41.56480161924
32.32 33.055811498976
36.06 36.39716190384
41.23 40.12968651804
24.62 25.96708248075
25.51 23.9305541958
39.34 40.2383045502
35.04 36.1225462824
26.43 26.4025679490384
35.93 35.58335918172
37.07 37.92599133468
30.18 30.4229889776569
31.36 30.774716702472
40.28 42.12158192064
38.36 36.7354996422
37.92 37.7446601826
39.02 40.03019557728
38.11 38.29550773392
26.29 26.2310627352
30.06 29.8272334678416
25.87 26.5821322887312
25.71 25.25037531588
34.16 33.39768920832
40.23 42.36778908528
25.02 24.391174719
38.02 36.56145067332
33.68 34.916059521486
25.69 24.14779802352
28.31 28.10122752288
30.33 30.065571989064
35.6 34.495470636
26.3 26.5827889244448
26.92 27.4572584496
36.37 35.39332800348
26.66 26.507783527704
26.76 26.09491376772
30.43 30.2779440600612
32.92 32.110959354336
37.52 38.65333961268
25.33 26.4280288034868
40.95 41.33417611644
34.32 34.76991826032
36.44 37.946069817
37.25 35.63136218916
32.81 33.6321140813964
27.1 26.8621593115392
25.26 31.66987131063
34.06 32.003357277
33.05 21.10585913127
25.49 27.20568287763
34.42 31.95089697456
29.92 29.091211183272
35.86 34.57866323136
29.77 30.4880882039864
40.07 39.25784983632
34.1 34.130307716928
28.48 28.132894411146
40.32 40.1687623992
25.75 25.57461289968
30.78 31.7594280250944
34.75 34.33183411932
24.11 23.71065287076
28.07 28.582619583816
34.27 33.83479624656
27.9 27.10594923291
38.77 37.9626546654
36.73 34.8020470104
30.01 29.670071450022
25.19 25.18577157504
25.78 27.313726578246
34.35 34.61101964748
39.68 40.46530399668
36.71 36.26325356724
31.38 30.7141463730096
30.16 29.6763599483376
39.89 42.55646651472
40.22 38.5096755258
28.65 29.82803243499
34.46 34.17422500836
38.4 39.003794613
39.92 40.9264859574
33.73 33.36707463972
29.77 29.84097249648
31.97 33.0710310879972
29.45 29.50775561232
38.52 35.79645899124
29.91 30.2141311705733
35.63 34.3148243298
37.32 37.0130260434
30.02 29.759904418464
38.31 35.95629398064
25.35 25.8596691717996
24.45 22.9261512312
28.55 29.4046717762404
36.49 36.29507991684
39.7 39.37640052768
29.74 32.771530703298
26.47 27.44355677532
29.7 29.6957430474754
36.85 36.442758804
37.65 37.88128626852
30.99 31.2376473492254
39.47 37.8489447318
25.62 24.33875893716
37.43 37.1942476614
37.14 38.584103949
40.29 39.21758842464
39.93 40.950732252
32.61 32.542257989856
33.42 32.73541814988
27.69 27.5860555782
40.94 43.7718999528
35.72 37.48609360368
24.98 24.7324949832
29.93 29.12993991855
33.25 32.4758954046
34.76 34.57801590864
24.92 24.43575047904
29.61 29.9912758958208
32.09 31.365780589152
25.76 25.3387043966256
35.45 33.3834291954
27.21 26.859285298896
27.32 26.5033199315511
25.47 25.63280041296
28.07 28.49121276624
39.9 37.05929287596
36.4 34.63096708032
39.07 38.33447439708
37.95 38.578693521
39.94 39.06929889072
40.56 39.3727542954
26.73 27.7058254017204
28.78 29.29726892001
27.08 26.73499862916
39.38 41.4928633458
32.64 33.1285793509404
28.89 28.05868691067
34.67 36.277451647776
30.38 29.86570378032
29.54 30.039314979774
29.62 31.74632843655
35.36 37.3352926032
39.14 35.77469817132
29.19 29.571473528406
36.86 35.14644758256
30.45 66.81368934672
38.93 41.1994857528
29.44 30.51394130064
27.59 27.794847348018
29.4 28.9137916889395
30.55 31.854129161472
32.6 33.6068064801204
34.37 34.9350439986
33.79 33.22504740948
24.62 24.4504908294
35.12 33.91796852532
28.21 28.78194408432
25.57 25.91710644084
30.23 30.157130134008
29.81 30.05323542672
34.66 35.8846912776
30.32 29.665098465553
35.99 35.36645144772
27.19 26.4726034128
25.86 25.6573023996096
38.97 39.746158197
33.26 31.76709691284
28.22 28.59058487511
32.67 32.64880805415
40.58 42.36092020464
36.97 36.00512495232
33.24 32.8034708808
29.88 29.9516188479444
28.25 27.808356099048
37.27 39.6939390672
28.7 28.9303405980864
34.73 35.877519108
39.37 40.7912733786
34.53 33.33160369188
34.91 36.0374743314
34.83 36.7590367494
25.88 24.52903188912
33.4 33.190065381504
41.06 38.32578062064
40.12 42.89501609136
24.11 23.161390956
34.34 34.5527107398
33.37 34.8167298237936
32.4 31.075111669326
29.31 28.64235392955
30.84 30.0568911706944
38.78 39.0011637846
30.95 30.733652233854
40.78 42.40579140876
34.67 35.75670065436
40.51 40.86037800876
24.88 24.08578512348
24.14 23.83090183536
36.69 37.2666120792
35.26 33.86909477232
38.83 34.08770229312
38.61 36.7566960528
32.11 32.9266094310259
37.65 38.83934473812
27.58 28.700646629598
37.86 38.56365524412
30.15 30.044700851808
29.06 29.259803591478
29.89 29.9871039178483
40.98 41.415012069
29.66 29.94910913052
32.89 32.13222718059
28.69 43.56048996588
28.97 28.9947486402
31.85 32.5573073562816
24.19 24.4765027368
31.63 33.051850444518
36.08 33.8861194614
38.53 41.32187665524
28.6 28.21961849916
37.95 38.03334720732
33.46 33.8203811558052
26.46 27.29145122604
33.12 33.07230591603
35.27 34.47122706084
31.55 31.11775875456
39.7 36.37547262924
36.75 37.55944001232
38.79 38.0235815736
31.15 30.8405205706176
29.64 31.012442229623
36.11 34.4644195896
36.02 33.6842876232
26.55 25.5677854578912
25.98 25.89797532
31.66 31.86884212848
30.64 31.4158920513151
39.56 41.17349593344
34.92 36.94546277424
29.21 29.0846376828156
33.13 33.233378169
30.97 30.40008216699
30.88 30.43306596768
29.32 28.891506744384
34.63 33.8520803946
25.69 25.175554389
39.61 40.37861389068
38.39 39.43678383648
29.96 27.492544949472
27.44 27.419733983334
38.2 37.8542696418
29.16 28.665340865718
38.25 39.12091923312
33.12 33.3106434661248
32.9 32.926898900214
33.54 29.897327325678
41.07 42.31198137708
30.57 29.967887586066
29.63 30.2514202300896
31.02 31.4306739096
32.08 33.5020816143552
36.26 36.87014201844
30.76 30.7812478565727
33.21 33.27318207156
29.9 30.08774784099
26.44 25.5632129688
29.64 29.8348518502888
29.93 29.574045906696
30.07 29.412952301778
30.35 30.099761376408
25.73 25.38542596836
27.6 27.63227434068
36.14 34.6508612742
36.11 37.74067734012
39.93 37.58219375616
36.33 37.0078805358
28.8 28.69966356435
26.35 27.09501685584
40.98 41.45521730964
25.97 26.0997593225484
32.63 32.317752744
29.38 29.4371705290356
29.35 28.218810526878
39.72 39.93188531484
25.64 26.77292378448
40.52 43.51744029564
30.41 30.7226556306624
26.38 27.40143194784
26.51 25.470095724
29.17 29.56309291863
39.91 42.9777590526
29.42 29.4697043593798
28.91 28.71901858365
38.32 40.99664035188
38.41 35.74123437312
32.94 33.291642203928
34.19 31.43233451004
34.15 32.3327039454
27.8 29.644036337112
29.35 29.313147244742
28.36 31.64362617504
30.35 30.6315963875856
36.7 34.88689738224
39.93 42.82855743552
32.19 32.076214197774
37.89 36.0343189134
41.36 38.2033290888
25.77 25.64274908976
37.25 36.993570699
38.39 40.33791403248
30.12 30.7414675128219
36.19 33.28619206284
28.04 27.414734370048
39.11 40.00019260788
24.58 24.87988064079
37.23 39.3950540424
30.08 30.5723013839532
28.57 28.84642245567
25.35 26.434788125274
33.36 33.6687427032
35.98 35.697320916
37.19 36.23660514756
28.22 28.074136652904
33.09 33.005859676326
29.18 28.8876843207744
38.07 36.67380229692
34.32 34.22880950028
36.44 37.41324441324
29.4 29.942083800864
31.52 31.46720617221
39.84 39.56861763936
25.33 26.9475839258688
27.96 29.49792099696
32.9 33.074878638888
24.68 25.0879396877748
31.59 32.319289490994
35.06 36.79946929188
25.36 25.802239431
27.37 27.4877225403026
27.18 27.189973484166
34.63 34.433051412
41.11 37.69978508976
40.74 39.76781143392
38.08 36.99870997488
33.75 32.48922428352
36.72 38.9111285754
36 33.84845921124
35.36 35.09402369184
33.19 32.773680683016
34.62 34.0304663928
35.05 36.39657182544
33.12 32.75712024012
28.77 28.7734595277024
27.7 28.58983019748
31.62 29.520191896374
37.95 35.87321658852
24.65 26.338316148336
28.67 28.0411938381408
35.05 35.76213695664
29.23 28.696000878666
40 42.1745656518
36.83 36.834646203
26.28 27.14155559568
32.08 31.734977881272
34.9 34.12474129236
32.06 31.7448669145596
38.1 38.4685802226
28.79 28.3293566409192
29.84 30.0427240181952
38.55 38.84711170992
39.79 39.718027689
34.93 35.116758588
33.99 33.99300271644
28.52 28.3034941368075
28.33 29.478136708998
38.96 36.35690944032
40.47 42.91205869728
26.63 26.46384944868
36.07 34.54498123812
35.06 35.2564413102
36.39 35.3644076952
24.46 23.15269198572
24.05 22.3521273582
24.46 24.97235289804
40.07 38.90365083564
32.53 32.06529916788
40.38 43.1170567008
35.5 35.11094603184
35.28 34.82186655396
39.62 39.9660764688
30.64 30.7914842204244
33.8 33.9506055672
28.18 28.15997794992
27.28 27.945941917608
25.52 24.1885599864
35.39 35.1840493926
35.28 37.21337770584
40.77 40.84468604628
27.96 28.4838747772932
27.51 28.53082483443
32.15 33.249891146352
25.99 25.8339784419168
31.07 29.390292267822
40.38 42.78764742192
25.36 24.50625343488
36.55 37.54840966704
30.39 30.44508259752
30.65 31.0815595870789
24.79 25.6071072810341
33.82 34.02974475936
36.46 34.74263876844
40.36 39.47084581632
27.72 28.179334793574
33.14 33.0303230536164
34.29 33.10611832656
26.45 26.398345170222
34.45 33.20111513556
40.52 43.29229846896
27.73 27.5289684402255
36.66 36.52319253636
27.29 28.1256474490092
32.54 33.1238352640836
37.81 40.08385741452
31.44 31.116794455008
28.46 28.4976033426
36.03 36.62025676572
25.5 25.773708132072
27.18 28.0453288726044
26.14 26.06669906832
34.56 35.63802266928
39.72 37.884075948
32.92 32.46625987623
37.89 36.56793950196
24.48 25.0400951506944
29.8 28.698094781622
26.76 26.9717979995175
29.89 29.236331025774
38.98 39.52278782208
34.74 35.43868099728
38.6 39.05839595376
28.05 28.318996642734
28.62 29.401232230824
24.85 25.02900554064
26.92 27.0139159680048
35.14 33.5769471912
27.12 27.554528474472
33.15 33.452190635742
36.41 38.21154010068
31.04 30.9397180356924
33.26 31.5591595632
36.04 35.16236004996
25.11 22.99747144752
32.35 33.50345076432
35.16 34.89282865884
32.76 32.96367804432
34.77 33.2971922286
24.36 24.36930403248
36.08 36.8842962114
36.82 35.94565300716
26.11 26.25128522964
30.18 30.3085811117914
34.49 34.19244072912
27.69 28.530085647462
38.25 40.29481261632
29.06 28.446656968928
28.26 28.4899538172132
29.77 29.71418327883
26.68 26.9081141922
35.33 34.44059052048
33.61 34.37974589076
40.51 38.13939087708
38.5 40.3446315192
35.44 37.08562698012
27.91 27.877855311432
28.24 27.8403333777876
26.19 26.28396537804
26.77 26.3489306323776
33.97 32.2854971958
24.95 25.242399546162
34.43 34.2175952826
37.16 36.20123169696
40.49 38.66718216348
31.98 31.22154260028
31.5 31.61482291152
30.22 30.2002344187536
33.47 33.4583857998
40.62 41.5740986712
26.92 28.04661128304
26.35 26.36017958412
24.27 24.2940147
25.41 24.77029404396
36.66 36.00550742124
39.42 39.39516295536
37.32 37.30320957744
35.47 35.1628956528
34.72 33.11596588092
30.33 31.71693221091
34.18 35.70717936444
33.87 34.28691258096
26.65 27.0052104261955
30.84 31.3548649186176
25.39 26.7378567666
25.68 25.09702786032
25.98 23.6161456488
34.42 33.86732047344
38.18 36.79813346028
39.43 36.20357216208
26.9 28.000520946486
41.89 40.36233246372
26.32 27.6142324418448
29.82 28.91901372039
35.21 33.5115441054
28.13 27.5584139129549
33.58 34.4295921942708
31.23 29.89020364884
24.64 25.268707721496
31.99 32.724235394976
38.79 40.1754729006
31.63 30.677819468382
37.01 34.7191251534
30.71 29.8628622041148
39.79 40.57954526772
33.68 35.443216836486
25.76 25.7723715492135
28.3 26.64962549604
35.5 36.70937793036
33.54 33.2956148712
30.25 29.68073775423
32.93 30.94505237619
39.67 40.94305855536
36.5 35.84198777076
27.76 27.98610663132
30.92 32.8297291423068
36.24 35.58163385232
27.69 27.53592676251
35.73 34.4010260466
36.25 38.35956360612
38.33 40.15635198096
33.16 34.74813678
25.47 25.7550446107488
37.33 35.56375995708
24.12 24.59971282452
27.83 28.3939408566
26.98 28.0970610663564
36.19 34.51398950016
35.78 35.41698721068
34.28 35.15534262996
29.82 30.21951649147
30.39 30.364094492322
24.21 24.81467546472
28.17 28.158689340192
37.82 35.88035348796
26.98 27.65109849936
35.7 34.92930522288
33.63 31.61650070448
31.71 31.550538149574
35.09 33.63092078256
36.65 37.3890104016
25.22 27.3912553750308
26.29 26.30692177776
40.6 44.74106026992
37.71 36.2590148088
34.08 35.722775218152
25.6 25.0653319618572
41.11 39.32336317572
38.94 35.98467145776
26.57 26.1560914113996
41.8 27.1316722560097
40.51 40.57889787084
34.65 34.29835623108
24.01 21.85625169216
24.81 24.5752601778
34.13 37.513482753559
25.14 25.33550254992
33.25 34.5230202212316
37.62 39.58309340244
30.62 30.8730331502705
27.13 27.5792582886
37.53 38.32146549936
38.98 37.7620852122
32.17 32.733021893472
34.41 36.9929837352
36.22 39.0761887032
28.34 27.93441677259
36.15 37.45345871508
38.41 38.4668822592
30.8 31.612543618302
30.61 30.7829016683424
26.48 27.007024810104
37.41 37.04823404592
24.94 24.3720244872
31.35 31.6183428487248
35.71 39.084865109712
38.89 38.2397230854
38.08 37.12389024912
26.68 26.34196589415
28.07 28.073554920198
27.4 27.5675185674
34.19 34.0953645822
33.93 32.09264640348
24.74 24.546531852
24.05 21.28465776576
26.61 27.1533822648077
28.24 27.7557288757776
38.03 37.3456299456
30.72 30.049712775936
36.34 36.4889188152
28.52 29.1742320782436
38.52 39.47914104336
26.87 27.851821022952
31.92 31.29412479612
37.35 39.21521643744
24.86 24.8551120413816
36.49 36.49435655472
29.3 28.479697919286
31.56 32.199325719558
35.48 37.44352844508
38.06 37.15513093152
25.25 25.27397861472
28.18 27.6247328947382
33.42 33.52606413588
33.21 32.66366678832
34.24 33.78144540195
38 37.48785483036
38.39 36.6737126058
26.22 27.45250679088
27.68 27.961914012
33.76 33.9707044746
28.05 28.257536782086
30.97 30.979112341794
32.28 32.0918447724
29.78 29.7450155481399
32.99 32.383241237304
24.46 24.239977238358
30 29.204672019318
36.97 35.4972613014
33 32.03339490768
31.95 31.48610607216
38.39 36.240613011
