20.7 -27.251863
-21.01 -34.35081
6.202 16.98507
-25.3 -46.2991385
-8.389 11.233459
11.39 -4.30796500000002
21.44 38.605775
10.03 32.36553
-17.42 -25.69137
7.558 6.65338
22.73 24.10869
-12.13 -2.44833500000005
13.6 35.652615
-13.51 -21.76443
-23.77 -32.0999375
10.67 54.0468345
3.281 5.65280499999998
-16.81 -19.590013
16.43 69.5337995
5.534 9.78520499999995
0.2878 -11.286835
-8.749 -7.82138999999998
4.851 16.819105
4.227 0.714716000000046
-16.78 -27.526115
21.8 20.60014
25.04 26.750814
11.64 23.81497
-9.413 34.7217855
-9.877 -31.2909
-26.02 -11.3902385
14.68 5.64134850000005
-9.668 -42.469008
-28.9 -5.88930999999998
2.654 12.053095
7.84 -5.74079499999998
22.08 63.09648
19.47 20.802534
-8.261 -18.2243935
25.39 4.90712784999998
16.31 53.74279
-6.949 22.22661
-15.16 -2.44692
-2.233 8.7138143
27.21 35.83619
25.36 53.826985
-7.114 -13.123595
6.458 10.41483
24.34 78.20306
4.15 10.3820225
-11.74 -0.256354000000045
8.236 0.295183099999955
26.58 19.546115
5.242 11.209335
-12.23 -14.4778695
-20.71 -1.98266000000002
-29.03 -24.2864083
-18.03 -72.65658
16.19 34.2970905
-17.38 -24.8602175
-29.4 -26.94857
-3.546 -13.781115
6.911 9.79335
-24.14 -39.740532
-3.544 -13.95234
8.782 -16.039129
28.31 21.3176875
-13.65 -12.2558705
-2.037 -36.27712
26.18 33.285075
8.891 1.20776999999995
-6.276 19.491685
-9.953 -16.60395
-4.016 -23.694045
6.619 10.29433
-1.895 20.1811235
-17.56 -5.95739500000004
24.48 61.4392595
11.06 15.0123855
6.554 -22.8000675
27.99 33.3577305
19.33 32.2394945
6.716 -37.6995375
27.34 29.1369
21.59 4.46078500000002
18.14 9.668788
19.57 48.119023
-1.606 3.02918
24.51 33.088065
-13.69 -17.245165
8.909 -3.62116899999995
26.29 42.09139
-10.73 -1.11493000000005
8.06 3.54723500000005
-19.46 -33.799835
26.23 41.10514
23.3 38.181095
-12.46 -21.17813
-14.98 -18.46691
27.66 9.78267499999998
-2.48 2.23000499999995
12.96 17.72684
14.21 33.832373
-25.42 -42.32695
23.77 21.691385
26.76 46.0278985
11.79 17.283035
11.27 33.794235
6.152 7.14871999999995
25.87 49.255305
-20.4 -34.550689
-8.373 -5.75939499999998
4.882 -0.597765
-26.62 -11.9618675
15.91 32.08368
20.83 16.562065
14.34 137.752751
-24.7 -20.69073
-1.579 -8.58175999999995
16.84 10.92847
23.07 12.705135
0.4803 -19.767905
20.45 -3.29160399999995
14.95 43.196088
9.927 3.54616500000005
-2.854 -13.586289
4.683 11.8883545
16.66 44.7370425
15.78 -3.17305
-6.057 -11.502025
-10.19 -3.87408499999998
2.796 -23.3206645
-1.549 6.00759500000002
11.21 10.947548
-16.97 -37.22976
17.6 19.725605
9.187 20.40904
25.99 60.508739
23.32 2.16268999999996
12.79 1.33317165
12.85 32.8439550000001
-28.55 -4.935205
-26.08 -62.625934
11.68 2.26221999999995
-13.91 -23.89043
-24.77 -87.55275
-6.537 -26.17136
-0.5833 -23.1905215
-17.34 -27.90289
-16.78 -14.689459
-23.1 -15.985925
8.156 22.9624385
24.93 32.0909605
-2.466 11.6802155
23.21 15.755552
-17.59 -4.62972825000002
7.606 -2.83547100000002
22.54 16.74465
22.92 23.34644
-15.81 -22.92872
-2.952 18.70126
29.98 43.689715
8.099 23.824655
-17.84 -38.4361722
-17.99 -5.63479
2.046 1.16990499999998
3.557 0.150094
-17.31 -42.0795865
13.36 2.47184999999998
1.812 -9.91759499999998
-29.25 -41.10181
8.083 14.0334795
17.5 27.4964215
12.96 30.42897861
23.33 48.672935
5.28 2.39134500000004
-1.192 11.4997825
-6.349 4.13459500000002
5.199 0.640830000000022
-10.2 -22.6455655
-11.82 6.21432344999995
-14.01 -7.4484043
18.65 18.12746
20.19 20.36345
-17.2 -17.21019
-1.019 -5.53936349999998
26.58 20.31247
6.19 41.123085
5.492 0.279109999999954
2.143 -27.975595
8.388 31.024317
18.34 24.425745
-5.677 5.01387060000002
26.18 60.83474
-13.45 -16.5823128
-1.905 118.771865
-25.23 -7.40853249999998
18.57 4.29108999999995
22.93 -9.41115
-20.17 -31.09517
-1.364 -3.35075500000002
20.17 -3.56135099999998
28.25 15.12873
-6.062 -13.091145
23.34 -45.918978
-17.55 -2.79093700000005
30 47.577045
17.18 33.582336
-16.63 -17.436531
0.356 -13.78811
10.14 16.5825935
-1.32 5.80822
-15.12 -7.55632000000005
19.73 17.21023
-14.63 -9.52714500000002
6.342 19.14515
-18.07 -58.575392
20.76 3.785995
-13.53 5.55155999999995
-7.597 -21.1499215
18.2 24.924477
28.27 37.41709
26.47 44.173109
-12.32 -1.77393949999998
28.24 53.310553055
-26.06 -124.644167555
22.19 15.6840895
11.49 1.710577
16.33 40.95142058
-29.47 -42.6047297
-9.627 -25.86264
-24.17 -36.2974245
25.47 20.519014
-23.44 -69.515955
28.3 51.6374325
17.77 27.22399
26.19 14.474527
3.341 10.326481
-0.5258 16.395725
20.71 34.567425
-7.533 3.94395500000002
18.51 44.6963399999999
3.085 -1.57612589999995
9.625 20.8802055
-15.4 -1.43864449999998
-0.2918 -86.8049942
17.71 57.50043
29.2 28.662215
-7.366 25.445935
0.1654 -21.286125
0.5014 -17.896121
-2.349 -5.97922654999995
3.087 0.489753000000023
21.92 25.186059
-16.9 -36.050122
-13.05 -20.75429
20.67 23.335768
-17.07 -28.119418
24.45 48.88041
16.3 12.609775
-28.3 -9.47470500000004
7.196 31.29266
9.282 49.223945
20.73 45.759685
1.053 -4.75562000000005
21.19 41.5875535
18.02 14.8092195
26.7 38.20459
2.178 10.369285
-17.74 -26.78969
-15.06 -62.3460835
15.93 17.053386
-0.5791 6.37931999999998
-12.38 -65.121685
-20.74 -28.99038
-20.97 -15.3624265
22.77 42.071805
-22.99 -40.326875
13.09 18.830345
10.35 8.6821325
19.74 47.27771
11.32 20.6485155
-19.84 -14.81911
-14.05 -33.46279
-17.06 17.4018245
11.52 -32.642421
26.5 25.89153
6.245 -4.39037679999996
-9.089 -19.479815
7.285 14.3763178
15.37 9.26246500000005
17.2 5.87872000000002
-13.1 -39.05197
-29.15 -55.2205175
29.79 26.3013535
29.32 46.485435
-6.839 -16.473555
-27.57 91.3867235
21.75 22.83247
-15.94 -18.064425
17.42 20.34655
20.49 58.609665
5.742 13.06359
-23.3 -68.021
22.53 55.949754
-20.86 -42.193905
20.7 18.5172115
-14.57 -15.121745
-28.07 -36.19383
-22.58 -38.7336215
-13.28 -42.939284
29.8 5.07028000000005
-29.43 -54.333885
12.76 -12.426835
-7.404 -23.350855
-19.32 -31.650205
8.358 -0.755990000000023
-20.92 -11.668085
14.56 22.8059535
23.48 -6.14391000000004
18.76 41.5253645
0.866 -0.725157499999955
1.948 -15.709365
1.859 -6.50929400000005
-11.89 -30.05938
25.05 51.1498585
-28.74 -60.3723335
-27.61 -41.23642
-17.1 -47.640635
5.51 14.425025
17.83 71.318486
-21.62 -36.469431
20.22 21.546205
-6.028 3.74426500000005
-19.91 -4.64652999999995
-28.71 0.588237000000023
-2.296 28.757995
-24.12 -36.577497
-6.292 -23.011385
-18.52 -48.3163635
17.46 -31.921726
-8.331 -15.112522
-12.18 -49.03194
-20.21 -42.1306005
26.15 25.9694089
24.66 39.720005
-11.61 -8.51846149999998
-24.11 -28.726175
-21.89 8.02687999999996
-21.93 -30.262075
22.73 8.84217500000002
-20.86 -17.779859
-5.098 -25.7021015
-11.05 -37.9298935
-5.782 -2.79075500000002
-27.12 -47.547295
2.22 -0.843625000000022
-16.99 -24.658245
12.36 38.62041
0.8628 -32.5798735
29.03 25.986445
24.19 44.9347
-24.73 14.20937
-27.3 -26.06427
26.46 38.6753875
-18.86 -27.49509
11.23 23.6858645
13.73 12.78757
1.766 1.12343999999995
-25.19 -3.93008499999996
23.33 27.176643
8.79 10.347505
-17.06 -5.643497
-22.6 -94.523635
-19.66 -2.58865999999998
10.4 37.18983
14.82 23.6356035
-19.13 -27.32783
3.911 7.63945999999995
16.29 16.966156
-7.241 -17.649075
9.567 15.511083
-2.388 -24.502711
-10.44 16.02928
-1.367 19.831915
-5.587 -0.443830000000023
9.799 4.51208000000002
23.27 5.66052000000002
-17.93 -13.106095
-28.87 -36.872395
17.28 18.0321695
-24.44 -8.94504000000004
23.23 26.308575
-15.23 -13.88178
24.5 35.092195
-23.77 -52.756169
-7.428 8.1114431
-3.554 -10.9405975
-15.49 -22.193855
-14.37 -46.972235
-3.494 -11.424345
13.09 34.356625
17.58 39.209115
-7.93 8.09189499999998
2.06 11.397315
-9.561 -4.61759499999996
13.36 59.928171
-23.24 -26.957595
-29.57 -25.96839
-17.05 -4.25903499999998
-13.91 -23.197705
20.43 27.91877
-24.12 -29.918875
19.55 23.025945
25.66 27.002215
19 15.17413245
21.38 16.8313345
-4.585 -13.928825
0.05463 -6.19171999999996
-28.41 -41.3016735
-20.58 -55.1813175
-5.46 -5.04733499999998
-2.45 5.45660335
11.49 7.33351000000004
10.2 32.98817
-28.79 -44.3586525
19.88 77.629779
28.13 39.2814785
-23.11 -46.917665
3.538 -9.20848450000002
26.25 50.404435
2.92 -18.316607
12.08 -40.0276005
29.31 40.532326
-2.579 21.847797
-18.03 -52.187403
20.63 44.2111425
7.442 7.32809
-8.251 -19.968615
22.76 13.875834
-26.11 -32.1959385
25.42 3.87853499999998
-18.67 -14.58374
-5.662 -2.26886300000005
-4.993 6.95543000000002
18.76 56.8280855
25.79 -19.829155
-12.44 -38.513435
-19.97 -2.66061500000005
5.792 0.879099999999953
4.922 14.055643
8.731 -26.007246
-9.683 -32.719215
26.51 11.92646
-15.99 -48.845145
1.737 -7.76476650000004
18.56 23.14562
-2.133 -6.83655349999998
-7.689 12.655395
5.973 -0.0790900000000239
23.61 17.99458
21.8 23.653985
0.8256 -2.75979499999996
24 34.33821
-20.28 -52.84077
6.833 -3.47362800000002
-14.29 63.9512649999999
6.938 0.873475000000022
3.299 7.22006999999995
8.64 -1.23993999999998
-2.345 66.540753
12.54 31.083345
-17.32 -37.014885
-8.827 -52.525564
13.63 11.128661
12.91 16.745
10.19 19.74203
3.4 9.35602999999998
-18.6 -0.9207
-14.82 -1.12387500000002
-22.13 -50.8740465
-11.79 4.65004000000005
4.559 -9.06951500000005
13.1 -5.74920999999996
-13.06 11.429039
-22.62 -19.9889465
-17.7 10.70622
-24.29 -50.630174
-12.58 -18.921155
-27.7 -47.5354749999999
-3.834 4.44683600000005
-6.847 -17.1082605
8.98 26.9729235
29.22 2.86834465
27.09 41.930721
-10.69 6.76051999999995
-14.71 -52.77087
9.918 -1.82694000000005
15.17 -6.40882499999998
27.54 65.640692
-18.05 -22.11049
-22.32 -25.50663
-15.53 -13.00379
22.54 19.131106
3.486 -8.31599550000005
-5.072 0.262250000000023
-24.94 -73.25675
14.49 -5.75375500000002
28.31 34.00884
-13.16 197.912995
-4.151 2.28593849999998
4.632 -12.2080315
-27.93 -18.877215
1.19 17.78706
-18.69 -34.52619
27.75 1.54990999999996
-0.1725 -19.13917
18.55 14.3383983
-17.93 -29.76357
10.65 24.1994342
-2.241 16.310765
-29.38 -50.136405
-17.82 -48.048835
21.99 9.34702850000002
10.21 5.71845675000002
14.28 58.0345345
-16.5 103.44156
20.06 -2.91319999999998
-14.23 -6.43784000000002
-15.35 -23.094625
-4.912 11.466198
-5.32 5.59669000000005
-11.28 -15.6291437
16.46 37.435215
11.73 35.6621305
21.25 65.084415
25.13 50.62978
-9.276 6.17152999999995
-12.02 -110.7925445
22.97 39.29322
9.924 -10.579124
7.711 15.399315
-23.16 -19.55874
22.49 27.4677415
-25.37 -59.474325
10.93 -10.818656
-10.55 -61.069691
-28.05 -62.332355
-0.8683 -5.98514249999998
-8.672 -14.1420273
5.351 10.94331
20.28 5.78634000000002
-21.6 -28.561295
-27.35 -41.95961
24.14 2.51460999999998
-15.55 -12.733155
-18.25 9.932675
-24.85 -50.2314515
-9.528 -4.85954999999998
-11 -16.3956955
5.098 83.076485
-14.44 -7.8376945
-10.84 -25.85678
-11.04 -5.601465
-3.447 -6.27713999999995
25.99 43.504976
15.04 33.948235
11.23 -47.579719
25.85 0.656217000000023
-3.971 -13.07449
18.26 27.835404
0.495 -14.07947
25.14 42.71634
-7.318 1.90143999999995
5.633 31.771645
15.9 13.885093
-27.8 -53.41237
7.185 1.22069139999998
-26.61 -63.819645
24.68 26.362799
8.627 16.977666
-11.78 -22.637598825
1.274 -3.01306649999998
-16.71 -1.84049749999998
-5.522 -6.41791
25.05 25.447355
-0.9327 22.759866
-9.251 -39.033345
4.705 23.214805
24.31 52.176135
24.18 41.056725
1.002 23.80651
4.193 25.71914
5.751 14.142285
-5.485 -11.06516
29.21 1.80595250000005
-23.7 -27.24394
11.94 3.50991700000005
11.72 14.301855
-8.366 -25.639419
24.15 46.946515
-15.77 21.513411
13.95 3.78211499999995
1.446 -6.10534000000002
23.9 21.5810153
11.06 -4.27234999999998
8.478 26.628459
-21.38 -49.8426265
0.8632 -2.03040499999998
-15.89 11.867121
-14.25 -22.158788
-18.69 -13.92427
28.59 40.27005
-25.78 -46.9755940000001
-21.63 -19.284123
2.408 -18.32682
-17.14 -29.219954
13.79 15.1264165
-15.53 -38.957115
-3.343 11.146015
-18.08 10.698965
-13.76 -32.743265
-20.03 -37.408
-9.64 -10.00133
28.32 13.000385
7.739 38.1156
-20.06 -32.090623
-17.77 -24.136115
19.43 38.214045
21.02 31.71935
15.17 36.8381775
-20.17 -9.93233499999995
6.671 5.86113499999995
-10.62 -20.641372
-9.461 -15.10959
29.83 67.74465
-26.62 -45.29704505
-8.915 -5.37371000000002
0.7199 16.444395
-10.15 11.134795
-9.144 -18.49574
-13.04 -7.25992200000002
14.57 9.93628000000002
-4.889 -18.043275
18.91 14.0851165
-25.39 -21.140629
20.27 -45.372445
23.54 46.642215
6.344 -0.954553499999977
-9.846 -14.582505
-8.484 4.88437499999998
18.82 28.6843595
-1.191 39.470477
8.275 19.134095
15.55 40.8177665
-5.427 -22.5117
-23.45 -54.020359
1.324 -27.288451
-5.216 -25.796065
15.98 -4.16080000000005
29.86 22.510515
-20.72 -59.3239
-5.882 -40.361895
-28.48 -43.973826
6.42 -5.67805099999998
18.41 13.35073
-3.018 17.07845
-0.7741 14.07897
-17.06 -10.685895
18.05 17.28587
8.372 -2.00703500000005
26.27 42.46317
-8.683 -31.4454
-29.71 -31.71617
25.75 28.11159
-7.042 -0.115496
-24.54 -12.553635
22.35 18.172014
-8.536 -5.40043500000005
-19.35 86.30578
18.34 33.47065
-23.7 -54.897705
29.28 57.002215
-19.8 -21.10356
-14.24 -39.5986205
10.55 10.946295
13.09 44.325785
-13.04 -0.408979999999955
18.36 60.3118301499999
13.95 48.99507
7.254 15.44679
15.58 -6.51235600000002
-2.934 -25.22127
26.01 24.7442375
14.46 56.054604
3.462 -9.226045
-0.3682 6.12341499999998
-6.433 34.581065
17.88 36.38107
-3.821 -8.08395699999995
-17.11 -50.22859
11.86 5.80888194999998
20.54 44.1529525
-23.44 -37.46472
-13.46 -28.67584
18.52 11.72789
29.69 25.086295
6.567 31.015845
-14.05 -33.3852389999999
-27.46 -32.298645
-15.16 -21.426165
19.1 11.446145
-10.81 -20.466635
17.68 6.99902499999998
-2.816 8.13964599999998
-1.66 -3.55339900000005
-4.426 -36.289215
-2.833 -9.669285
-15.89 -17.6027043
2.631 -17.44734
22.18 12.7742655
-27.85 -16.29336
12.4 -28.4680205
21.27 -28.76939
7.853 -24.804554
-29.37 -14.45506
25.28 42.875875
-0.7366 -20.997352
25.89 57.610072
-27.12 -12.15355
19.78 10.0699044
14.19 34.150206
-4.482 -14.465485
-28.07 -4.18671500000004
9.775 22.74338
0.8078 -22.441337
9.12 -44.939987
-21.55 -31.0307805
26.85 19.21131
-28.15 -32.189578
22.9 30.670415
-17.41 -21.7472175
-21.16 -26.622775
24.21 26.01699
-22.68 -41.4661
29.51 25.353295
-6.368 -7.55709499999995
-16.27 -67.48599
8.405 15.958175
23.78 26.254415
12.62 25.381425
-11.53 177.122635
26.06 24.89244505
10.57 0.881514999999977
-28.13 -10.683355
13.16 10.0798675
16.69 16.9431045
-16.54 -55.979706
-4.348 -30.656082
-9.797 -39.1555945
5.914 17.59577
-4.791 15.8926195
-17.62 -32.7953
6.311 -33.68708
-3.045 -21.794995
14.46 16.57705
14.72 8.31826
-18.11 -18.7713785
-11.57 -8.642955
4.013 -86.42176
-3.335 -2.24629499999996
-25.82 -21.5227245
-24.04 -10.310735
24.07 56.6067795
-6.924 5.50830450000004
-29.82 -28.17999
-28.9 -49.74051
18.05 43.87927155
-10.1 -30.65261
13.57 -14.185241
25.24 20.4333525
0.8368 -17.206425
27.3 21.279135
-22.18 -13.64467
15.44 10.442265
4.787 4.59296149999998
-20.45 -20.42273
15.82 12.5731625
17.65 18.64280365
9.567 18.844755
-24.94 -3.47269000000005
10.51 57.002785
-15.31 -25.179175
6.783 -2.14777599999998
21.62 71.09346
-0.673 -24.452025
-9.092 -7.33266145
10.42 10.78809035
-0.06079 28.040015
-14.32 -27.54975
-27.55 -25.078475
-22.16 -4.793628
10.47 -159.1462
23.17 -7.53348029999998
-19.69 8.88680000000005
9.55 5.5295005
14.66 59.04777
-21.27 -4.80143499999996
15.88 9.66907099999998
-5.908 -16.42009
2.919 -30.62596495
29.14 11.4545925
25.04 -9.85950500000002
-1.225 -3.20447499999998
-5.833 -15.24852
-18.34 -24.9934545
23.92 30.162424
24.35 68.859765
-26.02 -32.212055
-18.87 -38.119
17.87 30.02899575
-21.8 -32.0659415
-27.81 34.520364
-21.99 -57.104625
-0.3127 20.679594
20.04 23.522603
23.84 7.69572000000005
-16.86 -27.61026
-7.098 -17.107169
-16.94 -1.22480250000002
-6.466 15.665172
13.97 6.49255499999998
22.93 11.814359405
-23.22 -3.83937700000005
14.06 36.958525
-1.377 -36.163895
-23.2 -7.82809049999998
20.66 15.134522
-16.22 3.32818449999995
-1.656 -14.164144
-12.66 -25.46688
-23.63 -55.69901
-16.95 -13.47006
-14.48 -12.1082825
14.38 6.53535900000002
-3.249 -34.846213
-9.486 -17.340995
26.09 9.80598000000004
-23.98 -32.9460105
6.95 6.332765
-3.601 29.361043
-18.99 -8.01248499999996
-28.54 -53.34951
-24.74 -22.061865
22.29 48.32715
-1.793 -15.603495
6.912 4.34207249999998
2.85 -22.274511812
19.71 -10.192043
-26.82 -38.9028
-16.89 -23.5908565
27.03 8.468705
-7.356 -4.53728499999998
-14.65 0.00171449999997719
-0.6662 -38.365856
20.1 63.708446
4.537 -10.034255
1.916 24.39111065
29.52 15.590862
-3.141 4.20358040000002
3.213 6.06274
23.55 5.77601000000004
12.17 36.1228100000001
-5.232 -16.794717
26.92 1.17378850000005
-8.799 -3.208778
24.75 6.28432949999995
-19.48 -27.08321
-2.378 -8.5198275
-12.53 -64.8276615
-12 -23.2711625
-15.03 -2.50251000000004
11.67 5.70237500000002
11.89 40.225623
-10.22 -24.1879615
-23.22 -4.00856900000005
-10.37 -22.68425325
-20.11 -21.920675
25.01 38.7857115
19.27 43.452885
-5.724 -9.32537449999998
6.385 4.04384499999998
-8.842 4.36929650000002
-20.82 -42.941356
6.503 1.86726449999995
-26.17 -11.23089
-7.839 5.74345
-26.64 -37.486825
-15.85 -43.7284225
-27.4 -62.646765
21.21 -0.406295000000046
11.96 -11.328638
14.61 9.77711200000002
9.733 0.654984999999977
23.83 43.26015
-4.545 6.23325500000005
-7.477 -11.443505
16.11 12.939755
17.67 40.8310744999999
-6.088 -35.420505
0.6148 -10.919855
25.55 54.8525
6.344 11.7621555
15.7 9.42264999999998
-5.455 1.6022357
-6.288 -22.18804
9.221 9.31499850000002
20.8 33.610875
-18.07 -9.41194999999998
15.74 20.791835
24.94 -81.3875904999999
6.916 13.9540945
8.386 3.63040500000005
22.56 21.7705465
-26.99 -32.6696935
2.473 -45.51501
26.01 12.65871
23.81 45.3270185
-9.887 -5.72087
-19.81 -56.948615
3.198 18.398595
10.2 -6.07703299999995
0.3119 -7.9078
10.65 8.401407
5.781 19.959266
-21.74 -51.47614
22.77 3.69356
9.379 19.3042635
23.14 5.57977500000004
-17.62 24.3232795
3.674 5.548025
-18.78 -82.5386445
-15.83 97.783625
29.15 46.464445
19.14 28.8072945
14.98 -1.67138649999995
-10.57 -74.046665
12.69 33.87429
-23.4 -5.18823499999998
-19.43 -53.7112249999999
25.49 63.160423
8.664 -6.810825
28.59 6.91126399999998
14.21 30.99968
22.74 39.33315
-15.68 -19.5972885
1.621 -40.049065
0.462 -1.16775500000005
-25.88 -24.535085
-8.301 -24.176468
-11.2 -24.482535
-3.907 -13.73472
-12.08 -13.79581
-4.731 -30.177535
2.134 3.85719199999995
-20.11 -49.923875
17.66 59.5044192
-19.99 -44.44929
14.24 2.19081999999995
19.08 43.243405
-14.54 -2.48021449999995
-1.123 3.89996000000004
-14.1 -11.70796
3.274 -21.163925
-5.263 -21.181345
-21.52 -65.25527
15.55 41.4514045
-7.225 -5.89651499999995
1.762 -19.3273395
21.3 42.304765
0.9174 -12.12909
-15.91 -30.162582
-26.84 -25.23304935
10 24.416525
1.865 -19.469355
-3.032 -23.09747
5.633 -20.23392
-3.713 14.8761454
-16.28 -22.459648
-5.049 10.125945
-6.497 4.14692450000002
29.9 51.744195
25.07 47.752205
1.827 3.40957349999995
15.39 3.34650999999995
8.147 8.50637000000004
-10.68 -27.23614
15.57 33.7851445
-3.918 0.917200000000046
4.331 0.983315000000022
19.29 3.298127
20 56.93743
5.614 2.65127499999998
4.811 16.40056
15.86 7.40025850000002
-12.22 -11.1008
23.68 38.655341
-10.58 5.20532000000004
3.007 1.82826508500002
28.57 -4.33937449999995
25.93 44.549115
18.79 39.5873
24.21 1.58450699999995
27.21 38.68356
-22.18 -9.25217499999998
7.219 28.457081
-28.51 -31.593265
16.32 50.77568
29.58 46.856455
-21.01 -23.3279015
26.41 36.756285
11.88 4.42392499999998
-1.885 -0.819900999999977
-9.358 10.6191
22.02 29.60965
-1.42 46.48466
-19.98 -26.768975
-9.772 0.841782
-12.74 -13.77385
11.05 -7.88639500000002
-9.275 3.357765
7.737 11.4079
20.44 21.565155
-26.64 -19.132349
25.34 67.632141
-14 -28.707996
-28.46 -47.30289
1.64 -13.69565
0.9229 1.00412000000004
-1.872 0.690132000000045
25.67 33.365865
0.3011 6.76572650000002
11.98 63.41956
25.78 39.565518
-20.93 -14.387495
26.71 47.757855
29.31 -22.047675
18.04 20.035125
-8.9 14.60554
-7.14 -15.000085
15.74 26.3443325
-17.59 -22.1618
-10.12 -2.86373200000005
-15.32 -36.852725
-3.569 -26.4559195
3.713 19.666155
-11.53 3.89762900000002
25.94 22.587265
-23.59 -47.396675
8.165 1.73171074999995
-10.55 -13.50166
-12.72 -63.31811355
-12.14 -23.643285
-27.22 -29.586755
13.55 58.1663205
12.05 39.192626
20.07 -0.125925
-6.391 12.82353215
21.84 30.0776318
4.62 35.2218345
-5.624 -16.48366
-4.331 -14.17631
-21.13 -15.4619487
7.316 15.539094
6.031 -6.87722999999998
-21.99 -15.89912
-17 -19.112665
15.79 56.0385445
2.373 -3.07654500000005
16.6 11.2503212
27.23 37.996905
19.16 27.163465
3.28 10.392775
2.157 17.4742375
6.783 32.16677
-1.177 31.007175
28.59 55.18566
-13.29 -4.39811999999998
-19.53 -36.288535
-10.04 -27.84592
-8.353 -30.7246275
21.75 46.913675
-15.42 -14.901791
-7.721 6.41454999999998
-16.52 6.23699749999998
-12.96 -63.2691165
-16.57 -1.86045449999998
-4.402 -15.9965425
21.18 33.349025
14.87 5.07469300000005
17.29 49.960298
-7.767 -15.5670395
18.96 -15.4939135
-18.4 -19.04534
-5.833 -1.43397800000005
-18.71 -24.42609
23.84 13.25726
21.81 24.15064
-15.65 -26.4813
7.046 15.92137
5.633 -4.135395
-20.09 -49.66838
23.4 3.613765
-1.842 5.76742549999995
-21.39 -17.56025
-23.69 -41.06969
13.31 6.33781450000002
-23.61 -75.561595
13.35 13.274232
29.7 18.226025
-25.97 -31.581226
4.755 6.22334000000005
-4.628 -45.25849235
-28.27 -0.59139
-5.779 -4.60603900000002
-10.1 -21.52554
18.55 11.98075
8.338 -52.6057695
4.466 15.31901
29.52 29.001995
-28.04 -41.14752
26.7 0.0108100000000007
5.742 15.64871
11.69 32.52136
28.88 44.695965
-22.63 4.00135149999998
-23.72 -24.45595
-6.973 4.61694000000002
21.93 38.37218
-18.68 -5.58506500000004
21.61 25.4219055
-26.66 -38.563675
9.509 -7.158865
-8.584 -10.008593
26.92 3.27184500000005
27.9 14.4893205
-14.12 6.88563500000004
-12.27 -34.391814565
-29.52 -55.356296
3.398 4.02686700000005
-1.543 3.35246000000002
-4.955 15.01008
-13.39 18.662105
-24.38 -31.110687
-29.4 -61.053835
-0.9479 -25.2523885
17.38 22.122653
8.682 16.06843105
10.78 36.0633155
-20.71 4.48425599999998
18.59 28.215551
20.61 20.84125
14.35 24.445685
4.749 -13.12139
-5.983 -24.829141
27.26 35.4382635
12.35 13.8278895
-21.05 -12.346796
-21.67 -60.5706
28.68 6.12694
11.79 -1.06976850000005
25.82 59.170226
5.423 10.5636195
-12.33 -32.16549
4.801 7.35404499999995
-23.34 -35.6842235
8.401 26.3929915
15.05 -30.95517
10.07 10.0104775
14.71 11.94392
16.66 15.414565
-8.061 -37.0451095
-24.95 -23.356929
-6.366 10.8346085
-9.782 -20.49419
-5.232 -5.03768499999998
-8.689 -27.36294
-19.58 -12.5672025
-26.23 -4.15477500000005
-12.33 -44.89077
-20.97 -36.0035
-22 -35.939057
16.24 28.791465
16.84 23.49954
-21.59 -76.072128
11.24 28.25876
24.56 48.621965
-14.77 -50.3664805
-16.18 -35.923065
13.69 0.756374000000023
14.92 13.46266
-8.253 -9.95382049999998
-14.55 -27.88095
9.36 21.044777
-26.88 -70.0047005
8.772 -0.9465
-2.587 0.702359000000023
4.542 -10.23429
-17.94 16.016895
16.62 46.77956
23.35 4.51055999999995
-3.52 -14.67946
26.47 43.0494750000001
-13.94 -7.43770500000002
26.12 19.0032905
-15.56 -29.9894645
-3.454 -25.40732
-1.263 7.16420345
-25.99 38.72493
-6.974 0.260238000000046
0.6991 9.91436000000004
4.113 -0.105809999999977
-10.2 -29.21709
27.07 -2.00509499999995
-5.775 -15.21063
-14.11 -29.8144583
-21.18 -29.74101
16.64 -12.9287765
-25.4 -36.2009415
7.917 30.70199
12.72 14.016408
5.26 14.4427875
-5.261 12.4718305
2.821 2.88232939999998
7.892 33.468005
-29.25 -39.44258
-17.13 3.852195
20.37 22.19187
-0.199 -5.24775500000005
-7.096 -18.214711
-27.09 -40.55633955
22.12 11.04807
-2.652 -9.92512099999995
-23.72 -27.1367285
8.68 27.791675
-27.72 -38.98971
-4.266 -3.630501
-13.28 0.274577500000045
-28.72 -69.1222695
24.83 62.73824
14.55 37.019949
-15.12 -13.070635
-29.41 -66.749286
16.21 31.319042
5.684 42.930205
-11.74 17.671655
9.022 8.10028500000005
-10.37 20.336402
21.86 17.31779
29.38 8.29079500000002
8.328 -5.22785249999998
29.73 77.876845
11.9 12.127675
15.9 45.398666
8.868 104.61158
10.92 16.23896
-17.26 -12.153945
12.44 27.256125
-22.55 -4.055105
5.934 -6.50409500000002
-2.909 30.85313
-13.1 -27.0358945
-23.84 -45.898377
-14.47 -0.12049
28.91 26.6702445
8.594 28.816516
-21.44 -12.3259325
-17.28 -42.011965
-6.529 -14.05794
1.443 21.938384
-16.2 -5.14562499999995
-16.89 -41.22591
28.56 26.7927235
-10.55 -10.771005
5.296 -17.094008
-0.02577 -5.0589535
-1.804 -10.642965
6.157 -1.09808500000002
-16.18 -25.26879
-21.54 -33.358835
-26.41 0.970650499999977
-6.07 -25.657872
23.23 21.86319
9.687 12.25878
25.33 21.771635
28.25 14.5796255
-1.466 -15.188559
15.78 22.15504
28.32 25.384148
1.327 27.917695
-15.06 6.66864000000005
-28.18 -25.813855
-25.08 0.0128834999999545
25.64 -3.08475
26.39 87.93762265
24.27 35.314415
-26.92 -15.0221655
0.9441 -4.18158600000005
15.9 16.437882
7.944 -7.25191000000005
15.68 15.288593
-25.31 -36.335445
10.87 34.689405
7.509 45.6222
-27.38 -16.8489455
16.29 23.993335
8.538 15.5033595
-26.6 7.16625
5.662 -4.779415
-25.53 -23.374272
12.55 26.3519985
-28.34 -30.437445
-28.62 -32.121092
-6.416 -9.57292999999998
-0.4962 12.8239
6.807 -7.74053000000005
-21.41 -31.5655525
20.21 62.839765
-17.79 -30.97126
6.512 -13.184067
-5.552 23.635686
24.43 19.428756
-27.9 -61.577355
-0.8635 1.023288
-10.5 14.221275
28.62 69.22303
22.56 38.607605
-6.208 3.897945
2.242 5.69440000000005
25.4 36.98422
19.7 43.58095
6.701 9.68697000000002
-9.187 -12.978282
2.91 8.08016745
20.15 15.838905
-27.66 -27.30748
12.96 48.3490275
23.46 41.7460719999999
9.08 34.130675
-23.4 -34.311945
4.439 -36.329605
-19.82 -19.480805
-20.38 -41.241625
9.796 12.740175
-3.803 -7.50061600000002
-19.48 -47.32344165
17.44 -59.8867304
9.526 22.3011635
-18.39 -25.583583
-10.87 -26.8293
25.58 14.82032
-16.04 -17.1589605
-8.636 -22.651105
-8.869 -15.714206
-2.115 -5.5332685
-24.66 -22.2259695
-0.6073 33.9082825
3.5 27.9793685
-22 -17.3006245
-9.567 -10.854675
6.092 13.62772
-13.34 -10.892575
2.003 75.282469
1.966 5.37469500000004
13.54 30.371465
-9.42 8.45186495
-27.9 -39.856165
8.263 23.58897195
-11.41 -36.1967515
-24.85 -9.10086500000005
27.35 65.546525
12.66 32.850506
-24.17 -28.732161
2.062 4.45326999999996
25.84 56.66813
-4.207 -25.3325065
-14.31 -1.67847650000002
23.96 52.041775
-27.65 -21.945998
-18.49 -45.303965
-1.745 0.836455000000023
-7.432 9.57164849999996
1.899 -7.22608000000002
24.3 46.873593345
-28.32 -58.187165
7.971 -23.0102045
19.43 20.348925
-6.651 -10.195435
-15.32 -18.71704
-19.85 -52.407665
4.959 62.118662
-15.72 -49.294613
-18.86 -19.5170085
10.29 -16.86704
5.082 15.330595
-18.12 -21.41433
19.56 24.41331
-23.66 -7.41333249999995
-21.06 -13.863894
1.307 -16.37732
17.55 54.8266685
21.57 54.63918
15.47 -10.574501
-5.759 -23.5311675
-6.491 -44.3012315
-7.338 0.943560000000046
23.3 45.72719
-5.903 41.29039
29.29 -52.396672
27.74 26.739305
-28.92 -26.505405
-1.334 -14.43111
6.039 19.699825
4.388 28.074958
4.316 9.11043500000005
22.47 43.4094610000001
-27.25 -54.522305
-11.89 -43.32386
27.09 2.94923500000002
19.86 59.614105
-11.32 -25.514962
14.56 60.338044
-9.135 -22.54408775
18.63 17.430555
-24.33 -63.6272295
-14.43 -36.1909
16.5 11.153519
4.947 26.83425
26.13 73.33752845
5.542 56.419495
-25.73 -26.00987
9.777 26.473725
9.719 -2.93542499999998
16.87 46.5774045
7.737 11.984993
-9.545 -9.69685999999995
25.22 11.612615
23.6 19.2840658
10.56 3.8494445
28.5 25.21279
-2.06 -34.070075
22.54 20.382225
9.794 30.24657
-25.7 -17.03244
-29.28 -39.2616435
1.362 15.449711
-27.57 -48.9904
-15.08 -44.02492
-15.78 -22.793635
10.98 9.25896999999996
7.945 7.10714999999995
3.527 37.00017
8.153 -10.601305
20.62 26.49399
1.531 0.55982
-28.43 -36.510992
-6.678 -20.0139365
16.08 14.784325
11.07 16.4145705
10.96 3.86919999999998
24.35 68.187555
17.9 17.872348
-2.327 -11.842855
12.57 8.18525900000002
-24.63 -32.97558
-24.55 -19.21301
-29.42 -40.650235
-10.12 -25.11026
-9.479 -6.26648999999995
23.11 42.96693
-9.938 13.4641005
23.62 43.736108
12.02 31.055415
15.42 -10.28401
3.933 57.565075
-19.88 -27.11372
22.17 34.8519
23.19 33.82014
11.72 16.630125
-27.36 -40.104032
17.49 34.6047615
2.945 -9.12900000000005
20.12 28.5306305
1.003 -10.1253067
29.9 26.43221
-7.604 7.01412000000004
15.89 -13.105065
2.066 -2.55600950000002
-28.05 -28.09812
14.98 -8.842885
-1.075 23.949235
2.396 -10.450164
1.744 -27.534335
-21.02 -19.697485
16.5 8.50742500000002
25.97 58.9322155
8.024 -4.05380500000004
23.89 44.297875
6.453 -9.36853199999995
-29.14 -62.42016
27.81 15.14635
21.24 66.8284324999999
-27.13 -44.4828625
-5.434 -14.988405
17.93 22.7677925
-22.36 -73.346455
-6.558 -17.610088
28.14 58.027822
13.3 4.81607349999995
-4.91 -0.977880000000046
9.798 -18.64009
-0.2203 23.399415
2.875 15.371055
-2.714 -16.320473
26.84 131.94478
-0.6075 -18.807565
-0.5942 34.5408685
-20.37 29.779425
6.455 -10.884265
-9.554 -23.442665
15.47 8.00965499999995
-22.2 -39.8885310000001
-7.481 13.435215
-24.87 -44.24533
0.811 -32.678525
15.25 18.9265325
-3.382 -26.72822
23.15 13.061355
27.62 13.14248
-13.25 -27.131946
-25.16 -35.2375625
14.3 17.96302
9.916 38.494892
27.58 86.7410385
-14.02 -53.9462655
-1.399 -14.694225
-23.12 -8.3233145
12.27 19.380875
20.19 67.22552
-16.29 -38.4327235
20.15 41.751406
-25.23 -16.082275
24.32 33.8584
7.448 50.14825
-29.48 27.0585952
13.93 24.40746
-25.77 -12.102332
-12.42 27.758793
-27.7 -43.7395805
22.65 8.25365500000002
-23 -25.1646825
14.31 20.84034
4.262 5.40964899999998
-20.24 -43.994445
14.81 16.363605
-7.917 -25.175975
-1.298 24.12929775
3.376 -39.040535
-14.09 -20.93085
-0.9127 1.55304000000002
-1.552 -24.530525
5.533 18.748923
-13.36 -10.745046
-0.245 -19.486695
-27.43 -20.07244
-22.28 -22.1181705
-28.22 -6.48059500000005
-11.94 -22.993295
2.299 0.265220999999955
-13.19 -42.1032075
-5.862 20.9972375
-23.32 -9.01732499999998
-0.2182 9.89162999999995
29.03 7.75823
27.08 47.15533
-6.53 -24.0943295
-1.831 11.1646905
-20.7 -25.198212
14.01 17.81041
20.91 20.3302745
-3.1 8.49323500000004
21.52 15.503436
-3.222 -34.9937025
-13.59 -20.648745
20.32 10.756307
16.28 10.263315
-9.508 -7.51806999999996
-11.08 -21.242525
-28.06 -28.7356
22.96 45.283065
15.82 30.75561
-22.58 -36.9420245
-17.98 -11.16322
2.178 -22.66276
4.099 28.9009305
-19.18 -14.62012
-11.99 -8.28938350000005
2.118 7.78917500000002
-0.6712 -11.402663
-6.691 -8.35647000000005
17.99 3.84702999999996
-21.51 -11.25369
-27.32 -19.372725
-13.03 -33.03267
-0.9937 -10.943366
-25.14 -34.5585625
27.85 26.7653205
-1.264 6.52064000000004
20.76 12.1521825
-9.969 -12.20773
-14.23 -37.956306
-4.578 -3.05056449999998
13.35 -0.642149999999955
24.34 19.4203475
-22.44 -30.845055
14.42 16.3614882
6.073 8.53701885
15.25 66.624125
-23.99 -25.0643
26.04 22.686545
10.09 27.11462
24.08 13.57474
29.9 42.80774
6.482 -16.837635
25.94 50.3499665
20.12 -56.2346675000001
-17.74 -38.5889225
17.11 12.325195
-23.69 -43.47917
-0.1559 30.9879305
-28.87 -28.547045
21.57 34.15885
-19.71 -48.696565
-4.635 -14.860616
-6.489 -6.89143000000002
4.146 -6.74855500000002
10.67 30.981315
28.54 41.4357215
17.81 18.656905
14.59 65.10643
-3.698 -2.99315049999995
26.89 41.15978
-0.1022 7.59033999999998
13.02 34.34136
-27.04 6.43046000000004
19.9 46.28248
19.19 17.418035
-16.06 -39.56984
-2.012 7.05389
-26.15 -66.5305845
-3.006 10.23832
24.21 30.73716
-3.909 -10.59792
-15.64 -28.3128382
4.05 18.406825
-14.68 -2.93592740000005
2.517 7.91777499999995
-25.18 -44.4776105
23.55 45.10091
9.411 21.328185
9.654 84.002655
27.54 15.691995
13.89 3.13366650000002
13.73 10.543529
-28.3 -2.87832099999998
-11.37 -1.12337499999998
10.8 27.573295
13.39 17.498212
15.09 34.6836665
6.401 8.77871135000002
23.53 12.90604
0.958 6.27526314999996
-8.492 -38.310364
-13.13 -18.3479065
-17.48 -16.523735
5.515 22.991855
-5.563 -6.43004999999998
-14.04 -3.82118499999995
-25.78 -53.33356
-16.72 3.55094999999995
20.07 29.762675
-24.66 -42.9566995
-11.78 -16.38547
-25.63 -31.14775
-21.42 -35.88256
12.43 12.2726671
-19.88 -18.8176855
-20.7 -12.8297835
20.39 30.10358855
7.369 43.21499
20.97 77.5362025
18.19 67.2417755
27.15 7.68143500000002
-4.479 20.58978
7.566 -4.66440449999998
3.456 -4.55408099999998
6.148 35.2383485000001
9.896 16.15629
-10.71 -17.68453
25.17 34.10538
-21.13 -30.397235
1.544 8.39153
-13.37 -44.39982
-1.155 -16.45566
-4.231 -22.0744227
-28.09 -55.0313765
9.007 46.095862
-6.82 -19.457115
-10.29 -25.174635
3.145 10.273282
18.47 -12.0493773
5.25 2.11047999999998
-7.357 -18.0701305
-9.466 -20.52227
12.55 10.313035
-29.55 -22.188865
-3.742 -7.63378999999998
16.59 -7.5151065
-21.15 -31.6812
-23.39 -31.16757
-10.71 -11.853125
-18.54 -0.482967999999955
23.02 -28.686225
-11.45 -39.633545
28.5 28.3294775
-13.8 -13.3488815
12.92 10.59144
-16.68 29.85146
22.62 65.6568355
-27.44 -41.57633
-5.88 -19.862255
-6.484 3.772405
6.547 -2.32024000000005
-14.42 -18.6478044
-17.52 -23.1900494
-0.07617 9.62814000000002
-15.7 -111.8374
6.51 11.406167
-17.97 -15.38837
-28.1 -13.536641
17.75 50.962435
26.68 -4.10060000000002
-19.99 -10.82136
23.37 9.68641500000002
24.22 48.899771
8.292 -4.7943055
3.416 15.55944
4.305 -12.30498
26.81 32.042335
2.486 7.393575
28.63 -81.173474
20.9 10.792005
7.765 26.354275
-4.141 -4.22857499999995
16.58 9.73266650000005
5.997 12.048945
-5.606 -31.600575
-7.67 -20.4468813
-11.78 -52.034324
17.28 20.544292
13.28 -32.331185
-21.77 -26.014895
-19.83 -32.7406900000001
5.332 -2.46059
1.11 -7.67487999999998
-14.84 14.23813985
24.99 27.25454
-28.62 -9.413085
-4.217 -6.91150000000005
29.19 38.7082982
13.85 -0.427979999999977
6.058 12.669853
-21.29 -45.411823
-13.31 7.88319299999998
-4.736 4.40002999999998
13.53 18.530735
-2.964 -23.486905
-21.23 -3.28197955000005
-24.67 -124.927395
-11.99 -34.20793
-11.26 2.02196999999998
22.36 19.7037955
-2.642 -43.736156
3.287 1.09241000000002
23.17 14.572541
-17.74 9.784525
25.43 53.27479
16.65 36.87711
-18.31 -31.40004
4.257 56.36185
3.631 -2.05255499999996
18.86 15.237585
15.47 -38.699515
29.5 36.33624
29.61 12.072845
24.6 23.5441394
-7.657 -22.777385
21.75 47.994926
-12.5 -37.4030865
19.46 -9.237325
-20.42 -6.54039999999995
16.78 17.8592061
-20.69 -48.6463945
-5.309 8.75830999999998
29.64 43.0393625
28.37 10.358435
29.71 25.257125
12.53 18.6361085
4.18 22.30824
-17.66 -23.841835
11.31 16.69507
-3.321 -66.910515
-26.82 -14.2402996
-12.31 -31.5284575
2.865 33.265465
-6.308 -20.051005
14.91 24.6816
-5.493 -15.8318555
-6.418 13.9198285
-5.991 -32.3083995
14.56 5.73940499999995
-25.97 -19.6716235
-12.29 -35.187265
26.55 58.9439435
7.906 9.94448000000004
-8 -0.0343749999999772
-15.82 -51.8238095
6.07 7.83867000000002
-25.66 -15.072645
-28.68 -55.87834
-1.469 -7.43003949999998
24.49 54.029218
18.79 21.8837045
1.065 -10.294365
20.83 6.47065499999995
-4.518 -8.82052699999995
8.861 -11.78186
18.21 45.217739
-10.82 -39.329715
13.64 1.31524500000002
-20.24 -28.67743
-1.997 -6.60240499999998
6.359 36.668493
15.48 17.61375
26.21 43.652076
19.68 37.713865
-18.47 -33.1139015
11.99 42.77545
7.47 20.8102428
14.44 -3.53138260000005
-29.79 -30.941614
-27.37 -9.236335
-12.04 -15.71143
-27.11 -52.81302
10.59 -4.18614199999995
-8.985 -21.057725
-1.728 -11.00121
11.99 22.734205
13.54 33.6281425
8.971 18.6063855
-1.087 -22.2616085
26.14 -15.832145
12.34 46.2031825
-15.62 -40.029651
-15.29 -0.35186
8.054 -19.634565
23.36 72.24394
-22.54 -40.215085
-12.55 6.77866499999995
-21.48 5.88560999999995
-10.11 -27.8549125
-29.56 -50.291962
6.135 -0.592705
-6.426 -22.1728875
27.41 11.550646
0.1618 -29.244505
9.997 40.26059
0.1505 50.965207
7.115 51.6899585
-9.457 -13.093405
19.08 21.6991625
-22.72 -52.640645
29.92 31.3661945
4.234 9.85634300000005
6.631 -22.026929
-28.26 -16.3465
-19.77 -36.33463
15.25 12.54164
-19.38 -18.749825
13.44 10.840005
9.967 -6.71871000000005
-18.09 -23.367253
-0.51 5.02244999999998
5.707 32.0377175
21.19 26.33776
-5.174 -9.90804
-24.54 10.617665
-16.95 -15.913785
7.18 1.62815500000005
-13.94 0.720029999999954
14.81 21.1631445
-3.691 32.867591
29.6 52.12706
9.371 26.5814405
17.81 31.686735
-0.8889 -14.7171515
1.701 8.06233000000005
-1.312 -14.71046
25.19 9.64892199999998
16.65 -23.99823
-15.14 8.94921950000002
-12.85 24.06593
-22.86 -39.406795
-3.952 11.19214
-18.05 -37.20239
-12.79 52.631445
9.538 17.41257395
21.62 8.86319499999998
13.41 46.54781195
-23.34 -22.92755475
20.38 -2.79939499999998
16.87 -6.19366500000005
11.17 15.928975
25.15 0.088349999999954
19.67 41.96486
-22.45 -3.39278350000002
-16.23 -10.08545
-29.02 -40.676325
13.21 13.98085
-27.07 -36.31067
-0.2695 -1.3162
-14.2 -28.25744
3.924 1.05047399999995
24.64 -69.354345
24.43 37.15006
-13.37 42.705795
27.62 46.215615
-12.94 -45.2179907
16.74 119.844877
20.84 67.921193
-13.46 -38.0711845000001
12.58 15.0683108
-16.42 65.591875
-13.79 -34.5411907
21.39 47.9325645
1.97 -3.39334049999995
9.025 21.11052
11.87 13.43613
16.54 -1.98094450000002
-25.53 -33.34786
-6.215 -21.330545
1.915 4.04725599999995
14.86 -5.85519
16.75 19.239179
6.708 -17.130815
26.27 -7.1074155
-9.916 -3.35511950000002
-21.33 -33.158453
5.452 37.82095
11.35 33.739475
-11.18 -11.250515
19.39 34.236953
-14.83 -12.12419
-29.55 -46.983069
28.99 71.8998115
-2.867 -8.90792650000004
16.08 31.094075
19.64 17.42344
-12.45 30.6737167
19.91 12.874571
2.918 21.14656725
-26.08 -59.011078
24.02 24.26755
29.49 23.069036
24.21 6.5480885
-1.616 5.85056000000005
15.21 22.303675
19.69 14.137752
26.43 63.02018
12.79 51.98148
16.53 -35.83497
26.41 31.6802345
-17.12 -31.047675
14.31 9.27027
-0.7748 -29.3177885
15.36 6.89670499999998
24.11 60.7525554999999
28.23 34.83692
1.238 -2.86397500000005
27.21 -4.55532000000002
6.327 21.407325
-2.462 -32.605725
19.34 19.660635
-10.79 4.93699865000002
27.44 68.32419
12.72 25.3493055
17.82 20.4359105
3.221 14.3201201
14.54 -12.889115
6.061 0.497920000000045
-15.84 2.68790500000005
11.37 18.407266
-10.14 -23.889933
26.12 47.42238
27.01 -4.67251
0.2065 4.98373000000004
11.62 47.12504
6.793 -3.65582000000005
24.28 6.68492699999995
-23.49 -24.258856
-8.178 -12.50029705
22.43 52.5270485
6.232 -3.41903000000002
-13.92 -18.05045
23.29 19.11869
23.8 15.43779
20.57 33.74028
4.654 -34.755625
-22.25 5.39829084999998
15.6 4.43568100000005
15.37 -14.372847
21.23 41.9901015
2.333 -10.29216
-1.632 3.89277000000002
-6.982 -21.35152
20.83 49.364405
5.95 6.62490000000005
-19.53 -14.431645
-13.93 -15.690211
-8.897 -42.8134945
-24.73 -17.81776
-5.068 -6.81768070000005
18.4 29.629585
11.83 4.39816000000005
28.82 67.7383075
22.72 67.21538
-17.93 -0.882125
-15.75 -12.898704
-14.57 -68.502984
14.78 35.9714
-14.39 -45.040885
-18.72 -38.569715
1.315 -1.65593000000002
-22.03 -49.672187
23.6 58.71301
4.983 13.2211668
-3.499 4.21810500000002
-20.19 -16.17665
-15.41 -70.935149
-24.46 -28.806575
20.86 39.42497
8.824 2.34385
17.87 20.1648285
-17.82 -9.79445799999995
-0.612 -14.5993515
29.43 14.077539
-22.54 -46.585965
-8.577 -15.579085
22.56 6.83317999999998
-26.41 -61.74057685
-20.59 -7.4575435
-27.93 -38.135595
-6.563 13.1984369
-23.23 -43.04081
0.1226 -16.632465
6.933 9.21205000000002
1.442 -6.91623000000005
25.73 36.89192
-25.53 -67.8656095
12.39 -2.11611149999995
-14.9 -36.896391
-4.426 -14.872225
2.099 32.16097
8.976 6.41879849999995
16.1 7.97678499999995
10.71 -17.08492
20.84 -12.47236
-6.658 -19.67123357
-26.16 -39.22143
23.94 -28.39453835
22.23 24.50758
25.93 79.0165200000001
2.442 5.31114199999995
-10.57 -38.116819
12.33 5.47519
12.51 1.14475999999998
-2.903 7.12851149999995
23.61 59.41264
16.74 42.6182845
-7.563 11.349422
-2.887 6.56243999999995
19.74 10.7969545
18.59 37.6647535
26.26 37.268
-24.74 -55.184668
-4.284 -9.33503099999998
24.03 25.5482095
-16.09 -16.065403
18.65 84.9218535
16.5 206.206115
-5.99 -24.843085
26.35 17.961675
-3.838 30.5374465
24.69 75.490185
25.66 43.9572585
22.66 27.593905
-26 -48.19487
-20.6 -21.655925
24.38 46.4933949999999
-7.944 -26.57521
1.188 -15.553894
-23.92 -44.28481
-24.01 -53.0613
24.78 40.051345
21.09 20.44078
-29.57 -40.358445
6.209 -11.1411
22.87 34.98103
-12.94 -4.82365
14.6 18.515235
23.52 -1.37003500000005
-22.14 -9.66953
-13.92 -16.395658
15.41 -15.815705
16.79 -13.7985175
5.424 10.13109065
9.744 25.03632
12.52 28.62175
16.77 3.20578150000005
4.643 -36.507165
18.9 23.2648175
24.05 25.46401
17.47 32.208925
0.7909 1.55386
-16.92 -24.753925
11.71 3.28992450000002
-1.889 -9.413425
-25.1 -18.983551
-16.46 37.3777299999999
-23.41 -47.423263
-2.211 0.539322000000045
0.4658 3.61734999999998
11.79 -1.61811849999998
22.95 26.48967
-20.91 -7.44521999999995
-13.38 -12.733925
2.964 -6.64572499999998
4.602 45.17222
-24.71 -31.275425
-8.376 -10.837256
-11.49 -16.08855
9.427 -20.92212
4.686 -27.17537
-11.97 -34.5398617
11.05 8.44861249999996
-1.162 11.971376
5.339 -0.506569499999977
-6.592 -24.60752
-3.657 -10.826315
-7.021 -5.96346499999998
-13.58 -18.296997
14.71 12.683285
8.21 17.44214
14.09 1.78305500000002
-21.98 -31.04794
-5.975 -20.00515
1.449 1.78746499999995
19.15 6.50410249999998
6.142 5.52331000000002
-21.57 -29.911219
-15.5 -21.69002
16.06 10.5347499
-7.606 -44.2884729
24 35.6684085
24.65 44.8419185
7.626 54.639361
-17.47 -39.558935
-8.426 -17.0491295
8.253 37.590662
-11.85 -3.79677000000002
-7.723 4.77838300000002
-3.068 4.42333000000005
7.78 -3.022973
18.49 27.321875
20.34 39.20075
24.07 51.7402799999999
-17.01 -46.021915
-2.997 13.27099
-27.32 -19.54807
-5.835 -18.219147
-6.247 -16.789015
-9.368 -21.302995
-15.4 -30.57347
4.264 17.283035
-6.08 2.705135
-2.72 15.99735
-13.07 18.003265
0.5501 -25.014308
-11.51 -12.354605
12.99 41.65752
-16.79 2.02515499999998
-27.28 -36.69974
-0.8945 -8.87618150000002
7.731 16.62844
7.839 22.871362
-6.194 -20.808095
3.095 4.42278000000004
14.66 -2.21633000000002
18.88 -1.65763050000002
18.43 11.372695
-12.36 -9.09405999999998
25.33 36.89504
3.701 -6.58686499999998
14.12 0.646649499999977
-3.039 -26.055675
13.1 30.04513
0.1693 -23.3554735
-20.87 -8.47578350000004
21.16 69.4413634
3.476 21.06607
10.76 -6.54982949999998
21.07 10.918925
-13.05 -40.172855
7.059 -22.85934
21.05 35.4459215
10.5 10.5442555
25 21.948105
-21.3 -67.23054
-23.62 -19.26875
-17.22 -21.6614375
-8.415 0.865245000000023
-13.66 -22.87695
-7.529 -3.56739999999998
-20.31 -50.28138
-1.89 -20.7051
23.81 19.01047
25 37.974348
25.78 48.895015
4.651 23.135244
-20.18 -29.361405
-5.072 7.876675
14.86 26.6228275
20.79 36.6867855
7.44 8.31922130000002
27.08 22.148885
25.66 63.1855800000001
1.413 7.290455
19.46 12.9859775
25.81 3.14499250000002
9.283 -90.968902
-26.38 -49.11128
-22.52 34.787013
6.118 4.50922499999998
26.97 75.141703
8.156 15.4844931
7.649 45.353375
15.7 1.90617499999998
-29.81 -31.935225
-4.012 -4.99041300000002
-5.621 -18.9257085
5.579 1.31048000000005
-10.27 -28.318175
18.3 40.382015
9.737 38.563267272
14.54 2.08245000000002
13.35 -2.845805
18.9 16.366745
1.342 -5.393685
15.76 13.954885
-7.746 -31.854358
28.85 -49.00072
-17.74 -26.934815
22.72 56.7115589
-4.891 -13.306895
-21.87 0.685045000000023
-16.43 -3.72087000000002
0.1012 22.127775
-28.56 -57.83688
-4.549 0.511940999999954
-20.89 -32.410075
12.73 12.0299845
14.16 10.61597
-5.07 9.00935999999995
25.39 53.981975
-23.78 -52.994535
16.83 -2.07174499999996
0.3641 -7.52044299999995
23.79 41.760225
4.551 -8.52662
-12.84 8.17530500000002
-18.11 -6.92726500000002
24.71 75.1856799999999
-0.8054 -10.949485
17.53 29.831525
-2.607 -16.869065
-19.74 -14.71876
29.47 32.86522
13.81 7.27663499999998
-21.11 -39.7556783
-8.195 -19.714875
23.7 18.114425
13.77 35.701315
10.43 39.9930835
-4.261 -18.106215
-8.709 -4.38431699999998
4.36 5.75163199999998
3.459 9.29867500000005
-14.98 -12.4951485
-25.45 -34.248385
14.35 -3.20884499999998
-13.19 -32.188405
18.84 29.040686
-14.63 -43.3176865
27.57 54.499925
8.907 26.85548
-26.9 -49.31058725
-20.04 -19.11425
-9.105 -36.667119
18.8 8.62011049999998
5.623 19.0354315
25.05 31.2772785
-16.39 -37.5702550000001
13.51 22.489455
-1.982 -21.007315
-5.381 -4.10740000000005
-16.84 -34.11366
-5.745 9.38383500000004
-24.74 -22.866295
-22.36 -72.3664745
-3.655 3.15030000000004
-22.76 16.5420815
20.94 2.22953999999998
-15.06 0.195924999999977
9.315 -3.14506500000002
-19.16 -11.51823
-1.443 -3.05110799999998
-14.74 -37.338626
6.582 22.6293655
14.32 17.02497
-24.65 47.6157435
14.23 -15.1661605
-13.7 -14.985425
28.2 48.815308
12.22 -5.66732499999998
-16 -11.04028
-16.07 -44.117215
-28.93 -19.015045
15.04 13.83234
-10.17 -0.497979999999977
0.471 29.664186
10.13 -11.3416405
-21.37 -47.06157
-7.97 -15.12897
3.944 1.01353999999998
4.342 10.71200925
20.46 15.148771
-28.64 -8.33629500000002
7.717 23.196221
-27.85 -21.580705
-10.14 -24.035376
23.67 10.27393
4.971 -8.69248999999998
-27.71 -37.518014
-26.87 -26.20753
-22.15 -39.92338
-6.051 -6.23222999999998
-25.96 -47.898805
18.42 12.3336615
-15.43 -33.466887
-12.16 -40.06348
22.3 66.4809288
-19.16 -22.63584
4.653 12.60205
-0.7365 12.4979945
15.2 32.0576845
-13.45 -29.150596
22.51 54.699165
-9.698 -30.29993
-25.63 -71.222048
-26.86 -29.9064225
-9.144 -44.70052655
-13.64 -11.28909
5.604 -16.032875
29.12 -5.124794
18.94 -26.712013
-11.8 -37.72471
0.5118 6.32504499999998
-17.46 -48.603639
-4.512 -5.76178399999996
-18.44 27.01006
15.31 -3.44543
7.142 14.477125
-5.699 -4.519255
-0.5925 17.931605
-3.524 -6.147825
-14.42 -15.0483
3.155 16.30805
-10.18 -16.4394335
6.032 -8.06627999999998
5.679 9.05390565000002
-15.57 -25.040891
24.63 41.534225
14.77 37.51646
19.89 89.23377
18.06 -7.44287519999998
-24.28 -70.598615
0.86 -19.48976
2.323 0.352905000000023
0.4816 2.63240149999998
-26.45 -43.83914
17.45 10.847885
4.512 19.706305
-4.655 -33.5460952
-22.79 -35.7291015
-4.137 -23.10223
-17.66 -21.3642845
18.24 59.486605
5.511 -4.076665
-26.64 -38.739419
14.56 -7.89224199999996
25.04 56.7209335
-6.958 14.3507595
18.45 39.556355
28.66 99.122875
-19.29 -17.92696
-15.19 -4.81988999999995
24.35 31.62632
0.2533 4.70956999999998
21 57.021355
7.096 -0.689218500000023
26.74 49.45698
5.393 18.6197945
10.6 -4.53608000000002
-4.469 11.706055
-10.45 -0.8556875
-1.625 -11.127968
8.719 33.565535
-12.12 -10.833505
1.487 19.4631145
22.04 -10.116175
-16.41 22.875861
28.99 6.59656999999995
-10.32 -11.647485
5.675 1.18741
-1.183 -25.8161915
-25.61 -17.955725
-4.78 -18.30221
29.67 11.710471
-25.24 -24.921065
-10.56 -9.652925
29.88 59.3681555
-18.79 -54.6499845
5.703 -14.809315
8.437 -1.05257749999998
27.31 55.22315
-12.04 11.3494755
9.566 25.444221
10.03 51.74311905
-15.03 -22.454015
8.95 12.34907
-25.12 35.421555
-5.042 1.73501299999998
19.93 -46.68712
-28.43 -34.615967
16.23 14.44753
-28.07 -15.284928
19.37 -4.37412050000005
26.08 54.49418575
19.46 25.59716
11.01 8.26463999999995
-17.12 -33.96407
7.014 40.099055
-29.23 -10.512635
18.4 2.70922
-23.03 -19.769395
25.94 18.5577175
9.471 11.993883
29.39 41.010005
-23.97 -0.741160000000045
13.98 63.8067485
6.666 38.0424145
-29.31 -17.97593
-25.74 -28.289501
8.366 41.1929585
-19.15 -22.283255
-22.93 -24.131925
-11.06 -9.96274999999996
-21.81 7.19825450000005
21.51 1.57685549999995
2.069 18.37347
-25.14 -31.6948
6.117 -15.009085
1.026 -17.64202285
-14.95 -41.0275397999999
26.83 76.20123725
15.06 7.10759500000002
19.06 262.4688545
-2.827 14.194885
-19.17 -54.4420135
-21.17 -58.4650745
28.54 14.600066
-17.35 -30.1197315
-1.527 3.92287999999998
2.172 -7.90349999999998
-1.486 -10.375208
5.919 8.65953500000005
25.79 51.696685
-18.14 -22.8296125
-7.439 -36.080856
-5.088 -53.555275
-4.413 -3.33009500000002
1.398 -11.602795
-24.62 0.00172999999997803
-4.911 -0.155689999999978
0.7563 -12.158632
-0.6997 -8.22682800000005
7.964 -51.8120235
-12.38 -1.0979315
-17.3 -40.560015
18.96 45.46992
13.4 2.13530200000005
-25.24 -41.32551
-6.556 -9.68105000000005
15.3 37.6142075
22.49 23.7128155
-1.828 20.314805
23.29 -8.12697999999995
-21.4 -39.553245
-9.257 -14.054045
-19.94 -41.2056705
-12.76 -100.344815
-26.71 -45.497415
15.96 8.70667000000005
-15.06 -11.16291
21.37 32.74286855
-0.2693 27.81541
28.25 33.030825
-26.95 -40.15347
-14.84 -42.162355
-27.91 -42.0112245
3.163 20.918735
-16.82 -14.607805
0.09771 -10.444849
29.51 61.99959
16.46 24.008195
23.15 -11.528943
29.33 124.952602
26.65 33.72517
-16.51 -15.09286
6.395 33.975405
24.77 50.09549
24.73 53.1977493
-15.9 -1.35895500000005
-2.881 11.0109345
21.95 62.091568
0.6824 20.69789
10.28 21.344128
13.53 25.14757775
-3.164 -18.679855
3.461 11.71757
26.89 47.584375
-9.221 -16.7330595
-17.09 -19.8394245
28.34 21.43384
28.65 -6.22675499999998
-23.63 11.32817
6.784 -6.02546900000005
-8.714 -7.3679855
25.82 14.390608
-6.026 -7.65752500000002
8.82 18.27344
18.81 33.45402
-25.94 6.41317500000002
28.19 65.0150445
-25.6 -29.0214565
4.288 8.52368750000005
-5.782 -30.185067
27.33 -6.660775
-16.59 7.33858999999998
12.64 3.60645499999995
7.164 44.723585
15.16 -0.466748499999954
-4.422 17.211407
1.589 20.05164
-6.291 -8.68837499999995
15.02 33.90821
-22.24 -148.318261
-27.04 -32.904666
1.925 -11.3588305
-12.59 -27.2908905
-5.768 -21.708905
15.54 -13.150825
9.839 -6.02445200000005
17.06 -4.55221000000002
-13.16 8.008605
-15.23 -18.36254
18.23 47.704035
21.41 25.551135
6.693 2.14288499999998
-24.89 -11.567545
19.46 62.3911925
16.31 53.2112
-7.088 -11.979573
3.081 -2.09765499999995
-24.63 -3.32937599999995
6.415 9.950475
19.64 -23.225566
-8.253 -23.683655
2.259 2.08686499999998
-5.963 -6.23903700000005
-0.5812 0.887507500000045
7.135 4.97860999999998
-25.01 -55.782745
12.48 15.28121
11.59 0.659845000000023
-1.133 -4.72379300000004
-7.15 30.323295
17.17 38.514415
14.55 8.77660299999998
-6.635 -27.675925
-1.443 19.13756
-3.976 14.3918
-12.78 -26.250492
9.337 -11.5091915
2.141 -30.36417
12.14 -0.776902499999978
18.26 15.2768375
-16.56 7.56750710000005
-23.89 14.372135
12.51 20.301319
26.5 12.1555132
-14.43 -27.296215
-20.36 -20.6654
-24.12 -46.170905
14.22 30.558565
-19.82 -42.0907515
22.49 21.860455
9.697 -5.77813000000005
-9.011 -30.0331325
18.12 23.800728
16.43 -1.67278999999995
-11.87 -33.430795
-3.404 -51.62099
0.381 -20.0405275
-20.86 -53.49846
-23.94 9.94517499999998
1.444 -2.72454850000005
0.1191 1.42601499999995
21.59 -0.886800000000046
13.89 10.6040385
-24.55 -32.650285
-14.68 -27.1707395
-20.65 -1.56198500000002
-7.411 1.85467050000002
-29.63 -38.0193650000001
11.43 20.786904
-4.545 -22.681369
-19.3 -36.6092385
-23.59 -69.6509815
25.65 19.866268
-23.33 -31.5664625
-6.842 0.562029999999999
23.08 27.410555
-11 -17.21181
-0.6231 -1.254754
-8.678 -18.17062
-15.05 -26.2274175
-23.76 -19.44114
28.63 0.281049999999955
-12.43 -5.53012500000004
3.665 16.382015
24.57 40.334695
-27.16 -28.076459
-18.77 -61.17540545
7.392 43.9585545
8.039 -3.433559
2.082 -23.4297565
-11.96 5.39294399999998
10.18 20.690725
17.26 6.82434499999998
17.8 15.3970935
13.05 11.425975
-17.57 -15.67621
15.9 10.84745
-9.974 -36.25074
-26.56 -18.684105
-9.259 -0.37947
20.23 25.0151625
-5.757 -31.468279
29.45 42.2326155
-2.689 -19.029555
-15.68 -8.10952000000005
18.62 147.886032
20.23 74.87637
-22.11 -24.167515
6.317 15.733955
-11.14 -13.759063
16.53 40.7628735
15.93 33.5149135
23.63 6.75624100000002
23.25 55.53385
-8.739 -0.595085000000022
-22.16 -28.81637
15.17 60.1908455
-26.52 -32.308649
29.59 74.764685
-29.02 12.257222
-4.666 12.08363
9.407 15.243395
8.722 -9.91519500000002
-9.898 -11.93386
6.952 3.61228999999995
-4.57 -30.4650145
-12.18 -22.66287
-11.8 -68.8124765
3.487 -1.69993800000005
25.87 1.95973399999995
6.116 -11.73465
-19.22 -25.3110445
2.264 0.728955000000045
19.17 7.23078499999995
-20.24 -11.02059
6.748 264.927275
-9.196 -16.691425
-14.56 -51.490275
-3.991 5.91057399999998
-10.14 -17.85304
-16.66 -14.40212
-21.73 -11.50404
-5.755 -17.371405
0.2798 13.19932
29.5 9.77471100000002
-5.93 -1.59235000000002
3.095 30.039621
4.367 50.8504
-7.231 5.93118999999995
24.78 61.5443528
-14.06 -22.97197
3.928 20.0625055
-13.48 7.54613999999998
21.93 19.05449
20.72 44.665585
-18.25 -29.6474585
-10.65 18.729505
14.09 63.362367
25.33 21.89761
18.88 8.24236
-14.73 2.32314499999998
-25.76 -15.965505
-19.88 2.41065999999995
-11.39 -14.130015
28.79 33.9198675
-18.31 -24.377405
-24.63 -65.44427
-27.52 -42.0592
18.65 32.086495
17.52 1.42066299999995
17.4 28.469865
1.726 -15.737165
-6.193 -14.968115
-13.04 -22.579205
18.82 40.48591
28.57 38.336465
-10.32 -24.671
25.16 15.9677395
-27.8 -43.463011
1.237 -4.53665
-17.42 -43.27004
-23 -36.580855
-16.14 -57.811091
-9.203 -44.78644
-15.66 -44.74504
17.94 41.07195
-9.489 -21.2756995
26.59 14.500855
-22.31 -46.4433875
19.18 68.57888935
13.47 51.473842
17.64 57.004385
-24.11 -1.37143419999998
-6.181 -23.410053
15.78 35.864269
18.92 -18.3265235
-29.46 -30.01955
18.58 -4.21738999999995
-4.509 -17.85179
7.026 -68.2094735
-22.84 -10.932715
-23.17 -56.34488
-28.14 -34.349647
-25.95 -52.573778
-14.74 -32.15177
11.65 -7.89369
24.92 47.9037425
11.3 21.6468825
-22.87 -38.787765
-4.678 -6.94184849999998
-5.173 14.509505
-20.89 -51.027334
-26.68 -58.8753085
25.96 38.43287
23.65 30.7403355
22.55 5.36600999999995
-25.42 -20.44809
17.51 46.9422399999999
-10.17 -19.949215
-18.29 19.264073
2.623 17.51100075
17.49 21.869487
24.83 42.52913
-1.113 33.60076
25.09 47.0207105
-9.891 -1.31612500000002
-7.529 12.415865
-24.07 -37.954975
27.07 52.02071
-26.94 -31.804515
13.06 15.69648
3.576 -29.746071
1.669 -3.33500000000002
19.69 -0.1343925
3.404 -5.15922000000005
9.257 29.6799515
-6.214 -38.0170095
-3.965 -11.636995
17.46 -10.57311
10.13 12.133022
-17.1 -36.578059
-8.387 0.0441780000000456
12.82 7.46465549999995
9.81 20.104635
-14.58 -37.53622
4.795 -10.26418
-12.13 -18.4421715
-8.413 2.91448800000002
16.82 -6.69721499999998
6.925 10.731226
15.85 35.9033445
-16.66 -27.371885
23.31 12.368725
13.32 -27.99988
-19.47 -30.975555
-25.97 100.444877
29.3 68.3377675
8.715 33.3498955
-6.555 -12.06017
19.16 71.075024
-5.092 -29.227827
16.39 9.07607999999998
-14.2 -23.302285
-27.55 -7.48100275000005
11.41 -8.02527
22.81 -24.9871491
-28.03 -36.078445
11.83 12.527645
-1.182 -43.318508
-26.09 -37.475725
-24.77 -40.06739
3.483 15.062065
10.72 17.828983
-0.1668 8.75983999999995
8.265 5.48129100000005
15.57 41.43971935
-22.92 -47.46392
-2.575 13.234785
-11.15 5.41987649999995
23.01 60.023714
21.29 23.8712055
-17.18 -22.073035
16.93 26.519088
-27.21 -57.149345
14.36 38.562301854
27.83 15.00004
-3.687 -9.11491849999998
24.43 65.06761
-29.14 19.59431
26.08 27.2090375
4.12 18.925611
-19.51 -53.0740105
-2.683 -11.855675
-19.21 -21.607175
-7.11 9.88126499999995
28.38 25.4008365
21.58 32.68734
20.25 -2.90637500000002
-21.08 -65.13534
9.384 17.387945
13.78 16.752055
-4.713 -19.401795
-22.85 -26.508757
26.35 63.520157
29.69 12.09997
17.55 12.10623
-8.967 -24.7062205
-6.653 -20.6697925
19.71 17.91644
1.87 -6.39554349999995
-5.133 1.64777
-18.21 -37.6081616
-9.824 -21.0091565
-29.32 -79.746866
-16.26 -19.92847
-5.381 -0.558190000000022
6.887 7.629085
12.13 22.593175
-5.216 -9.3320715
15.75 41.934105
-4.514 7.17979999999995
-1.409 -3.68292500000005
-16.12 -26.2384415
13.55 5.45807350000002
-17.3 -34.4506875
12.92 52.160855
19.85 34.65472
-11.65 0.872069600000023
28.56 41.241125
-13.49 -30.6332585
-12.44 -48.88844
13.43 20.966295
-4.038 -17.224695
2.868 9.34180500000002
-17.27 -30.387485
-2.971 20.0468905
24.62 24.577243
-27.09 -29.497855
-7.416 -21.428015
3.534 37.2944915
11.36 -3.44050399999998
-22.07 -67.760485
2.063 -2.62990000000002
-1.559 2.99143600000002
-27.4 -27.975495
-5.265 -0.8059545
4.992 -2.10186000000002
-12.71 -37.85521655
-25.4 -63.0858965
-1.876 -34.829141
-21.07 -14.5160503
-13.64 -28.83146
-16.31 -44.2323925
7.31 24.118595
16.45 -9.81247600000002
18 5.68077999999998
21.4 -81.4239227
15.42 19.6322665
0.9191 -18.67672
-14.29 -57.56759
-19.83 -27.75339
-9.342 -43.500015
24.48 12.35194
14.57 28.651125
-20.1 3.0471105
-13.76 -46.97397
14.2 15.535205
26.25 43.24023
25.29 26.351345
-19.37 -45.8537737
-17.74 -5.605583
-22.8 -35.451881
16.05 32.202775
29.81 40.0946115
28.62 6.29532500000002
-25.57 -6.29466000000004
22.08 13.802475
8.652 21.9364695
-16.64 -26.3023
15.04 16.045265
15.11 10.78301
23.31 37.187545
23.2 27.26731
18.54 39.283735
-12.84 -14.72561
-21.38 7.03095879999995
-7.246 -0.376810000000023
-10.2 -5.92710000000002
1.064 60.7562693
-13.11 -25.98425
-17.2 -74.76251
-26.74 -23.678545
10.34 -4.934985
20.59 18.154425
-28 -28.26714
19.97 72.42958
-2.447 21.711345
15.34 33.04534
-6.74 -0.0763849999999549
9.637 6.00341024999998
24.32 6.01502999999998
19.21 42.236069
-5.215 -23.508898
0.07496 -0.027969
24.78 8.66444750000002
26.99 54.608675
-25.79 -25.057846
7.915 17.80294
13.52 26.56743
-27.38 -54.004
-3.424 46.3536645
20.23 30.1906105
5.923 17.661207
-10.38 -24.0449925
-12.85 -32.186545
28.82 1.08093999999995
-20.37 -55.63382
-15.98 -21.744765
12.19 -6.696105
15.77 11.18942
-26.23 -0.3285635
-25.54 -38.1466119
-27.88 -21.86951
27.48 49.9371
21.09 62.29998
19.08 -10.250903
13.24 41.460412
15.89 25.4341875
-4.547 -40.609842
16.9 -3.50116249999996
29 5.28000669999998
-14.87 -37.678453
3.324 1.275465
-8.017 -36.43447
-16.96 -7.1538
-9.027 -4.74618499999995
26.25 32.4504945
8.249 43.08887
26.28 26.339458
-17.6 -17.50182
-7.146 -41.27489
-16.02 -12.3363865
-1.157 33.50969
14.54 17.138375
-5.148 -1.67141999999996
-20.17 0.613280000000023
-6.574 0.651244999999978
-10.75 -53.34268
-3.673 -18.317185
-3.746 -17.2253885
16.13 8.55690119999996
7.474 5.68401299999995
10.78 7.21755999999995
6.866 -8.78225
7.51 13.2590765
3.141 23.4247395
-6.681 23.4001135
-29.86 -38.668451
2.972 2.776695
-28.45 -37.704635
-25.49 -70.3225665
29.03 57.67738
-22.37 -41.32414
29.85 2.46416999999998
11.02 -11.515305
2.578 -6.85903750000002
15.4 33.066438
-23.17 -17.166305
3.924 -17.95264
-13.71 -21.133453
24.74 32.76981
-9.436 -21.5681525
13.67 4.09757500000002
-21.41 -21.264286
5.733 17.90245
-19.35 -50.306465
2.785 7.86408500000002
9.356 1.67538999999995
11.34 30.157795
-1.508 5.75874
-17.85 -25.257645
19.3 -32.347845
16.43 31.4991795
16.54 29.7121165
-10.99 -36.4351300000001
-6.412 -10.45567
16.24 -7.570528
1.45 10.920725
-4.455 -49.893795
-21.63 -31.4638717
23.37 23.530915
-17.43 -14.06229
-27.45 -34.289755
-5.061 -31.147325
13.31 -6.35689500000005
-19.42 -51.457171
-19.79 -13.92307
-15.93 -61.811265
0.156 -24.901525
4.794 2.96252999999998
19.32 53.50894
19.64 59.9760150000001
-22.34 7.82860351500005
12.5 34.7938769
24.24 3.54780999999998
22.36 19.325655
8.552 30.176105
7.663 15.351175
-29.68 9.02274250000002
3.069 -61.2441055
-12.25 -14.95888
-20.3 -37.93765
16.04 11.80038
-10.21 1.47972999999995
-12.81 -24.6288885
16.96 -47.772125
9.142 9.02525349999996
-28.7 -13.324595
23.49 23.219975
-25 -12.133855
-23.96 -18.3377215
-3.895 31.27529
1.763 35.6279
-21.37 -28.659915
-7.844 25.6362375
-7.21 -80.270531
15.81 32.978345
-17.21 -4.49134999999998
19.76 7.216565
-4.788 19.627886
21.95 13.747285
6.038 -0.394445000000046
17.46 42.647856
12.45 -3.98871
19.41 77.673717
4.747 28.343186
-12.32 -43.4714999999999
-3.448 -18.845816
-21.42 -33.98829
-10.03 -45.0767310000001
18.42 18.359325
-17.67 -20.1095625
-22.71 7.94723050000004
0.8699 1.17428000000002
21.75 61.98558
-21.18 31.45502
19.66 32.942255
26.77 18.82772895
19.74 51.1747765
14.65 -8.06103000000004
-20.9 21.8756315
-0.8983 -29.1460635
0.2117 -22.18892
9.92 4.049695
7.525 1.91674999999995
4.868 -18.41371455
-27.41 -58.472065
-22.9 -18.30335
27.74 257.803705
3.287 4.36782000000002
-21.9 0.0772087000000001
-13.82 14.899325
-3.531 -9.04332149999995
16.76 37.3429199999999
26.35 9.92358999999998
-26.75 -3.51002899999995
-17.1 -4.01024999999998
-14.23 -3.43288000000002
13.61 21.651253
24.88 34.057465
-0.3242 -13.23656
9.611 4.75285695000002
26.04 46.807445
13.95 2.68717449999998
-11.99 -10.750555
-8.783 -17.869853
-4.152 13.106925
-3.46 4.74224500000005
19.2 -2.45565999999996
7.63 52.430482
6.268 38.3263985
25.17 37.8856495
-1.467 9.21876999999998
-0.04324 0.602309999999953
11.84 1.56317999999998
-15.37 -46.18341
-29.73 -27.5735
17.46 26.383525
0.8039 -15.45396375
20.18 35.01502
-5.048 -1.88642000000005
22.21 60.427277
28.09 49.851723
-23.2 -18.37952
-25.6 -32.336065
-15.46 12.9556875
-18.06 -24.606595
2.655 -15.084703
25.45 38.41741
20.64 115.581942
29.51 32.644775
2.212 5.67322500000002
29.23 45.675053
9.807 -2.33860499999998
15.62 37.1032045
7.323 7.460495
22.78 30.78451
-21.2 67.8798626
21.35 1.40016499999995
-16.28 -33.875228
-14.85 -51.872645
-4.561 -11.3882
19.64 15.0496825
-18.14 -36.89459
-2.944 7.89754
26.04 39.231027
20.18 15.305564
4.686 -13.106625
-28.56 -19.418817
9.094 33.1754465
-29.66 -38.070095
-14.72 -19.9424795
-7.882 207.131285
3.806 -4.64099400000005
22.55 71.772602
-28.06 -27.794385
-19.48 -32.66037
-24.69 2.603764
12.3 9.17438250000005
10.61 -2.04606749999995
-19.22 -32.823185
16.48 20.808832
16.3 44.469554
-2.124 -100.2375695
9.071 3.62920000000002
-22.73 -36.48851
-9.994 8.14391500000005
-8.763 -9.82341601000005
20.65 32.80545
4.226 8.06376999999998
8.601 -17.36328
14.91 -0.59339
-8.263 -25.95926225
7.21 31.904715
-0.4569 2.64757999999995
-6.397 -35.8097489
9.06 13.1412705
27.58 6.45202299999995
-12.54 -2.846915
0.2831 -12.40204
-22.61 -12.749615
0.238 -0.803289999999955
7.113 -8.38312999999998
1.785 -1.15458
16.66 2.09553500000004
20.45 21.373923
25.22 4.85056000000002
4.231 -12.444505
-8.911 -8.62122500000002
22.24 31.3376
19.59 39.4925789999999
20.33 60.6952105
12.76 32.1176665
4.746 -2.70815650000005
5.136 3.73978000000002
13.67 26.32289
-21.53 -34.7117
10.95 14.864057
24.94 38.737554
5.931 2.62227050000005
22.77 20.39353164
18.23 26.995845
19.6 27.13476
29.16 -6.87311699999995
-20.78 -21.45
-20.33 -35.695329
2.12 18.8831634
28.69 33.133895
21.52 17.75091
4.662 -13.703225
4.791 -8.27916999999995
-14.42 -50.5749500000001
-15.67 -7.41532799999998
-13.35 -16.38062125
1.12 -5.06268149999995
-21.57 -32.42592
18.2 36.03875
-13.41 21.4652785
8.347 26.5161575
17.32 16.6166685
0.1306 -14.8137005
-15.87 -28.534175
-2.94 -6.885945
17.97 32.41543
1.394 -30.384711
-3.986 -2.60148999999996
19.5 21.398685
-2.279 7.3793325
-27.86 -101.9920665
-4.458 4.44530350000004
-24.17 -55.353808
4.701 13.799715
6.565 10.27475
-27.13 -37.8704985
-1.925 -9.80694200000002
-4.692 -9.21986500000002
23.14 20.6921435
-22.06 -45.0575895
-4.971 -6.539978
-4.238 -38.9117875
14.74 21.453158
23.37 70.341805
-14.59 -24.701138
2.462 -12.40874
26.74 27.4119745
-23.48 -28.03949
-15.79 -7.21467
16.69 7.62122500000004
9.685 -22.950895
-8.82 -104.02356425
21.67 36.5679245
-22.16 -41.750655
3.817 -82.5510250000001
-22.35 -22.91024
-4.46 47.666674
10.49 25.39306
-24.2 -18.359745
-26.28 -31.208897
18.93 52.9867015
3.874 52.51413
18.25 41.7074565
5.127 3.15102000000005
15.21 8.52412349999998
25.74 25.72469
-12.73 -63.10623835
-11.84 -15.9895165
14.72 32.110744
-23.51 -13.765605
2.024 32.814745
9.863 20.66365
21.08 26.720465
-8.366 -9.42851999999998
12.59 2.3997315
-27.92 -24.944085
-13.62 -16.24721
19.51 37.24076
-7.011 -28.5509885
-18 -13.24242
-12.5 -30.104585
-26.88 -34.446745
-11.48 -33.87303
2.672 15.64741
-28.84 -21.83001
-3.523 -22.466532
4.762 10.9626315
12.54 28.8834115
0.3982 25.196622
-15.45 -41.827115
-26.52 -60.874405
9.244 46.180806
-25.63 -30.2928465
23.19 70.3931059999999
-23.5 -54.578965
26.33 47.024765
-4.701 -6.84152
13.55 -3.57315800000002
-6.027 0.112259999999977
-27.03 -33.01834
-7.26 -56.2593325
5.437 9.41561
-26.56 -18.938635
8.964 2.16908500000005
20.63 23.791135
19.89 15.68428
-17.95 -51.560725
7.24 0.828784999999977
-15.67 -26.936085
-13.64 -10.02835
17.55 35.784349
-20.4 0.427513499999978
-1.242 -20.75764
-12.39 -20.835095
-13.64 -12.627075
-25.32 -19.020875
3.763 13.107845
29.97 17.217725
-26.83 -63.96601
24.54 27.15808
20.03 -8.37603000000002
21.93 14.3645885
-7.768 -20.143905
-13.14 -0.813624999999956
-7.57 0.200794999999954
28.02 17.6801765
7.098 -13.5164435
-8.166 3.19327000000005
22.28 23.69926
14.07 22.23967
5.254 -6.17393999999995
-23.95 -66.123975
12.59 9.24279200000005
-19.9 -46.200715
10.32 17.631178
4.617 22.044865
18.24 -19.70309
15.63 36.3336515
-27.03 -45.017794
19.1 19.51757
-11.2 -32.55854
-21.37 -30.0206095
28.14 25.6588945
-8.097 -36.839505
-15.62 -23.2368195
-16.84 -19.280003
0.585 -11.432665
11.42 10.7406205
12.93 45.13409
-28.4 -57.6836375
9.367 -13.63183275
11.48 33.437075
16.42 69.12986
-12.54 5.23174
-7.164 6.57825999999998
29.59 57.586645
13.6 35.88502
-26.3 -24.1188545
16.93 0.537909999999954
-1.63 -14.9919095
-2.1 -0.0796839999999543
19.07 26.584935
4.588 10.400778
8.765 1.88305
-8.116 -6.02496999999996
18.35 32.33752
-20.22 -21.206532
-10.4 -34.547555
1.238 -9.6436705
-8.082 3.69615740000005
22.3 32.344534
24.43 23.83169
-16.63 -18.458461
23.28 47.569075
-19.97 -6.61368999999998
8.406 6.80118999999998
-14.35 -17.593672
-11.81 -17.689074
-9.339 -17.620352
25.13 25.447044
5.423 -8.3282755
-7.983 -15.830985
-24.14 -27.7778435
-4.101 -9.74364209999995
-1.674 -7.37000500000005
18.91 -1.41224000000002
9.451 -4.086967
-19.63 -45.759042
0.9167 -11.3325
-4.883 -9.66547500000002
-0.2405 -13.880315
8.852 10.83049
6.921 -45.07595
17.61 34.3886745
23.71 25.28992
-17.54 -26.395411
6.714 21.178745
13.23 8.40409600000005
1.217 4.04622499999996
27.44 48.38115
-0.9701 -44.459945
-17.15 -43.04006
1.531 -18.40586
20.63 60.5912795
-12.67 65.8444611
21.47 32.903512
-15.55 -30.829501
-24.05 -12.57248
18.6 53.2244495
-1.81 -14.5088065
21.63 22.078515
20.51 2.00952499999998
26.87 43.52146
-15.41 -28.164315
25.67 25.317085
20.15 56.830544
23.21 23.30961
-27.16 -53.27214
-11.17 -0.800210000000024
-17.75 -10.359191
-0.5984 30.21186
-19.76 3.211195
-22.65 -19.33201065
-5.879 5.366895
21.43 -30.014075
10.88 12.716985
-4.763 -19.2951795
-26.16 -41.993402
24.32 2.19616000000005
-22.49 -3.40450500000002
-24.61 -38.266648
4.139 34.017022
26.11 26.78723
-19.22 3.30555000000002
-6.268 -37.38492
2.128 1.07708
-21.81 -50.747465
20.83 42.353495
16.57 13.035025
14.98 36.260981
-20.32 -39.61539
-2.878 5.86177000000002
17.4 33.975325
-23.58 -36.85436
-7.318 13.071115
-24.98 -29.2101
-13.64 -10.46974
-27.67 -32.225955
-8.253 26.052155
-17.43 -28.5081925
-28.9 -27.71082
-7.801 11.463852
13.73 19.02626
-12.38 -20.9552
17.18 -18.683135
27.81 52.255435
10.24 33.900304
-0.1057 -11.098505
-6.916 27.0624445
7.028 -27.4284415
28.95 11.891618
-18.44 -14.59647
-2.647 6.30896800000005
6.803 10.528268
17.31 37.71424
25.45 76.9164145
-5.33 -7.97413150000005
-18.63 -1.33546000000002
-25 -43.045675
29.19 60.820743
5.282 -13.63292
24.83 27.07566
16.5 42.63057
18.17 25.524075
-16.28 -25.089025
-13.48 -45.112412
27.63 18.075855
15.66 -1.86121150000002
-25.45 -36.2906935
