6.193 20.5006035
10.28 61.57807
-28.54 -52.0628765
15.8 20.1279674
10.7 25.458051
-6.891 -48.74749
-17.86 -6.85801499999995
8.762 25.23069
-9.599 -61.240525
2.121 -28.13606
-19.19 -34.05979
-24.62 -42.4858895
-16.78 -98.968726
-19.05 -14.53618
-6.048 20.67795
-27.17 -4.97854000000005
24.73 72.8420000000001
-8.23 -15.516365
14.55 -14.192655
-27.31 -67.15997
-24.1 62.0155895
-28.8 -1.418493
-16.78 -8.00486499999996
18.37 31.889002
15.15 -12.930981
8.409 48.225785
28.09 23.323806
-18.29 -25.477635
-7.469 -59.3856
6.334 40.616705
4.837 -18.7214155
0.8012 -78.365133
25.1 23.9308535
-0.3297 50.514725
8.308 -0.5033525
29.01 8.56560000000002
17.59 -11.270285
-18.74 -32.843635
-15 -91.8729805
-2.749 4.53865700000005
10.66 44.5816235
-22.2 -0.390387500000023
-16.77 -24.168135
-4 -19.084306
28.23 -17.4964465
-16.64 63.026721
24.13 3.8625715
12.94 32.2987245
23.37 3.16887400000005
3.665 -9.82160000000005
9.485 11.834836
1.762 3.517181
-2.887 16.77914
20.07 34.7091915
0.4859 6.82244700000002
-13.18 8.22523799999998
10.99 24.239975
5.28 36.826065
2.528 -17.4901085
7.032 -7.28367999999998
4.848 3.12588950000005
-4.588 23.06062315
-0.2504 6.42558500000005
-15.48 -14.731125
17.79 22.5929025
-22.4 -36.58548
-8.671 -15.25885
-12.92 60.22089
20.44 14.567566
-1.266 -43.149885
-3.503 -22.677015
27.31 36.085795
6.207 8.48362499999998
14.86 28.595775
-28.98 -7.195024
21.2 8.50975999999998
6.022 8.96924000000002
13.07 12.80933
16.92 50.526205
19.1 18.4921502
25.12 31.91758
19.46 24.611344
-19.19 -36.109485
4.131 25.282725
3.901 20.7484125
-1.483 19.125805
-17.26 10.3059465
15.3 7.25841499999998
-13.17 -16.80092
22.14 -12.551327
13.28 14.0316285
-15.9 -37.1725515
27.44 75.494321
9.956 9.27491000000004
-14.99 -54.5795065
-28.57 -5.03340999999998
-13.17 -11.376305
-26.2 -45.05436
29.03 -64.53194
6.442 -13.704447
-24.14 -17.94929
-12.7 -13.42192
-13.57 -97.4582425
28.67 18.148245
-6.373 13.00915
11.94 -28.598355
2.288 -27.728595
22.47 -2.56563699999995
1.119 48.319066
-23.3 5.91955000000002
-17.99 -51.702487
-3.84 -29.97792
-16.37 45.300425
11.8 20.61147
6.944 -25.859325
4.415 -14.363795
10.5 41.414546
21.12 53.22714
-17.24 26.1565265
6.553 4.58963494999998
8.211 4.81168
-2.226 21.046914
18.78 -5.26247399999998
-10.11 8.08856409999995
23.6 39.6399
8.601 9.883165
-21.03 -40.642295
-9.625 -12.000605
17.26 11.349595
-5.135 48.6743665
28.71 -1.46317449999998
-26.1 -40.3190991
-25.04 -24.072685
23.28 -18.242075
1.736 0.980151000000046
-14.22 -47.8468
19.68 16.1325745
14.62 2.6921125
-5.554 -14.39334
29.09 26.6759
7.45 2.90615184999995
-5.194 -2.96903499999996
19.15 115.936613
-10.03 -1.14833499999998
29.8 2.03932499999998
-1.912 23.00981
-4.154 -11.887475
25.29 50.37312
8.723 15.4443455
-27.93 785.25
-3.902 -18.60556005
-5.261 1.233705
4.825 -1.65067500000005
-23.56 -11.9559255
25.22 18.5399065
14.28 35.1222205
-8.52 16.62087
-6.681 34.756525
-5.045 29.097285
12.53 15.055625
29.32 23.6848
-8.945 -1.44202449999998
8.653 14.7558265
-12.26 -15.1728725
-14.97 -17.365915
1.284 -20.53572
15.92 43.286456
27.26 52.113383
17.78 -25.2431965
22.51 12.580875
23.54 -4.106268
-5.61 -6.72414000000002
20.71 26.014395
18.85 23.095695
1.737 29.928145
-3.206 4.42859999999998
21.88 -9.92277299999998
10.83 32.85506
-9.844 30.3044915
17.56 45.8908035
7.374 -4.46037700000005
-20.1 1.20723200000002
14.21 -5.20490000000005
-10.31 -21.68128
15.18 33.448655
-24.23 13.7434528
16.57 -51.7686435
4.654 -8.36056000000005
7.428 -5.34776449999995
-9.713 -5.06634999999996
6.691 36.25853
20.67 24.7308975
23.73 20.9205435
1.047 26.60709
4.206 -30.462661
25.23 87.4335185
12.71 -14.196005
27.71 8.26684499999998
13.18 61.9295
8.011 -33.047372
-5.821 -5.08558000000005
-1.601 51.103145
-18.54 -56.50052
-23.77 82.2852785
28.56 23.13863
7.778 -15.980695
6.675 56.12322
17.35 39.526026
7.131 21.795855
-7.878 60.6230150000001
-14.29 -23.0012
-15.5 14.49457
-27.28 60.610455
-10.91 7.93733500000002
20.65 43.506025
-25.31 -35.40092
20.79 25.9271635
-26.89 -36.9350985
-10.51 -54.0888755
15.41 32.47464
-27.65 187.2506235
-27.5 7.52342099999995
-4.129 32.5453895
15.77 0.984530000000045
5.611 15.656195
8.3 -63.014525
-5.541 23.278992
-22.19 -14.50595
3.817 29.67133
15.96 31.741655
28.57 55.71852
-28.81 70.939255
-5.171 -43.64469
16.48 50.5062995
8.008 34.1022255
26.28 55.2754335
7.115 13.2414285
6.754 70.6870782
-27.23 -56.8341449999999
-15.96 -27.6968525
13.36 -5.11724500000002
-13.91 -11.073425
-13.67 -8.39447499999998
-22.47 -13.1934615
-7.738 -26.6303135
-10.32 -39.98221
-29.11 -13.786745
29.33 46.04633
-16.41 2.581736
4.154 -16.7734
11.07 23.838487
-9.804 9.362085
-13.52 -17.6939935
24.65 33.620948
3.846 44.8927655
3.725 59.6349465
-12.34 29.81165
18.83 -6.10270500000002
-17.11 28.851895
9.111 7.14388500000004
-2.452 -18.142895
-14.97 -53.497225
17.81 20.447995
3.978 -9.55715499999996
0.4985 38.22965
-29.22 -34.01262
17.88 28.6153965
-19.99 -6.20988000000005
-0.7746 -30.69972
-5.925 -2.10806000000005
-26.14 -36.46783
24.8 33.55403
-18.82 34.4967
-13.65 -9.00020999999995
-13.15 13.0871335
2.474 -8.07029000000002
-7.547 4.35581099999995
-23.04 -14.066215
14.85 4.26652410000002
20.38 62.103135
-10.51 -15.34262
23.52 0.357679999999954
10.2 36.367527
21.94 7.91969500000002
15.35 1.80648950000005
12.39 -1.76485600000005
14.21 4.3958055
-18.76 -33.041983
12.7 4.37922999999996
-20 -14.70266
-18.52 -11.070715
-22.48 -22.096515
-2.965 -12.475775
-13.72 -36.55773
-17.42 -46.2406715
-11.88 -2.56156400000005
-20.4 -30.09896
21.57 33.569230035
22.47 -16.62498
-1.143 -51.344026
2.868 -23.2081755
4.032 1.35484000000005
15.98 60.5064065
20.65 50.99724
-7.307 9.40419500000002
-25.35 -25.79052
3.515 -13.9482705
24.02 34.6918849999999
-18.84 6.18187449999995
1.24 16.33496
-4.701 -42.0832550000001
17.24 46.358692
-20.67 -40.148809
1.882 18.3665
-20 -30.254175
-5.802 -46.09954
11.64 -20.29673
-4.963 29.10645
20.15 42.1750345
-21.44 -15.0842845
4.621 -13.81920025
-10.37 13.543429
8.809 -68.791285
20.75 9.08191500000002
-17.16 -7.68475000000002
13.3 77.8519795
-28.3 14.05363
-18.1 -14.95116
-12.85 40.630915
-28.2 -2.02874999999995
-3.059 26.430125
-5.415 10.43952
-9.607 -88.210595
2.734 -25.136515
24.11 31.687765
2.775 5.63524500000002
26.31 62.149133
5.805 48.672755
2.046 -17.059501
25.9 59.10191
-5.238 19.96087
-0.5354 -6.32639000000005
-6.288 -27.1973175
14.94 16.24231
5.236 56.6617485
-21.62 0.295770000000022
-1.331 -8.81947349999998
5.119 22.4685255
11.4 18.807923
18.39 70.636595
-22.12 -25.62702315
22.96 -24.6991335
-26.76 -1.32360000000005
10.05 13.722199
-6.871 -52.5881175
7.089 31.0355955
3.541 45.426189
14.48 -46.252475
8.644 26.02259
-13.64 58.850325
2.414 -23.551715
15.17 -25.435095
6.621 69.6712325
-9.88 70.9794935
28.95 35.49758
7.541 43.36494
28.93 16.322525
21.31 -30.098245
-6.789 15.5757405
6.874 1.47947299999998
13.86 23.20037
15.85 35.709395
0.8815 -1.68859500000005
-21.46 -34.951915
-1.959 -44.2031655
-10.67 -30.88148
-4.971 -17.9232275
-24.84 -37.166648
27.76 33.75245
1.631 29.235765
-5.281 17.9643811
2.516 -3.12833599999995
-22.99 -28.844809
20.07 24.84369065
-26.86 -70.559037
27.23 -10.409235
-29.75 2.01027500000004
7.511 9.14541620000002
-7.12 -15.835975
-12.9 10.08543
3.355 46.8867355000001
-16.35 -11.5235
-24.41 -138.909285
16.5 -19.111349
12.69 35.109898
-22.12 -11.089145
18.97 57.38576
3.655 -4.86499999999998
-26.68 -46.929625
-25.88 -56.39803
-28.95 8.55549899999995
29.68 18.081455
2.156 -11.823407
23.27 53.421039
-4.277 -38.9389
-22.17 -9.56434499999995
-21.68 -20.8772
-1.142 4.14438005
24.22 14.058785
-28.28 -53.91947
18.36 -89.63733
-6.107 -48.45317
26.05 -4.16502500000002
10.16 16.061935
-10.13 -34.71206
19.41 -51.76054
-11.75 -10.92087
-11.75 9.04166
13.92 49.2079455
-3.644 -27.980106
-24.72 -20.1356615
16.83 26.75159005
14.3 35.42601
-2.739 8.65251
-5.062 3.20880499999995
-20.74 0.421359999999954
-8.556 -40.8854415
-3.888 29.026614
-10.16 -36.014743
4.23 62.516685
17.28 25.4924886
19.88 59.42668
15.4 40.70842
-23.88 -15.469759
10.06 67.493331
-5.745 -26.4824612
20.92 -48.560895
20.52 31.033785
-13.61 -48.490995
-7.93 -19.42707
4.339 18.421072
12.93 43.975062
8.067 -11.70096
-25.4 -31.132615
-5.545 19.98511
17.79 27.49559
19.36 -0.372504999999954
-3.311 -9.222075
12.76 25.44743
3.267 -34.0558885
-6.648 31.100725
15.09 14.768065
1.355 10.598425
-18.17 28.318905
23.43 6.34499999999995
27.95 -20.949745
14.65 -5.62079500000005
20.99 -14.190855
20.35 -17.91985
18.56 17.6576126
4.739 -20.41911
23.19 68.290485
-15.38 -10.0516665
-26.58 -5.25180500000002
21.39 10.141153
15.5 10.372225
-23.81 -0.442634999999955
15.95 -47.29902
-27.43 -7.61833999999995
17.32 8.61155499999995
-9.014 -10.36125
-17.7 14.58681
-11.24 -19.177915
7.07 -31.89130975
23.59 -45.728975
27.86 28.287925
27.04 17.8972165
29.41 1.928505
5.785 -48.69363
16.91 18.5656905
6.481 26.679555
23.89 8.52343500000005
-10.36 -54.99443
20.66 -29.79872
18.34 47.292141
26.53 63.947895
6.175 4.03426999999998
-0.2845 -42.975852
14.02 6.13623500000002
4.296 42.83692
0.06694 -36.8864508
-12.67 -22.8359825
-26.27 -23.955175
-28.16 -33.7558125
0.1019 16.41419
-9.914 -18.561085
14 1.07317600000002
-1.463 17.8960855
0.7101 33.204225
12.69 25.35888
-26.43 -47.71565
-10.52 10.508245
-22.84 -19.81269
21.28 25.099791
2.077 -10.197279
6.582 -26.04544
2.241 -0.767309999999954
-23.34 -1.62763799999995
-5.611 -22.727705
-27.13 -41.278625
-20.05 -70.75186
3.263 -28.775305
-21.18 -39.707945
29.58 31.5562
-12.32 -22.163315
5.193 -16.869855
-19.59 15.1467395
-25.66 -49.59878
-9.428 -18.56506
-13.89 -15.4514165
-12.55 -27.439305
-6.443 -21.404925
-7.193 -27.234645
25.02 -12.509855
-23.9 -19.990625
-8.936 2.71728950000002
-18.96 -9.879524
19.82 -1.82535849999998
-6.55 8.45308500000002
-17.01 -19.59691
-22.95 -40.4754965
15.97 81.7106
19.52 25.062855
-24.86 -12.340865
-6.843 -23.202965
20.62 33.418034
-0.3612 16.268727
-18.5 -70.437685
-10.89 -57.42116745
23.35 25.01846
-26.26 -23.83462
-0.6771 -30.21803
6.262 12.502096
24.05 -4.91116550000002
-20.38 5.12561499999998
7.649 157.857505
-29.02 -5.725519
-25.12 0.873939999999954
9.699 -19.529545
-24.48 -60.64241
16.09 5.90015499999998
6.832 24.0011145
-10.95 -5.878157
25.25 13.20325
22.24 -11.815835
7.062 26.52625
18.69 -43.344685
1.252 26.352813
-4.203 5.64192000000002
-24.87 -28.0241515
29.92 37.480375
-7.045 25.087445
23.69 18.8096395
25.87 -30.83989
-15.85 -13.2310249
5.393 0.964405000000022
-7.748 45.91561
18.32 -2.67226000000002
-23.47 -28.96716
20.07 50.894605
-27.12 -17.007015
5.123 61.46684
16.53 46.04854
28.38 70.02748
14.73 -4.57343500000002
-7.423 -5.88915100000005
-29.48 -1.48554000000004
28.22 22.728655
-3.598 12.10983
-4.474 -2.76568999999996
24.66 16.18299
-2.481 17.565844
-9.248 -21.162585
17.43 11.6459115
23.38 61.76756
-14.1 13.409195
-29.96 -13.408945
-24.12 -49.663865
-28.96 -20.878998
5.706 2.26585
-5.444 59.223199
-24.74 -0.60584
14.96 22.21426
26.55 40.18141
-21.96 2.48525499999996
11.87 17.78444
-9.803 -15.236295
-28.47 -26.05555
10.5 24.4933705
17.91 68.631105
1.371 -11.476885
10.17 27.41062
-17.52 -9.03360850000004
2.13 -0.389866499999955
-20.59 11.650475
12.84 26.4928775
-3.356 -28.0463
-28.4 -24.6243995
10.17 35.056948
2.417 -48.47968
14.11 28.57536
-26.31 -34.320275
20.96 74.65076815
-12.96 -16.38554
13.6 0.960150000000022
8.954 -12.438682
23.81 -5.47317
-16.57 30.211915
-15.72 -42.415759
2.839 -25.15309
-29.66 -3.48868999999998
6.154 20.7679
8.122 -50.85169
-6.778 -12.678505
18.51 35.7566264499999
11.68 41.8953425
-10.14 -9.39601849999998
-11.35 -25.648055
-5.946 -30.5178115
-0.2562 -23.592198
10.77 35.87971
18.48 21.404378
-7.711 17.138645
18.43 4.08230314999995
15.92 51.384585
8.9 -24.7542705
-24.25 5.28052169999996
-22.44 -24.85149
25.55 10.347171
-13.81 -14.9229099
-4.503 1.30143405
-22.32 -10.39011
-23.81 -27.48823
13.5 25.014493
5.426 -31.37467
-2.244 39.02305
26.37 32.70225
19.22 -23.094671
12.92 15.164385
16.12 43.3408
-1.851 34.9662555
12.62 59.6703
-9.966 -7.43738499999995
26.17 66.308145
-3.646 -23.372999
-2.335 -25.6904495
-16.42 -14.769615
-27.64 46.3058765
23.25 40.893145
22.87 43.1276355
13.44 -7.28022
-1.202 -16.903795
10.28 -29.52053
-0.4042 -2.89332500000005
-8.641 -15.5964542
19.26 22.035195
21.05 43.416245
4.277 -4.92066499999996
-21.41 -30.02963
-14.52 0.999604999999954
-5.022 -32.82641
-0.1978 0.629560000000045
3.8 38.830371
-21.21 -44.355775
-24.41 3.14811999999995
24 39.5503033
21.19 36.3825765
-16.24 -49.643295
29.24 42.69427
-25.35 -27.907794
-14.08 32.19964
13.36 -3.434955
-2.541 -34.74064
-4.133 -8.39992349999998
-27.45 -51.5817
-19.58 10.398195
1.3 -6.33966000000005
-13.02 15.1187473
-17.31 -36.0383165
-4.583 13.510815
-25.67 -38.81721
-18.3 -5.23637500000005
0.587 -28.615513
6.597 -10.15538
-13.16 -3.26871400000002
-23.13 -51.17175
8.202 47.932415
-24.83 -51.504035
-3.293 9.05757500000002
12.11 -13.42687
29.22 24.04927
-11.76 -23.60784
6.112 -27.32109
20.29 -6.64736000000005
13.92 22.2164092
11.25 55.7165875
12.28 -24.80356
-0.7337 -61.6673565
14.22 4.37573549999998
-23.04 -52.29128
-22.07 -21.625128
8.278 64.249675
-15.27 6.505375
29.41 0.622149999999955
-12.09 -17.432535
7.311 -5.1983865
-3.449 4.26950549999998
-4.684 -31.119047
-20.3 -5.19509999999998
-22.81 31.2861805
-22.93 -45.6118055
1.358 -29.988445
13.67 42.576152
8.545 -15.405955
-15.48 -10.0831745
-19.49 8.47598949999995
4.012 -5.05889499999998
9.542 40.18816
-8.375 -10.347555
-2.924 116.053465
-25.76 -21.936235
-17.87 -22.947068
23.33 -9.02779
26.88 8.8001415
-19.83 -44.061065
-1.815 0.968305000000022
12.11 -38.264549
-28.1 -108.35743
-4.031 4.77896499999998
-0.2342 -11.329165
15.11 47.84052
-9.606 -14.56477
-5.834 37.137515
22.76 32.6933615
-6.105 3.1707195
9.209 7.10937
4.877 -54.09813
13.71 -38.497675
8.409 27.991866
-10.07 0.506574
23.63 -13.77082
-2.466 -37.737917
19.13 -15.75474
24.69 17.8927845
-18.53 -0.539194999999977
-2.484 -10.6070065
-5.78 -14.438075
-26.24 -36.1228
-0.294 -24.16265
15.8 44.84474
24.98 26.503735
24.35 7.86319
-12.45 -7.37556500000005
29.22 13.240612
1.519 -21.21432
17.66 19.73411
21.23 38.22055
-27.67 92.620124
-10.82 19.868363
-12.2 -38.715435
-4.499 -32.28485
-15.4 -0.896345000000045
-3.559 23.834945
4.034 -11.72464
29.9 30.147125
25.58 51.8577895
1.085 6.46912700000002
19.26 55.95803
24.29 -57.174695
16.1 37.179953
-4.188 16.1962245
18.5 11.5216965
0.7658 7.12777695000005
6.218 12.1533115
-0.2687 16.667775
-11.77 -45.35875
-13.8 -29.501005
-8.658 -52.060692
28.57 17.957456
-8.095 -1.89850999999996
-3.472 4.99153000000005
27.7 42.834296
-0.3496 10.409755
26.39 45.0919
5.054 43.59951
7.329 -18.195785
-26.1 -13.688548
-8.724 20.42021
-21.45 -38.6719695
13.45 7.947615
-3.33 19.7237865
28.29 -41.119845
-9 -4.99347500000002
20.41 13.799499
15.62 -5.81616500000005
-4.41 -19.422965
-21.75 -73.034705
-12.04 -7.25879999999998
-12.5 -16.102
3.62 -4.795135
29.16 20.5364671
5.165 7.50205799999996
9.271 0.715729999999977
-5.567 -25.1476075
-27.89 47.5931545
-26.15 -7.74454499999995
0.7006 -48.292749
-0.885 1.5570355
-5.312 17.495075
-15.6 -29.259345
23.14 3.71807499999995
-10.7 30.616106
27.21 -3.00780000000005
2.739 -11.84814
13.28 14.00159
-0.503 17.308045
-29.94 -6.72549399999998
4.886 11.762518
-22.93 -57.9103075
-18.93 4.02301800000004
-17.43 -33.76373
-0.3559 -62.176773
-4.091 -15.752015
-28.66 2.79856000000002
2.089 -31.929315
-0.6258 -14.28412
-19.64 -24.838415
-14.23 25.761807
4.257 6.35121750000002
-25.06 -14.47162
6.684 58.604955
-22.3 -8.01820499999998
25.86 -57.51369
-18.33 -23.926
9.669 6.64511370000005
3.27 75.3484165
-9.96 3.72728300000005
-4.954 -23.00702
17.95 47.317624
-17.1 23.6453982
-10.16 -15.473715
-29.77 -29.52668
-7.55 -1.508905
-10.62 -18.082975
-25.1 -13.150725
-9.137 12.5790315
19.83 23.041773
-26.33 47.94045
-9.891 -40.8454645
6.811 -7.42641500000005
4.642 8.80287500000005
-3.107 11.160075
10.09 36.52858
26.4 21.843765
-6.913 11.45011
8.393 4.02792699999998
27.88 1.42559199999998
-6.297 7.47790500000005
-7.949 -16.9931975
15.64 25.88153
24.22 41.188815
18.51 13.28686
2.022 -26.90424165
-24.95 -29.552775
-3.561 11.7581565
-2.625 -14.80559
-3.618 -16.65932
26.67 35.97815
2.356 -29.0540615
-9.362 -22.692816
29.19 32.1431055
1.203 37.62642
22.82 26.20887
-23.14 8.2082
-24.44 -17.830622
15.71 -3.99345999999998
23.13 25.1637
0.08339 -24.319865
3.924 66.739715
15.26 11.239665
27.74 1.08519750000002
20.63 -24.4157175
-26.71 -5.91466500000002
0.6443 -10.233515
-10.68 -14.789678
6.079 -10.327845
3.713 0.819524999999954
-10.54 -20.49778955
23.87 19.298065
-28.8 -33.993875
4.499 -24.9208195
-3.823 30.5378
-15.61 6.24507674999998
26.21 52.0723395
4.899 -24.9738745
-4.925 -26.41351
-2.649 0.497265000000045
-17.32 2.01494000000002
-10.85 -44.73912
-9.33 10.63323
-5.182 5.61707500000002
-12.71 -14.97927
18.61 -9.94514755000002
5.568 -14.35778
-24.48 -20.059835
-26.08 4.53253799999995
-28.66 -52.3935705
23.11 10.7655046
19.52 17.7983395
-20.3 -2.93050000000002
13.61 5.72516999999995
-1.186 -17.73821
-12.32 -44.1726215
-29.21 -46.95865
0.8491 -0.431960000000046
3.542 -14.63529
-9.49 -50.154456
-20.95 -61.6290153
-2.901 -38.535281
-17.22 -33.96525
-16.81 -24.192238
13.87 22.55697
9.726 12.514035
-3.9 -46.38535
-4.673 6.81754440000002
5.254 4.11835499999995
-8.346 -14.96104
-7.948 -3.12498999999998
-16.05 28.279855
6.049 -8.056425
-6.209 -10.3940232
-17.05 -12.958005
25.32 1.94885684999998
-12.78 -9.587365
-17.6 -35.980845
-6.819 -85.688075
23.59 58.759066
11.35 30.023575
-26.77 -27.84083
-6.489 -6.54035500000005
29.86 -11.318205
15.39 -2.05196150000002
22.21 60.336571
-20.35 -20.535515
-14.88 -41.455965
14.85 20.41031814
-8.34 0.0083660000000455
-7.972 13.476445
25.77 18.480385
2.944 13.937375
-23.46 -48.933425
-1.565 -24.271425
-28.09 78.011807
21.55 22.4236155
5.217 -6.11297499999998
1.603 -9.2212695
22.88 3.59391500000002
11.48 43.253215
15.11 46.142645
-28.88 -47.3969975
-1.871 -9.46830450000002
1.174 3.53362250000005
-10.24 -17.2707175
4.278 -12.53544
27.06 45.402971
-20.36 -1.09192499999998
-23.14 -2.90981500000002
-9.835 -26.5808454
12.08 -17.786125
-6.593 -55.737935
26.95 59.6445
9.01 -4.22282999999995
0.5769 -19.526301
23.87 -11.842695
4.601 -20.494716
-24.88 -35.8391415
-12.02 -14.301845
7.902 15.589845
-19.39 14.55863175
6.694 -9.77176500000002
3.68 -18.920746
-1.638 11.204475
6.597 37.190763
-5.305 -32.298544
7.569 -44.2507795
5.696 22.503945
17.92 28.201805
-26.37 -9.06319000000002
8.079 8.33857000000002
22.84 18.6026038
-27.66 -48.985245
-11.63 -28.518975
14.97 26.705795
-12.81 -36.482319
-18.06 22.97045
-8.003 15.9934895
25.31 -2.568041
14.23 -10.280842
6.533 4.31454000000005
-29.78 -42.551695
10.47 -10.16299
10.11 -2.96031000000005
-5.204 -23.099255
-29.43 10.545985
-15.61 -7.07235999999996
16.53 -9.41399500000005
26.68 47.583141
6.421 17.471986
27.42 31.73293
18.7 3.37806714999998
-8.083 10.9830035
13.17 -6.11390750000005
-20.04 -42.3802695
24.36 54.8971635
-23.01 -28.58685
25.4 -4.19365299999998
13.79 -16.2851625
-5.917 10.91645
-28.71 -24.824175
-11.91 -50.7983875
-10.6 69.8663485
-7.36 -11.8064805
-18.45 18.619398
-29.69 -37.952585
29.78 64.2384575
3.918 3.10666000000005
15.77 15.092344
2.633 26.1109065
-10.39 -21.478545
-21.76 -47.00048
-10.45 6.00483000000005
-25.66 -10.450704
-4.354 -9.81836999999996
-11.76 33.59217
21.69 18.534355
21.26 16.93042
-11.23 -13.883183
-5.39 -41.864507
-13.77 -6.80259000000005
20.14 25.85916
5.134 -17.451547
29.16 32.80918
2.705 -39.8429545
14.84 2.7537035
-2.507 8.079775
20.51 2.659975
14.32 -79.72149
-20.75 -10.813635
-8.877 -28.4185305
-13.86 -52.830925
24.45 50.04539
-23.07 -18.11936
6.897 46.813305
-5.074 45.3792135
-16.63 60.847915
19.84 34.1896699999999
-16.17 -8.50266049999998
-9.745 -39.483729
20.97 48.475031
-27.73 25.207455
2.582 37.674005
21.63 40.5117550000001
4.623 19.626925
3.983 63.20808
-12.97 -63.5056802
-9.067 10.09009
1.165 -91.7464305
-21.54 24.626352125
24.47 -13.7155677
-11.25 -0.1206055
-7.732 -38.68372
-16.52 -20.3228
16.36 -6.281165
-1.745 4.861811
7.379 64.636614835
19.12 58.141115
-20.14 -54.237115
-27.87 -19.640925
-26.3 -41.660135
-7.768 54.645435
-0.3272 -6.80197
8.773 -23.69738
28.47 24.1604065
3.378 21.782315
11.61 18.735505
-2.045 -18.8971
9.832 21.27219
28.56 -3.10511499999998
-7.777 -33.5759485
-4.044 -43.51855
24.01 30.499385
12.2 10.25196
16.84 -19.45638
-16.08 54.05024
-6.631 11.4983475
-22.45 -46.05443
-22.7 -33.048766
5.925 -5.7571725
24.58 0.5993525
-21.6 27.1916409
-6.822 -2.18859000000002
-6.655 -24.829085
-14.14 15.627675
-24.74 8.45335499999995
-21.51 -12.140555
13.47 -1.75054249999998
25.31 -1.993494
25.71 35.9519275
11.15 -14.57143
6.998 39.24135
-17.83 -29.85540515
-6.931 35.1928538
4.569 -0.397454600000046
12.33 11.3445285
-1.841 12.538865
-2.752 -6.996537
-16.46 1.64370529999995
-12.37 11.320915
-17.64 -19.51434
-2.15 -49.63079
0.7666 -18.05625
3.945 -62.748955
-22.96 -1.11328900000005
-29.19 -24.98415
-22.42 -31.25881
27.74 24.5119
-27.09 -72.43608
0.2511 -60.05944565
25.1 25.085265
-26.01 1.43014999999995
-24.21 -43.06675
24.23 35.51153
29.91 25.028445
-5.647 4.57202500000005
7.006 -49.28616965
-23.85 -45.1708405
17.96 44.8388545
21.89 65.809725
-22.44 -8.84635360000002
10.38 -17.73248
-21.7 -6.23740225000005
2.741 30.928725
4.744 5.9606
-20.59 -17.858982
-9.609 53.2527335
24.7 17.377885
-5.356 -7.43754249999998
-26.07 -61.322175
20.59 5.92043
-17.2 -49.687325
26.03 9.92939450000005
-10.33 29.65115
8.181 -25.74278
-24.38 -21.87359
-4.148 -16.77919
-26.44 -60.62402
-3.704 98.3775795000001
21.63 4.84188549999998
-4.469 -13.207705
-19.57 -54.75537
-29.51 9.79257179999998
14.45 -4.27987499999998
25.51 23.028302
16.85 66.0407465
0.4768 -10.8978155
21.05 -25.2812295
-2.579 -15.7964135
-0.3122 -34.38483
-7.46 -18.162315
3.204 -21.514465
7.895 49.31236
17.16 11.1114115
5.607 7.83481000000002
16.22 -0.274409999999978
-1.74 -12.67009
17.93 -21.8161515
-17.37 -53.7512095
-4.66 0.838514999999954
28.26 12.421115
3.85 -0.259154
-2.804 37.34677
12.85 6.34223000000002
28.59 16.12352
-6.606 -4.31174600000002
-5.078 -36.44665
18.53 41.872814
-6.549 -6.84128500000005
-0.5719 -9.80286500000005
-10.08 -20.73287
-11.09 67.44268
4.551 -30.2286845
-19.15 -24.111575
-20.14 -24.2343925
11.08 -48.8983445
16.81 28.87456835
29.05 63.94499036
26.06 20.261613
-8.962 -6.77690500000002
11 44.31694
16.91 7.46491949999995
26.58 7.16440000000002
0.9972 5.95652500000005
-1.031 3.88737392999998
0.2185 -21.387545
-4.276 -8.35511500000002
-14.98 -17.15143
-24.41 27.740265
13.99 36.997365
25.07 69.088435
-22.81 -99.33548
0.9812 1.25132400000002
22.46 2.07216999999995
13.04 16.765312
-27.44 49.497975
28.53 -27.98061
0.06087 2.42227
10.16 -10.785513
-28.98 -44.475175
21.71 20.2073535
15.49 22.088965
4.011 0.210660000000046
-16.48 -53.6709847
-6.528 -22.973
2.925 6.18504445
-11.61 2.696372
-12.3 -62.525165
-12.2 -41.849165
-9.718 30.9958065
-29.55 -52.3120685
6.053 8.29780499999995
21.61 33.90898
0.02296 47.9873
1.377 53.290539
-21.4 18.76257
-3.108 4.65256250000005
-17.38 38.57421
-22.74 -47.481315
25.94 -29.0875524
-1.663 -12.905075
-13.09 -45.5546305000001
-29.2 -22.23289
-2.244 6.11965499999998
3.222 7.227328
-8.334 -10.105095
13.59 -16.561125
-22.5 17.248726465
27.37 5.6412536
2 -18.91659764
7.412 7.68793999999998
23.95 27.796753
-0.9268 -57.5318615
-14.59 -35.4438815
-18.42 -38.007345
-9.978 29.4971835
23.77 33.952075
10.29 -11.80644
-12.74 32.11251
29.05 45.5236765
-21.38 -31.65851
-26.56 -42.110212
11.09 53.65525
-6.904 -40.2163325
13.44 -54.12827
-0.4904 24.918
-10.24 -16.4208655
14.06 2.24040499999995
18.65 12.320455
4.447 -36.17786
-29.94 -1.09847500000002
-9.815 -6.04045200000005
24.99 45.7101585
-27.06 -15.412315
5.923 37.471195
9.43 13.139933505
19.37 81.0729435
-11.05 21.104755
10.67 14.356985
-2.137 4.59221604999998
13.24 -23.7470335
2.702 -9.53865999999998
-15.02 -40.12548
-10.41 -88.22501
-3.419 -30.652896675
11.49 38.615427
0.3792 -12.371472
15.47 -14.92559
15.18 16.34404
12.96 33.858303
19.51 14.773275
1.91 56.935735
-23.84 4.72747000000005
4.104 -32.142085
1.004 27.69753
18.7 0.592821500000046
2.784 -43.21567
0.2115 64.1334965
-9.186 -2.571355
2.715 12.926175
-0.9071 55.8653685
19.87 40.546275
28.11 10.5120165
18.11 30.7202445
6.715 -26.6184325
25.47 40.394545
0.3081 -20.2859635
10.13 -3.51285000000005
-18.49 -51.78688
25.96 46.455318
-7.161 -18.57106
18.66 8.25048000000005
-3.739 54.931915
5.824 -54.726305
26.58 42.07229
13.6 3.10145350000005
23.41 40.4505165
-9.601 -47.075629
-26.57 -13.60811
-9.551 -21.86042
-14.17 -39.621935
28.3 66.939245
-8.585 -18.74751165
1.09 36.3838435
2.804 17.24126
7.112 26.771135
-25.87 -24.00763
-13.2 28.0736915
29.99 36.211121
-0.723 -11.48953088
-6.3 -14.478945
22.12 39.97839
10.61 43.00061
5.479 -7.91925249999998
26.93 21.208225
-8.429 -6.92190260000002
28.1 -17.5814833
8.056 17.723425
10.68 12.70363735
-11.66 -6.88610999999996
19.47 -48.52082
16.76 40.2263525
-12.55 41.899414
10.43 12.689725
12.82 -20.984717
27.34 -18.4651895
-25.84 -46.1197355
26.7 18.209953
-5.65 29.7155945
12.15 24.293115
21.89 41.7806098000001
-11.85 -25.79634
12.32 59.301005
-17.62 -10.084175
17.93 -183.160267
-4.138 -16.8283
21.96 81.7853895
29.94 38.3773755
-14.36 -20.044105
-8.405 44.084234
4.403 13.2466
13.26 40.23195
-18.85 4.72178000000005
24.6 -62.46235
-24.58 -27.851895
21.76 28.26833845
22.78 2.95144099999995
-5.54 -7.211985
29.07 52.967225
-22.78 -53.262844
-10.24 1.74022499999996
-20.48 -38.4295
21.44 51.71815
-24.54 -102.21955685
19.49 28.6734
6.083 -2.46943500000004
3.146 7.70808500000002
-19.15 -78.7563365
-28.57 -21.90032
10.28 -18.128775
-8.594 17.5637365
-7.747 3.49246500000002
-0.03601 1.75103
-6.697 -10.1173475
-1.128 42.6746245
-29.35 -2.31667499999998
-13.19 -27.655125
18.84 38.479791
22.19 37.47261
-12.28 -57.8213485
-2.245 4.70401720000002
-18.71 -12.7072155
-7.862 57.92068
14.68 17.806659
2.85 7.17524999999995
-8.134 -11.57238
2 -51.6814
16.84 8.59435249999995
4.746 -11.8310725
27.75 226.99431
-29.52 14.489664
-9.137 -7.69985900000005
7.898 59.737545
-21.93 -3.33659999999998
11.81 19.38237
-3.727 5.88180350000002
-5.763 -4.82654499999996
2.836 11.1305975
-18.03 -66.621345
10.6 -1.747005
10.57 -7.67779999999996
13.68 46.174475
5.842 -0.373822499999954
-21.04 -34.433425
-15.13 -40.047613
-11.14 51.498873
28.76 22.493865
-21.05 -33.826813
9.452 8.5476717
-26.78 -59.9224175
8.877 24.558414
14.66 50.62077
-4.472 -2.27085499999998
1.621 -10.182078
12.71 9.25336499999998
-6.885 18.076845
-9.356 244.607705
9.388 -16.294865
22.88 53.462571515
8.858 10.027865
16.87 47.372318
-19.68 -48.022535
16.41 -5.44058000000005
8.26 25.793912
15.17 47.05988
17.09 -119.63574
17.91 23.953346
15.38 48.22155178
3.883 2.46628000000002
-15.44 12.570355
9.81 -15.46695
2.471 -30.491215
-0.1956 -26.155025
-14.84 9.93972549999996
-1.11 -25.163915
-3.69 3.44198480000005
-28.18 -4.40301499999995
-21.28 -57.93058
-15.14 40.573365
-4.838 -8.7990095
19.98 13.53764755
-20.84 -0.697151499999954
1.382 -21.163015
-8.628 14.763211
-29.57 -48.953972
-21.2 13.867265
-14.05 -11.5118
15.08 2.30206450000005
-12.86 46.96771095
-16.66 -28.591995
-18.16 0.437031500000045
-28.9 -47.16274525
-3.455 -19.994128
26.46 60.4536695
-26.85 13.645754
9.874 11.8057106
9.854 32.482316
-20.97 -5.22004600000002
5.658 7.5675812
2.877 -22.085515
27.94 32.5471085
2.867 0.939702500000045
8.68 -9.14720499999995
-24.11 0.742705000000023
-2.944 -50.21525
21.64 -40.301855
-2 1.29226500000004
-22.75 -11.732185
-23.75 10.5241415
29.78 28.08147
28.39 18.16325
-15.33 -39.766399
16.01 29.0022475
5.63 13.3917
-3.379 -18.60638
-12.07 1.00679999999995
2.76 -17.213105
27.9 10.31301
-15.65 25.17011
-15.33 15.3728
-3.085 -16.570665
-26.25 -56.60566
10.4 43.48364
-9.538 54.60907
-28.61 -35.072635
-2.85 -42.630024
-3.352 -36.207755
24.82 10.004535
10.82 52.6757245000001
25.24 65.358514
19.22 1.27885999999995
27.86 12.831235
19.96 -13.3050185
-0.5524 -0.507523000000023
-5.23 50.077805
0.4097 -12.460526414
25.77 -26.72796
18.59 46.53888
18.56 43.094874
16.65 -4.91895850000002
7.062 49.096145
11.7 61.379855
-5.603 -27.29612
25.15 20.87946
28.11 8.65450889999998
-3.854 -11.448295
8.559 24.23588
5.256 60.85461
0.1789 -10.6986639
-5.752 10.46177
-9.636 -63.031876
-7.606 -24.57346
-12.7 -15.40805
1.932 32.040035
-15.43 -38.973590415
15.97 -12.641095
26.85 27.77568
-13.55 -104.2537205
-0.5895 11.8559096
22.68 -11.6909301
12.85 19.998395
-14.5 -42.67581
-8.218 -29.0040985
-15.19 -38.245885
8.914 1.7580516
-12.38 79.53821
-21.73 11.21735
-1.949 52.494341
-17.98 10.6522805
-27.74 -93.6938
11.97 12.923005
-2.812 -11.087641
16.44 19.51574
14.78 -11.4068155
-24.15 15.298711
-19.85 -40.6073156
2.155 21.6210505
29.68 39.813378
-17.39 20.25282
-11.28 -24.374026
-23.06 135.5104995
16.29 -3.31565699999998
-17.69 29.1237469
0.3469 18.2622917
-22.73 -11.26827825
16.61 11.21923
-19.69 -7.74005999999998
-13.5 34.709555
24.43 -34.759975
-17.64 -76.4775320000001
22.6 64.771175
-16.33 7.86019000000005
18.68 12.1203695
6.424 47.70221
11.23 -52.3848405
22.58 13.594895
-1.2 4.21316950000002
-7.852 53.478263
-16.69 12.360799
2.361 15.305765
28.87 21.95596
-12.33 16.826405
3.753 -22.049865
2.649 -27.52001
-22.65 -1.24738499999995
-2.313 6.80466810000002
-9.685 10.2560285
-1.991 52.064365
-13.76 -11.04103
11.96 18.90222
3.199 9.20317999999995
-15.52 70.50445
-19.06 -22.043918
-1.639 19.54606
17.51 27.3729608
1.52 -7.55233499999995
10.8 14.547335
9.874 27.104495
15.85 33.602115
-7.78 -15.886105
-8.308 -6.05225150000002
-15.68 -51.534815
10.8 19.4504555
-16.42 2.29270999999995
2.913 14.60893
10.1 30.3530455
-10.9 -36.210615
-21.32 -31.19813
-24.57 -41.9700293
8.52 -45.0371612
-16.59 -15.891725
24.83 32.0755965
-1.321 -18.792526
-20.55 -34.24983
-2.241 6.88411400000004
6.117 -4.93670999999998
-8.1 17.299885
-21.95 -7.67831500000005
-12.93 -31.88357
-20.47 -5.18237999999998
-2.858 -8.62019499999998
-16.85 -40.240185
1.104 -54.24184
16.97 35.163603
-6.704 11.743925
26.96 8.62909500000005
5.444 15.908165
4.693 4.85606900000005
-7 36.38666
6.342 31.88667
-8.917 -16.915425
-14.42 -64.518305
-23.09 -49.1318232
11.4 16.103365
10.54 17.617704
-29.94 -3.62617500000002
-11.08 -8.12317499999995
-13.95 -6.92768050000002
17.86 14.372575
-21.18 -48.6174316
24.98 14.247625
12.17 -0.113955100000023
3.627 -58.1897445
-18.59 13.8330825
7.768 17.6470475
-4.098 9.68432500000002
-8.975 -32.28277
-12.81 9.32364499999995
28.54 23.7525
10.69 -142.775923
4.584 -15.950965
19.36 47.56085
17.85 0.722498500000023
22.47 -2.15846999999995
17.16 -20.721161
-17.6 -9.40523000000005
-4.716 2.33758999999998
-16.6 -32.6347715
-0.994 -4.33179649999998
9.649 11.159425
21.92 23.1398875
-11.1 -7.423465
-17.95 -44.713905
20.9 -23.8532371
-26.96 -21.08282
10.45 81.9803775
-28.02 -33.031095
27.99 27.76515
23.63 25.4791
-4.041 -40.92337
-16.05 -29.875341
15.23 3.59082
1.409 16.672859
-18.91 -10.05115
25.19 -43.4526
-28.64 -36.428737
-1.369 -7.77865500000005
-0.5887 14.286668
6.293 1.589105
-18.67 0.861435000000023
13.13 -1.05486500000004
23.73 53.79553
-6.316 -8.973832
0.7614 64.4911710000001
29.84 -12.19652
-12.84 56.60465
-18.15 -12.0863675
-23.64 -30.587685
26.73 39.944915
3.36 18.98141
14.63 32.998445
-6.143 27.12647
15.31 -16.0473025
26.8 16.18898
6.189 7.22373000000002
-12.69 9.67667649999998
-2.413 -37.543019
14.94 37.19088
26.26 74.545346
-2.386 -23.94235695
2.476 11.41566
9.387 14.84861
10.67 -123.154165
-4.516 -13.9612285
-14.86 0.871889999999977
2.184 -35.7071800000001
21.58 -29.79809
-5.006 21.8762
-11.22 -3.49108624499998
0.7067 12.02689
10.36 29.265475
11.08 -16.81804
16.55 5.24319999999996
19.73 -29.049152
-7.546 16.140825
29.05 64.2867526
2.567 5.10214000000005
-22.43 -20.773116
8.923 39.23907
4.151 -4.22561000000005
29 62.568767
-7.076 -13.045965
15.87 62.440998
27.59 30.061646
2.412 23.439407
6.164 -1.38531299999995
21.38 35.660109
-10.12 -22.723405
-0.5467 -15.3762145
-3.805 7.30423499999995
12.33 50.745445
12.76 28.273135
6.647 -6.53079999999998
-14.4 -15.723445
22.32 25.540165
4.425 29.907463
28.66 50.8979475
15.12 16.119435
7.47 24.730015
-9.691 -37.70998
9.618 17.2721965
-11.9 -14.781281
-3.812 -2.497968
9.136 -60.5678655
-28.37 -47.401765
28.44 19.511385
-7.427 26.9464
-14.78 0.151665000000022
22.68 -12.6628
3.432 -4.83304100000005
-18.56 -46.605196
-12.71 18.98401
-23.85 -42.962815
21.43 50.85434
-6.639 -22.80957
-26 -6.2869695
12.92 -60.9643055
-29.05 -5.00726920000002
-3.348 -3.90441000000002
1.251 31.412462
20.33 47.254621
-2.241 -8.61290499999998
1.6 -20.15312
-8.224 -5.63409050000005
27.62 40.616709
-16.16 -16.132055
7.972 40.319055
-21.22 -19.28462
-4.649 22.9232005
-16.58 4.02636800000002
7.231 27.711985
-0.9058 -28.34171
20.03 9.45719500000004
5.683 17.79823
11.39 56.378205
-12.53 28.007612
-19.62 -60.1445715
20.7 19.493735
23.04 42.8135
-7.27 -66.9402875
-23.92 -56.589335
-16.89 0.216382500000045
-3.454 -13.086885
4.058 -7.89362599999995
-11.51 -13.190815
8.919 -26.740138
-6.631 -35.575335
-13.31 0.984580000000022
-20.41 1.89199949999995
23.87 -27.820564
25.23 15.479898
6.586 -30.51463555
-7.613 -16.53321565
-8.91 -32.577096
-17.82 -9.90313149999998
-29.88 -32.85428
15.11 14.0987325
10.77 -12.715674
-6.337 -27.029566
-25.72 -55.30607
18.06 67.903995
25.65 42.461755
3.694 -26.0147765
27.59 35.003395
-19.69 -47.2018165
11.57 23.633383
19.79 -21.4133035
5.131 22.6108602
14.41 -4.52147500000005
-24.28 -21.7829545
-6.964 10.56432
-25.44 -5.23162450000005
4.145 -0.625074999999955
-28.7 -25.438705
1.76 -47.690852
11.93 -2.67034426000002
-26.19 18.414269
23.12 33.41571
23.64 24.1700595
-0.7846 -6.63100000000005
28.11 32.725908
28.07 -19.7260696
-27.92 -40.852135
6.528 47.94589
-10.31 25.381115
6.418 3.196682
-13.56 -17.019435
-2.375 -21.235375
-10.1 -25.901165
-24.75 -39.194875
-29.07 -56.452365
-0.6379 -14.623165
23.77 -38.5037575
16.28 14.687934
19.74 42.7381255
-7.109 7.64180950000002
25.5 225.038725
27.38 58.87438
22.06 59.26482
-15.08 -2.34403150000002
-21.4 -12.515366
10.11 35.1873705
10.07 10.032541
-22.96 17.15377
7.612 87.4440624
-0.5263 6.64315999999998
12.08 9.51434000000002
-4.726 -30.54818
-9.742 -6.8069
6.738 11.518201
-16.86 2.93934750000005
3.865 -38.3192200000001
-17.72 -33.800645
-9.953 50.799205
-2.335 -50.087555
8.58 -4.49373999999995
-17.42 -46.133605
-14.82 25.0455575
29.44 8.97003449999995
25.27 56.763775
-13.37 -38.14278
-8.048 18.18391
16.65 11.888585
9.983 -7.18283290000002
-0.4245 1.54216000000002
7.016 48.6527525
-16.51 -38.43317
-27.07 -24.794705
12.77 -17.6867235
-4.293 -57.83324
12.22 30.218285
-0.6292 -4.75298249999998
16.67 -17.625686
26.39 19.74876
23.81 29.550296
19.54 7.1326645
-21.72 -30.015996
-9.088 -47.417035
7.168 11.282805
8.072 14.57116
0.7605 -27.063805
21.95 23.00594
-11.91 -10.483033
-26.33 -50.6683085000001
3.251 -7.47355000000002
18.36 73.475464
1.691 47.50914
6 -12.845899
25.21 55.56058
-1.824 10.490525
19.47 31.331605
20.17 -6.38304500000002
-3.387 -5.50495300000002
12.83 30.0168
18.94 7.40515399999996
13.24 33.55105
-25.33 -63.547775
19.41 32.42985
-6.89 -114.799415
22.8 51.8029994999999
22.23 10.187935
-5.909 -28.42865
8.032 52.737595
-20.96 -1.126521
6.712 -25.676023
-8.497 -31.87546
9.849 -18.18371
-24.66 5.07190000000002
28.38 35.104705
23.17 52.3585775000001
-10.15 -23.609565
-13.32 1.12001900000002
16.14 37.2158475
-2.352 -1.82208349999995
9.736 40.272265
-3.755 -35.472135
29.2 28.874545
13.69 0.450645000000045
11.57 -10.501505
-11.88 47.47826
14.69 5.73715000000004
10.25 -44.357545
19.3 30.950381
17.04 -20.042317
-12.7 4.34264449999995
-20.33 -17.773065
8.39 24.72762
28.62 4.1029415
-2.025 0.4270975
-7.607 -25.435985
15.77 -14.9518
-12.12 -3.16050549999998
25.27 -11.521149
-15.31 -22.411025
-23.4 49.7492955
24.09 -23.495455
-26.66 -22.659355
-29.15 -2.36534099999998
18.18 1.64802050000005
3.787 37.7802769999999
-7.857 -4.63698350000005
-13.45 -29.3440955
22.95 48.60688
13.72 16.72299
17.17 -17.053775
6.575 -6.27851999999996
-6.361 15.57909
-28.88 -47.74976
-14.01 -30.391725
-7.888 80.9045865
18.87 3.70376499999998
-24.75 -40.53597
-5.411 5.94708449999995
-7.567 23.787175
8.078 -90.5956153
-1.797 -1.78232500000002
24.05 -10.699575
6.577 23.317095
11.63 32.728985
-16 -25.35783
8.864 30.1433
-21.84 11.81786
5.971 -28.871265
-16.86 -6.97311229999998
-22.64 -52.228145
-14.83 23.280595
-9.968 -24.754895
-16.53 -2.10201354999995
5.27 -19.8365355
-0.5553 -10.877378
-3.139 47.48566
26.22 6.72106
-6.173 47.25058
-23.24 30.316775
8.604 17.4195041
20.52 -18.1176195
-2.894 -12.99419
-20.21 -17.05701
-26.78 -9.71777499999998
-5.202 -3.89276000000005
-28.89 8.50492000000002
-19.31 59.56828
22.84 31.1382525
6.276 -11.584535
15.64 49.6131655
6.087 36.33257
7.828 -5.88709499999998
-18.95 -22.794043
11.58 -0.493421
3.576 -33.22602
24.9 -35.590845
8.975 -7.02701500000005
-27.71 6.02927500000002
27.12 34.6436
3.884 -5.0099
3.687 -4.04083399999998
9.143 12.842145
-10.37 -34.7707825
0.5229 22.82315
-29.17 -21.6960777
5.172 3.97102499999998
24.93 19.709575
-18.84 -65.83427933
12.62 15.823045
-1.803 32.7449735
3.394 -3.50337999999998
28.49 11.81645
26.34 21.2738615
23.31 -81.882026
2.001 34.70459
-29.03 -18.5697775
14.24 49.02941
24.97 -3.71543000000005
1.718 -4.40751000000005
11.03 -20.6063313
-4.704 3.87727499999995
17.72 -13.8733875
14.1 25.647435
-8.486 39.966505
11.46 -3.43981329999998
-27.47 9.15845
-20.88 0.0149450000000004
10.65 -14.917249
-18 -34.72836255
21.4 62.6947165
-1.63 -23.955495
-10.07 -0.640848000000045
-20.69 -43.5168075
-24.05 -3.34270500000002
-9.487 -14.369425
5.476 18.4048045
13.57 23.661895
5.356 3.05257499999995
7.089 27.723995
23.49 70.849819
20.94 -20.791805
-6.154 -16.7424445
25.34 48.402673
-20.73 -20.3900625
9.233 0.699754999999977
-14.87 -47.1866383
-25.41 -28.492985
15.27 3.4370575
25.14 61.518925
14.1 -3.090275
25.12 44.880865
-14.22 6.93679000000002
-16.87 -26.421585
-27.23 34.2626105
24.63 30.088928
-11.26 -33.820495
-21.01 -24.072219
9.799 -8.6573795
-6.296 -16.2181265
14.13 1.66895999999995
27.91 63.59099
-25.59 -29.55763
24.98 -0.515854549999954
-28.04 -28.6306845
-21.15 -4.16354725000002
19.03 15.3236794
9.83 -30.55001
-15.12 10.237795
-10.98 -1.23882000000002
-17.51 -42.89009
22.39 25.793975
10.21 63.053845
-18.25 -69.45844
-12.29 -27.191885
25 -41.3876733
-17.43 -22.88119
27.63 7.970955
26.47 6.7666415
4.693 6.17409999999998
-18.62 -43.922092
-23.28 -10.055405
-3.246 11.898261
11.96 -16.7791425
25.7 -5.39888999999998
-20.97 -15.994095
-7.73 -1.60569050000002
28.01 59.6608745
25.73 17.787965
28.43 21.03734
-20.32 -18.98638
-21.73 -33.0516
-17.05 -35.652145
16.77 -24.386635
-24.53 -0.411960000000001
16.25 34.398665
16.75 10.688405
7.669 21.33619
-1.069 -31.516545
3.747 29.13955
10.18 14.8828955
18.4 41.72445
-20.64 -12.759545
8.85 -2.07355
10.76 -12.4242605
20.15 -73.148629
27.25 -24.99027
-28.57 -35.186085
3.964 25.5360385
-9.683 35.0868115
-1.414 -9.24848499999998
-17.66 -50.092355
-7.965 47.464433
23.71 37.137205
6.154 -10.841055
2.93 9.05835499999998
7.437 5.77076649999998
7.645 -13.635701
19.83 5.29545099999996
21.26 -15.80466
-8.08 7.39900649999998
-10.14 -20.430483
-10.87 -18.976475
17.35 39.299797
-20.04 -57.999925
-5.084 -8.69011329999996
12.41 4.94994699999998
2.967 -55.52458
-20.99 -30.89373
17.65 62.744647
-8.56 3.18918500000002
-18.03 -22.24661
-0.1273 -22.988893
21.6 30.9148165
-14 -30.5207235
-10.13 -28.397795
25.29 -16.521
-17.48 25.8589795
-23.9 -23.4839072
27.42 7.508525
3.966 5.36219500000005
-3.563 2.25991499999995
-2.776 -28.270415
-4.023 45.041575
14.13 57.8242065
-8.439 -15.441175
6.457 18.327015
16.42 30.03557
18.6 -46.34514
19.71 19.560085
2.336 -17.041807
-26.59 -29.88679
8.86 0.399866000000045
8.551 44.69557
15.91 32.115585
-28.04 31.9219285
10.12 13.5661385
21.42 52.484925
16.77 12.8322085
8.304 -28.0600655
13.98 19.286635
29.63 46.893109
14.14 1.90587499999995
-4.595 -4.85118999999998
27.35 42.32319
28.5 -14.5477525
-29.27 -39.675065
-14.67 -71.753219
10.24 11.2100765
-2.23 -13.455505
7.719 -9.17978000000005
1.145 3.14471
-0.08586 0.192564999999954
17.53 38.69007
-25.18 -51.103163
3.613 141.706259
21.24 28.2421865
-17.92 -60.6082225
-5.896 31.52218125
21.11 78.94825
12.08 27.18922
2.855 38.52152
4.363 1.95752150000005
-25.64 -21.4251
-7.513 29.855595
-2.78 -30.71819
-25.88 -7.37701000000002
28.04 26.1576675
3.695 59.121755
23.18 61.61631505
14.02 13.728141
1.857 0.436600499999954
10.87 53.165265
-13 -49.500038
6.136 8.9676485
14.03 3.221855
-14.43 -23.441385
-17.62 -54.8916299999999
-3.54 3.90231199999995
-10.66 -15.72146865
-6.452 -56.878825
4.774 -12.2702745
27.77 65.447015
-7.178 28.448375
-26.99 -15.706245
28.45 23.589095
17.89 18.63569
27.26 -1.17008099999998
21.69 -72.98135
17.8 17.86834
-13.89 7.44580009999998
8.889 -33.01641
-5.677 -3.4460565
-3.176 15.357605
3.043 -4.34040499999998
-11.1 -10.648703
12.01 22.4670355
-13.25 -11.60144
12.17 14.639755
-1.55 5.30738500000005
-29.44 -35.93755
-11.78 -31.84688
-16.93 -27.40116
-28.77 -37.488758
24.63 -4.27197824999998
1.957 7.48277500000005
16.49 41.06556
1.002 23.3564865
-27.37 -40.544738
-0.6809 -34.375383
22.3 -13.9719355
-27.84 -43.841467
-6.475 15.97287805
-24.37 54.85049
-15.78 15.192305
-17.87 -63.382304
17.92 7.61489999999996
11.06 60.325405
3.846 -2.025605
24.12 36.490615
29.33 34.644625
-9.694 -33.53885
14.56 67.9191
9.816 18.714117
12.84 12.94024
27.39 47.364925
13.42 15.08592
-20.4 -25.206652
13.09 -13.811475
20.76 8.85013500000004
-1.412 -14.582022
17.3 -22.56895
-24.47 -16.746065
-25.16 -63.09218
14.15 73.68733
-21.78 -16.581155
-3.251 -43.76451
-15.2 -30.1474075
14.53 44.674145
-16.78 -5.172315
-0.8989 53.05298
14.52 37.00854
-6.463 7.9978945
23.16 21.247466
14.68 -14.736885
11.67 5.45741500000002
-4.667 -35.11503
-8.349 30.07552
-8.075 7.47445049999998
7.356 1.38380599999998
-2.091 41.4611
-20.48 -36.4832605
-14.46 -57.33502
6.83 -30.442414
14.18 48.5936659999999
13.57 31.156355
-22.45 4.26669849999995
-15.59 -43.16277
19.8 25.7806895
19.6 19.060768
28.02 16.53927
9.961 -11.97611
-8.31 -45.477085
17.53 27.272715
18.37 -3.29994499999998
5.438 46.537055
11.56 -6.58791000000005
24.28 19.5440295
-16.03 -23.947235
-19.7 -47.085205
-2.206 4.44693400000005
3.161 -7.90687499999998
-1.863 32.65736
24.41 30.625193
-0.08457 29.08617
-13.49 -8.81129500000002
13.1 -29.85835
6.84 24.782085
21.27 13.07905
-12.03 -30.64534
6.631 -0.246569999999955
10.32 12.7317375
24.88 37.865335
-11 -18.867975
-25.18 -30.9127285
-4.516 -18.10499
-17.26 22.34568
-12.77 -28.7439725
27.43 18.04008
3.233 -6.63598185
0.666 33.145715
28.13 12.807705
25.83 53.901865
-27.56 -57.302335
1.645 -25.5967695
4.892 -17.96588
20.02 18.97376575
-2.551 -1.62940999999995
-21.84 -118.10053
26.08 32.194695
-4.183 0.694145
0.4931 21.0900945
12.92 -8.18163249999998
18.92 -19.9568025
-18.75 -31.69102
-2.059 60.48489
29.22 30.116325
26.42 -66.701365
-23.83 0.323240000000022
14.13 2.51818950000005
-19.57 -72.0618
-24.53 24.515
-18.8 -18.0004
-15.76 -28.2854
-16.51 -34.6371600000001
11.73 28.42555
-17.91 12.505253
22.11 0.931559999999977
4.41 -1.01354999999996
8.931 12.682585
-26.66 -66.287045
29.91 33.1418665
-10.54 -9.8410084
4.161 -9.36238499999998
-10.83 -19.8935
-8.536 -10.623955
23.15 24.0594309
-4.136 -3.85771999999998
-15.36 9.63961949999995
-21.33 -29.476722
-3.762 8.22160549999995
-16.32 -28.195664
15.92 -16.523075
-26.25 26.970641
-29.38 -43.8666415
21.27 -8.55517500000002
-5.717 -21.986545
-19.83 -43.34142
-21.43 30.80692
28.18 32.702805
4.684 -8.48933799999995
8.933 15.93736
26.74 6.13634474999995
21.95 -6.55326800000002
-9.936 -2.64999300000005
2.747 6.95586340000002
19.33 9.81706000000002
-9.936 -10.69416
-15.17 -17.472716
-24.68 77.3180049999999
-4.687 27.0019365
14.92 47.344295
5.994 20.1991915
4.966 -2.26273500000002
-27.72 48.483965
-16.78 -47.233715
20.57 -8.19139000000002
25.68 44.5120679999999
-14.72 -60.518546
26.99 46.5150399999999
29.29 18.822515
-22.77 -56.419494
-8.862 22.64765
14.81 25.98185
-10.95 -8.77176550000005
18.49 50.755982
10.37 29.73102
11.65 8.91674950000002
29.59 36.17446
23.94 -27.7211085
-10.17 0.859345499999977
28.66 26.3771235
-5.592 -5.18004500000002
-2.796 38.86095
25.59 -26.38389
4.681 -13.87059025
-0.317 -21.6217105
-10.64 5.05207599999998
27.68 6.51889000000005
27.18 64.46766
18.75 20.8534084
-4.245 -37.230195
-24.78 -51.4444345
21.58 31.273572
-29.27 4.56198000000002
-5.614 -4.59268949999996
-7.691 15.65667
-10.57 -22.684928
12.09 -17.7170195
10.03 26.2430815
-23.92 -56.1160199999999
16.8 10.0341335
-18.05 -40.283872
-16.94 -18.96917
12.68 3.73142499999998
10.4 7.53372749999995
-3.017 -32.575505
-25.39 -49.617436
-7.99 23.541202
7.223 -10.388513
10.74 38.0598905
15.72 -10.3828159
-10.42 -38.971315
10.15 -33.509055
-0.02641 8.18479106000002
-6.097 -20.3172335
23.02 64.88849
-15.22 -19.2174925
-17.47 -73.165855
3.207 41.114097
2.881 12.05586
-12.47 -5.77778499999996
17.76 13.8346465
4.247 -6.04575349999995
18.1 -30.972158
-2.427 16.393721
-25.56 -29.012869
6.851 3.690775
-25.75 -14.937815
-28.28 -34.5959825
4.116 -24.6512655
-18.92 -14.65937
-9.689 -15.767075
11.65 10.80027155
-22.65 69.432565
-11.13 2.93086649999995
-4.307 18.506805
-17.43 -8.61336499999998
-9.361 -42.639034
12.3 -5.52284500000005
10.94 18.155213
16.44 16.5595205
24 35.05625
2.764 1.70920499999995
-27.8 -42.23487
-0.7387 -28.985758
1.852 -20.1854
-27.56 -20.16173
6.027 7.66576500000005
12.85 35.8532
18.41 20.841278
25.15 -61.167155
15.13 -5.53824000000002
-26.69 -29.5936785
-14.68 4.08893499999995
28.9 -38.3903185
0.6327 30.747285
-1.657 -33.69797
-6.343 -6.50346999999998
22.92 23.37619
6.715 19.5186102
-17.29 7.11864299999995
17.73 26.04113
10.54 -20.294296
27.87 68.209725
21.73 -12.605904
14.47 -1.87768999999995
12.48 -2.72418499999995
12.45 11.344174
19.01 -71.0937615
17.25 7.33215700000004
4.145 0.849567
-18.21 15.91126
23.91 44.585228
-22.66 -17.552765
5.578 -25.484177
24.45 22.022321
-19.59 -8.74690500000002
-7.917 -18.709645
22.74 43.7106195
25.52 11.125075
2.898 22.36608585
9.8 -0.442790000000045
25.16 40.0067
28.93 27.7258955
-17.72 5.90853499999998
-10.18 4.69434349999995
-3.038 -33.58913
23.54 -3.040275
-7.86 -14.020035
23.91 55.17151
9.567 15.899832
29.08 24.750145
-0.6152 -5.69676
7.819 36.0369265
22.61 12.71666165
4.882 15.230138
2.47 -5.48163500000002
-28.85 -24.616192
-14.53 -30.07144
-21.75 -33.223595
-4.108 -12.081785
4.151 21.793595
-29.75 -54.584465
-22.16 39.0887549999999
16.94 -45.446251
-29.34 2.27659900000002
29.06 -11.191185
12.59 -12.024395
5.912 15.09404
14.44 29.219014
-28 -38.1821
-5.165 17.5445545
8.63 37.0664045
-24.07 -39.977566
22.91 -11.23374
4.95 10.91848412
-22.69 -7.46759999999998
26.74 13.467456
-1.967 -106.877205
2.103 -36.398915
2.166 0.144707500000023
25.69 34.380245
-29.7 -44.02337
9.264 59.5736455
-23.03 -68.7056
14.38 -2.51067734999998
16.83 31.8756449999999
-10.79 23.997925
-26.74 -42.033555
-1.008 14.005545
8.544 2.34166999999998
-8.743 -45.02066
13.67 2.16340999999998
19.8 55.799775
-18.27 -41.254625
9.84 27.2970545
-15.93 -8.55757
-26.53 -42.58402
15.95 75.44428
-11.95 -8.36616000000005
-13.68 -45.71404
-25.07 -40.97781
-24.64 -42.948264
-10.51 -0.766070000000047
2.944 8.74922499999998
23.34 12.81503
-15.49 -47.111105
-20.29 2.38677000000005
-25.92 76.01361585
-7.564 16.598077
29.62 36.1387
13.27 40.52846
5.264 -11.00475
21.68 16.464005
29.4 65.514243
26.34 66.4724950000001
14.9 23.300735
-26.07 12.09055
0.4455 6.79838949999995
-6.113 -19.68316
-23.84 -2.09732499999996
-20.92 -50.9832175
-9.238 8.33757800000002
16.6 -22.742468
-0.3493 -12.268715
-26.96 -42.079576
-23.12 -69.39278
-23.8 -51.054585
-14 -23.682615
19.06 46.081031
-3.523 49.71366
29.97 6.86201499999998
-18.98 2.63085000000002
-19.92 45.638195
29.97 33.571653
-11.91 -10.131612
19.37 42.7536208
15.64 23.290725
-18.68 -66.031045
12.2 -31.201066
-7.056 -36.6607885
-5.98 4.88019999999998
22.1 20.721915
-6.986 -54.8164535
-4.227 -3.678055
29.33 -2.62837500000002
-12.79 -17.94334
-28.79 -25.44508
4.009 -38.720169
-25.97 -49.140249
0.7241 -34.08448
-2.532 12.70078
21.14 -25.356025
18.3 23.91615
-23.25 -56.615653
-25.23 -8.82823499999995
-0.4803 72.85239785
18.93 51.942625
25.46 21.51976
-9.822 6.77620650000002
28.74 23.0110315
-29.82 -16.8939
-14.91 -6.67180850000002
-26.11 9.43105034999996
6.549 -0.80669
12.28 23.17447
-16.46 -8.73235000000005
-25.05 29.42205
-11.19 -40.11691
1.31 10.9552479
11.9 -11.4501795
9.102 47.556115
-23.45 -18.91613
16.56 2.81412500000002
-1.667 -10.837606
10.31 -3.10015049999998
-13.19 -35.546765
-5.312 56.410804
2.217 -10.17049
29.57 57.306395
-6.17 -38.524245
6.219 -0.142775
27.2 21.14435
21.03 59.612901
-11.74 17.9925666
-3.614 27.616865
2.908 -1.99793499999998
21.65 -55.784357
16.09 19.300115
-14.36 -14.6214
8.254 -13.944695
9.871 -6.91946499999998
7.517 60.82881
-26.42 14.876865
4.57 -13.20764
4.363 -9.51340000000002
29.62 11.5990285
4.916 30.480578
22.3 57.161344
1.426 17.7928255
-1.653 -12.271162
-11.19 16.50855
4.884 -25.554701
-17.38 -13.083032
17.47 304.4450784
22.36 15.14604
-11.99 -22.07908
10.68 3.79554000000002
22.18 0.3636545
1.297 13.18851
3.939 37.88109
-18.06 -3.97174499999995
28.88 1.31752
6.825 16.87464042
-8.184 -0.118310000000046
3.026 6.94402499999998
11.2 36.8931186
-4.982 -67.3793945
-14.75 0.8696
-20.57 -35.3539600000001
7.458 32.9347
26.27 53.90941
23.74 31.855881
6.419 12.424045
24.51 41.098388
-7.961 -5.54190499999998
12.28 5.23841999999998
-20.82 -8.96407999999998
-23.95 -19.07358
-17.02 -20.10151
20.97 45.477834
-29.29 -26.7108125
-4.848 21.9039915
-18.14 112.6746455
-19.88 -27.12963
-23.55 -49.648515
24.76 2.8590965
-2.809 -37.712235
-13.88 -12.502911
9.519 9.00075100000005
16.75 21.36446
15.83 24.154055
19.79 70.665055
-19.27 -4.89086400000002
-9.642 -28.247625
26.49 61.9631415
-15.39 -40.230265
-6.131 15.1524915
-12.66 -25.745312
-5.94 25.53287
-25.09 -10.5453575
-14.01 -3.876055
25.55 53.1786215
12.95 34.6634145
-15.78 -35.99221
-10.32 -46.676496
-5.288 14.24209
-8.35 -42.061225
-17.36 59.75698
0.5539 13.91592
-2.584 -50.3333905
-4.822 4.87221000000002
-6.466 -45.413128
11.9 -27.56781
-24.87 -8.50993500000002
19.34 -27.5271415
17.91 19.000241
-4.1 14.923375
-12.71 -46.87263
11.99 30.72511
-6.777 -6.750485
-11.03 -5.74834000000002
-25.95 -45.625568
8.774 22.23081
-27.34 -21.3208505
-0.4615 44.4145735
-3.302 37.927484
-22.45 58.5952655
-19.37 -1.92679000000005
20.6 0.866625000000023
22.97 38.399309
-11.11 -29.240495
20.03 34.878615
-5.682 -3.01675000000005
-16.81 0.958540000000022
-23.32 -64.33135
-14.46 -2.81397499999998
4.339 -25.789105
-25.24 -17.71923
20.23 -1.13920000000005
2.951 2.08812950000002
-13.48 62.72446
6.608 43.600735
25.47 5.70741999999998
-8.219 -67.198445
29.26 73.434914
-20.38 -28.67313
24.26 13.65917
28.6 15.856
17.92 -47.33613
0.04559 -49.905125
8.493 12.3230325
10.97 35.3754934999999
-23.02 7.50815999999995
3.003 62.832905
-1.002 27.86104
16.43 35.016252
9.489 24.05419
-12.41 -20.826093
4.914 36.251346
-5.564 -50.825316
24.04 32.78556
8.121 -56.622695
25.54 -21.05635
-24.89 25.60827215
-10.16 -41.094835
5.577 5.08515
1.441 -10.3473035
28.71 22.1164705
25.22 -47.23383
24.47 43.9558525
-17.48 -3.734105
-10.91 -24.234705
3.72 6.82711999999995
9.257 22.9352045
0.6492 4.76268149999998
-6.911 -40.897735
-7.774 -49.41875
6.607 60.310881
-8.706 -2.91942850000002
28.1 71.1844400000001
-23 -35.902231
6.393 21.6901521
-2.844 -20.13361
-3.525 -56.211887
-9.293 11.078235
28.3 52.23753
9.67 19.401045
2.453 -1.07959649999995
14.12 -4.21536500000002
18.86 21.689086
-14.31 -34.5571605
23.69 45.290821
-23.88 -53.11228
15.76 64.572685
-3.898 -17.40182
-11.54 -11.63635
13.6 22.716039
23.35 17.9025705
-13.79 -30.373155
-29.01 -22.50448
13.96 -18.5105925
-22.77 -33.556383
2.657 -10.7179015
24.63 32.896395885
13.68 6.514275
-12.55 -4.56171
-11.59 -164.14244
-12.81 -44.872679
17.21 26.3974715
-2.527 -8.82964880000005
15.64 16.46923
28.41 33.61588
13.35 -4.42440849999998
19.6 -5.77509999999998
24.03 20.435064
28.51 0.470404499999955
3.919 -34.580525
-1.054 -20.2728745
-18.43 5.09139000000004
-8.929 -43.452625
6.191 -15.700660044
-13.66 -5.10757299999995
-22.69 -20.092261
14.22 7.73488999999998
20.7 69.9951375
-16.77 -6.47981249999998
-14.05 -27.2046
15.01 -29.345347
-19.5 -4.20375999999995
-2.422 -40.343595
-24.5 3.24528000000002
9.317 10.5225996
-25.77 -43.49983
20.68 -3.98558999999995
24.27 7.71550000000002
-3.338 1.21071050000002
22.75 46.94559
-25.51 -45.229915
4.253 -3.55480999999995
7.108 42.14425
3.172 4.55341000000005
-10.16 -12.2602445
0.5574 -43.6294955
-14.76 -33.356445
-15.36 -30.0921558
25.51 -11.575181
18.29 5.21384
-9.492 -14.405403
-5.624 -12.755855
-26.78 4.42423500000002
3.258 18.55075
-28.8 -9.95887000000005
12.82 1.134125
-2.534 18.94415
-4.908 13.035175
13.16 -33.759738
-23.74 -5.431605
-18.63 -11.252565
-5.228 3.16377999999995
1.429 19.109855
-7.287 -34.38758
-25.3 -0.27627
15.52 25.89653
6.457 7.94909999999998
25.35 -19.62998
0.05416 70.387483
2.249 3.21836060000005
27.14 35.145105
-7.893 -41.878591
24.78 36.1302949999999
-10.24 20.945516
-5.914 -5.86933999999995
21.13 -13.415165
-21.6 -42.1056203
-6.054 -4.522065
3.141 34.843835
21.38 46.28594
2.665 -13.254048
19.75 29.061905
17.01 21.4329085
-17.24 -28.63652854
28.98 -6.26635000000005
-9.798 -12.511854
-13.05 -11.493085
-6.964 -9.59385
9.814 -49.584926
0.1182 11.6271015
25.62 52.079136
-15.16 0.0809199999999777
-22.25 -14.014379
-9.963 -33.5649706
4.478 31.845445
-14.44 -28.855255
-2.197 -8.75492499999998
-2.507 35.579535
-22.32 -63.59374755
-21.46 -32.964331
20.47 39.859035
-2.081 21.07707
-23.86 -28.67283
-5.608 -14.87569
20.01 29.29025
-11.1 -50.1487515
-2.757 3.99815050000005
25.94 36.07444
-29.37 -25.009455
28.68 -39.2789945
2.911 11.31415
-3.566 1.85770999999998
23.59 24.484775
23.57 12.9043
28.16 5.721325
29.6 56.088912
9.186 -43.89822
1.169 -30.53979
27.48 12.6634
16.42 5.53263500000004
24.26 27.190824
-0.2357 15.16557
-19.26 -26.205605
24.85 -11.58508
-18.81 -25.1640369
27.21 43.630182
16.96 12.439035
-15.77 -47.911555
-7.112 -30.755974
-5.093 21.3868955
23.83 4.68351500000004
-19.45 -48.97727185
12.49 14.69898
14.15 11.28917
13.73 7.0371835
21.01 12.0962935
-15.4 -45.78254
-20.29 -8.46875000000002
-19.46 -22.5839015
-13.09 -27.39429
-20.83 7.2631315
-24.56 -18.0314135
-20.79 -31.0130895
2.181 3.03032929999998
-22.28 9.16788499999995
16.43 16.5266
-15.76 -23.26373
-23.46 2.63045800000002
24.92 50.881405
-14.92 -12.865715
14.64 35.21119
-2.113 -24.063115
-4.547 0.805979999999954
-11.15 -61.75669
1.722 51.44781
-23.75 -25.325075
-21.5 -28.97983
17.53 3.77860900000002
3.704 52.52389
16.17 44.8411165
-20.02 -10.493835
26.8 33.720485
8.955 -12.151184
-7.013 28.59964
10.79 9.814295
-6.213 -10.144915
-10.31 -24.908065
-23.1 34.335755
22.14 40.67637105
-21.46 6.07678999999995
2.146 31.85536
-15.35 14.186875
-25.52 -43.817768
11.49 4.27752550000005
-21.51 -29.353475
2.324 -3.25715499999995
-17.77 -35.32076
7.754 -19.211875
22.34 8.99616500000005
-3.123 5.76443299999996
6.332 -13.760357
15.64 2.70359249999998
-15.65 -21.93879
-19.41 -51.177206
-6.957 -36.632875
13 34.0283
-25.92 -19.250315
-26.6 -29.094845
-19.75 23.18593
22.56 -10.9758611
4.922 45.61046
-2.09 -12.992855
13.2 8.22947
13.38 -20.04878
4.894 -45.6954
5.607 68.7744435
-22.13 76.789936
-17.53 -35.6848705
0.2749 -2.22223000000002
-1.506 47.083083
3.412 46.52408435
12.84 11.972967
16.73 -24.8226405
-19.68 6.88497500000004
-14.54 -59.7467505
26.55 30.6420545
9.134 16.3952
27.72 16.18848
-5.046 -41.94134
-9.111 -28.28485
5.69 -38.183945
-22.62 9.33048499999998
-6.098 4.73970999999998
1.035 44.741826
6.915 -10.1859455
-15.85 7.42883500000002
27.22 -22.5532165
0.6968 31.24319
-22.73 -61.3082295
-23.72 -63.82816
-16.12 26.91352
-3.705 -8.191735
-15.11 -51.01067
12.38 -23.368061
-13.26 12.18455
-25.51 2.94841
9.709 -7.945399
-9.128 -1.52865
-7.477 11.62313
-12.42 120.336176
13.26 4.40785999999996
7.557 10.395725
4.716 6.23986500000004
27.04 57.4347555
-0.9539 5.18599000000002
0.5123 -11.830565
-8.033 -32.395615
9.845 20.252785
25.94 -17.619303
16.13 0.54115
-25.08 -12.81251
26.52 -15.20811
10.39 20.169124
-12.47 -17.56361
-3.588 -31.401308
-21.56 -15.209813
-1.054 -56.95018
-22.06 -13.129607
-9.661 -19.698285
-22.41 -11.03544
24.34 -12.86283
7.987 27.94775225
-24.36 -49.5415115
14.82 2.82828
-10.44 -24.2763406
